0,1,2,3,4,5,6,7,8,9,10,11,12,13,14,15,16,17,18,19,20,21,22,23,24,25,26,27,28,29,30,31,32,33,34,35,36,37,38,39,40,41,42,43,44,45,46,47,48,49,50,51,52,53,54,55,56,57,58,59,60,61,62,63,64,65,66,67,68,69,70,71,72,73,74,75,76,77,78,79,80,81,82,83,84,85,86,87,88,89,90,91,92,93,94,95,96,97,98,99,100,101,102,103
-17.0,0.0,-17.0,0.0,-17.0,0.0,-17.0,0.0,-17.0,1.0,-17.0,1.0,-17.0,1.0,-17.0,1.0,-17.0,1.0,-17.0,2.0,-17.0,2.0,-17.0,2.0,-17.0,2.0,-17.0,3.0,-16.0,3.0,-16.0,3.0,-16.0,3.0,-16.0,3.0,-16.0,4.0,-17.0,4.0,-17.0,5.0,-17.0,5.0,-17.0,5.0,-17.0,6.0,-17.0,6.0,-18.0,6.0,-17.0,6.0,-17.0,6.0,-18.0,7.0,-18.0,7.0,-18.0,7.0,-18.0,8.0,-19.0,8.0,-19.0,8.0,-19.0,8.0,-19.0,9.0,-19.0,9.0,-20.0,9.0,-20.0,9.0,-21.0,9.0,-21.0,8.0,-21.0,9.0,-21.0,9.0,-22.0,9.0,-22.0,9.0,-23.0,9.0,-23.0,8.0,-23.0,8.0,-24.0,8.0,-24.0,7.0,-25.0,7.0,-26.0,7.0
-15.0,-9.0,-15.0,-9.0,-15.0,-9.0,-15.0,-9.0,-15.0,-9.0,-15.0,-9.0,-15.0,-8.0,-15.0,-8.0,-15.0,-8.0,-15.0,-7.0,-15.0,-7.0,-16.0,-7.0,-16.0,-7.0,-16.0,-7.0,-16.0,-7.0,-15.0,-7.0,-15.0,-7.0,-15.0,-6.0,-16.0,-6.0,-16.0,-6.0,-16.0,-6.0,-16.0,-6.0,-17.0,-5.0,-17.0,-5.0,-18.0,-4.0,-19.0,-4.0,-18.0,-5.0,-18.0,-5.0,-18.0,-5.0,-19.0,-5.0,-19.0,-4.0,-20.0,-4.0,-20.0,-4.0,-20.0,-5.0,-20.0,-5.0,-20.0,-4.0,-21.0,-4.0,-21.0,-4.0,-22.0,-5.0,-22.0,-5.0,-22.0,-6.0,-22.0,-6.0,-22.0,-6.0,-23.0,-6.0,-23.0,-7.0,-23.0,-7.0,-24.0,-7.0,-24.0,-8.0,-24.0,-8.0,-24.0,-9.0,-24.0,-10.0,-25.0,-11.0
8.0,-19.0,8.0,-19.0,8.0,-20.0,7.0,-20.0,7.0,-19.0,7.0,-20.0,7.0,-20.0,6.0,-19.0,6.0,-19.0,6.0,-19.0,5.0,-20.0,5.0,-20.0,5.0,-20.0,5.0,-20.0,5.0,-20.0,4.0,-20.0,4.0,-20.0,4.0,-20.0,3.0,-20.0,3.0,-21.0,3.0,-21.0,2.0,-21.0,2.0,-22.0,2.0,-22.0,2.0,-23.0,1.0,-24.0,1.0,-24.0,1.0,-23.0,1.0,-24.0,0.0,-24.0,0.0,-24.0,0.0,-25.0,0.0,-25.0,0.0,-26.0,0.0,-26.0,0.0,-26.0,0.0,-27.0,0.0,-28.0,0.0,-28.0,0.0,-28.0,1.0,-28.0,1.0,-29.0,1.0,-29.0,1.0,-30.0,2.0,-30.0,2.0,-30.0,3.0,-31.0,3.0,-31.0,4.0,-31.0,5.0,-32.0,6.0,-32.0,7.0,-33.0
-3.0,-21.0,-3.0,-21.0,-4.0,-21.0,-4.0,-21.0,-4.0,-21.0,-4.0,-20.0,-4.0,-20.0,-5.0,-20.0,-5.0,-20.0,-5.0,-20.0,-5.0,-20.0,-5.0,-20.0,-6.0,-20.0,-6.0,-20.0,-6.0,-20.0,-7.0,-20.0,-7.0,-19.0,-7.0,-19.0,-7.0,-19.0,-8.0,-19.0,-8.0,-19.0,-9.0,-19.0,-9.0,-20.0,-10.0,-20.0,-10.0,-21.0,-11.0,-21.0,-11.0,-21.0,-11.0,-21.0,-11.0,-21.0,-12.0,-21.0,-12.0,-21.0,-13.0,-22.0,-13.0,-22.0,-13.0,-22.0,-13.0,-22.0,-13.0,-23.0,-14.0,-23.0,-14.0,-24.0,-14.0,-24.0,-14.0,-24.0,-14.0,-25.0,-14.0,-25.0,-14.0,-26.0,-14.0,-27.0,-13.0,-28.0,-13.0,-28.0,-13.0,-29.0,-12.0,-29.0,-12.0,-30.0,-11.0,-31.0,-11.0,-31.0,-10.0,-32.0
14.0,-17.0,14.0,-17.0,14.0,-17.0,13.0,-17.0,13.0,-16.0,13.0,-16.0,13.0,-16.0,13.0,-16.0,12.0,-16.0,12.0,-16.0,11.0,-17.0,11.0,-17.0,11.0,-17.0,11.0,-17.0,11.0,-17.0,10.0,-17.0,10.0,-17.0,10.0,-17.0,10.0,-18.0,10.0,-18.0,9.0,-18.0,9.0,-18.0,9.0,-19.0,9.0,-20.0,9.0,-21.0,9.0,-21.0,9.0,-21.0,8.0,-21.0,8.0,-21.0,8.0,-22.0,8.0,-22.0,8.0,-23.0,8.0,-23.0,9.0,-23.0,9.0,-24.0,8.0,-24.0,8.0,-25.0,8.0,-26.0,9.0,-26.0,10.0,-26.0,10.0,-26.0,10.0,-26.0,11.0,-27.0,11.0,-27.0,12.0,-27.0,13.0,-27.0,13.0,-27.0,14.0,-27.0,14.0,-28.0,15.0,-28.0,17.0,-28.0,18.0,-28.0
-19.0,-2.0,-19.0,-2.0,-19.0,-2.0,-19.0,-1.0,-19.0,-1.0,-19.0,-2.0,-19.0,-1.0,-19.0,-1.0,-19.0,-1.0,-19.0,-1.0,-19.0,0.0,-19.0,0.0,-19.0,0.0,-19.0,0.0,-18.0,0.0,-18.0,1.0,-18.0,1.0,-18.0,1.0,-19.0,1.0,-19.0,2.0,-19.0,2.0,-18.0,2.0,-19.0,3.0,-19.0,3.0,-20.0,3.0,-20.0,4.0,-19.0,4.0,-19.0,4.0,-20.0,4.0,-20.0,4.0,-20.0,5.0,-21.0,5.0,-21.0,5.0,-21.0,5.0,-21.0,5.0,-21.0,6.0,-22.0,6.0,-22.0,6.0,-23.0,6.0,-23.0,5.0,-23.0,5.0,-23.0,5.0,-24.0,5.0,-25.0,5.0,-25.0,5.0,-25.0,5.0,-26.0,4.0,-26.0,4.0,-27.0,4.0,-28.0,4.0,-28.0,3.0,-29.0,2.0
-13.0,-12.0,-13.0,-12.0,-13.0,-12.0,-13.0,-12.0,-13.0,-12.0,-13.0,-12.0,-13.0,-12.0,-13.0,-12.0,-13.0,-12.0,-13.0,-11.0,-13.0,-11.0,-13.0,-11.0,-14.0,-11.0,-14.0,-11.0,-13.0,-11.0,-13.0,-11.0,-13.0,-10.0,-13.0,-10.0,-14.0,-10.0,-14.0,-10.0,-14.0,-10.0,-14.0,-10.0,-15.0,-10.0,-16.0,-10.0,-16.0,-9.0,-17.0,-9.0,-16.0,-10.0,-16.0,-9.0,-16.0,-9.0,-17.0,-9.0,-17.0,-9.0,-18.0,-9.0,-18.0,-9.0,-18.0,-9.0,-18.0,-9.0,-18.0,-9.0,-19.0,-9.0,-20.0,-9.0,-19.0,-10.0,-19.0,-10.0,-20.0,-10.0,-20.0,-10.0,-20.0,-11.0,-20.0,-11.0,-21.0,-12.0,-21.0,-12.0,-21.0,-13.0,-21.0,-13.0,-21.0,-13.0,-21.0,-14.0,-21.0,-15.0,-21.0,-16.0
1.0,-17.0,1.0,-17.0,1.0,-17.0,1.0,-18.0,1.0,-18.0,1.0,-18.0,1.0,-18.0,0.0,-17.0,0.0,-17.0,0.0,-17.0,0.0,-17.0,0.0,-17.0,0.0,-18.0,-1.0,-17.0,-1.0,-17.0,-1.0,-17.0,-1.0,-17.0,-1.0,-17.0,-1.0,-17.0,-1.0,-18.0,-1.0,-17.0,-2.0,-17.0,-2.0,-18.0,-3.0,-18.0,-3.0,-19.0,-3.0,-19.0,-2.0,-19.0,-3.0,-19.0,-3.0,-19.0,-3.0,-19.0,-3.0,-19.0,-3.0,-20.0,-3.0,-20.0,-3.0,-20.0,-3.0,-20.0,-4.0,-21.0,-4.0,-21.0,-4.0,-21.0,-3.0,-22.0,-3.0,-22.0,-3.0,-22.0,-3.0,-22.0,-3.0,-22.0,-2.0,-23.0,-2.0,-24.0,-1.0,-24.0,-1.0,-24.0,-1.0,-24.0,-1.0,-24.0,0.0,-25.0,1.0,-25.0,1.0,-26.0
10.0,-14.0,10.0,-14.0,10.0,-14.0,10.0,-14.0,10.0,-14.0,9.0,-14.0,9.0,-14.0,9.0,-14.0,9.0,-14.0,9.0,-14.0,9.0,-14.0,9.0,-15.0,8.0,-14.0,8.0,-14.0,8.0,-14.0,8.0,-14.0,8.0,-14.0,8.0,-14.0,8.0,-15.0,7.0,-15.0,7.0,-15.0,7.0,-15.0,7.0,-16.0,7.0,-16.0,7.0,-17.0,7.0,-18.0,7.0,-17.0,7.0,-17.0,7.0,-17.0,7.0,-17.0,7.0,-18.0,7.0,-18.0,7.0,-19.0,7.0,-19.0,7.0,-19.0,7.0,-19.0,7.0,-20.0,8.0,-20.0,8.0,-20.0,8.0,-20.0,9.0,-20.0,9.0,-20.0,9.0,-21.0,9.0,-21.0,10.0,-21.0,10.0,-21.0,11.0,-21.0,11.0,-21.0,12.0,-21.0,13.0,-21.0,14.0,-21.0,14.0,-21.0
12.0,-11.0,12.0,-11.0,12.0,-11.0,12.0,-12.0,12.0,-12.0,12.0,-12.0,12.0,-12.0,11.0,-11.0,11.0,-11.0,11.0,-12.0,11.0,-12.0,11.0,-12.0,11.0,-12.0,11.0,-12.0,11.0,-13.0,11.0,-13.0,10.0,-12.0,10.0,-12.0,10.0,-13.0,10.0,-13.0,9.0,-13.0,9.0,-13.0,9.0,-14.0,9.0,-15.0,9.0,-15.0,9.0,-16.0,9.0,-15.0,9.0,-15.0,9.0,-15.0,9.0,-16.0,9.0,-16.0,10.0,-17.0,10.0,-17.0,10.0,-17.0,10.0,-17.0,10.0,-17.0,10.0,-18.0,10.0,-18.0,10.0,-18.0,11.0,-18.0,11.0,-18.0,11.0,-18.0,11.0,-19.0,12.0,-19.0,12.0,-19.0,13.0,-19.0,13.0,-19.0,14.0,-19.0,14.0,-19.0,15.0,-19.0,16.0,-19.0,17.0,-19.0
15.0,6.0,15.0,6.0,15.0,6.0,15.0,6.0,15.0,6.0,14.0,6.0,14.0,6.0,14.0,6.0,14.0,6.0,14.0,5.0,15.0,5.0,15.0,5.0,15.0,4.0,15.0,4.0,15.0,4.0,15.0,4.0,15.0,4.0,15.0,4.0,15.0,3.0,15.0,3.0,16.0,3.0,16.0,3.0,16.0,2.0,16.0,2.0,17.0,2.0,17.0,2.0,17.0,2.0,17.0,2.0,17.0,2.0,17.0,2.0,18.0,2.0,18.0,1.0,19.0,1.0,19.0,1.0,19.0,1.0,19.0,1.0,20.0,1.0,20.0,1.0,21.0,1.0,21.0,2.0,21.0,2.0,21.0,2.0,21.0,3.0,22.0,3.0,22.0,3.0,22.0,3.0,23.0,4.0,23.0,4.0,23.0,4.0,23.0,5.0,23.0,6.0,24.0,6.0
10.0,15.0,10.0,15.0,10.0,14.0,10.0,14.0,10.0,14.0,10.0,14.0,9.0,14.0,9.0,14.0,9.0,14.0,10.0,14.0,11.0,13.0,11.0,14.0,11.0,13.0,11.0,13.0,11.0,13.0,11.0,13.0,11.0,12.0,11.0,12.0,11.0,13.0,12.0,13.0,12.0,13.0,12.0,13.0,13.0,12.0,13.0,12.0,14.0,13.0,15.0,13.0,14.0,13.0,14.0,13.0,15.0,13.0,15.0,13.0,15.0,13.0,15.0,13.0,15.0,14.0,16.0,14.0,16.0,14.0,16.0,14.0,17.0,14.0,17.0,14.0,17.0,15.0,17.0,15.0,17.0,16.0,17.0,16.0,17.0,17.0,17.0,17.0,17.0,18.0,17.0,19.0,17.0,19.0,17.0,20.0,17.0,20.0,17.0,21.0,16.0,22.0,16.0,23.0
-19.0,1.0,-19.0,1.0,-19.0,1.0,-19.0,1.0,-19.0,1.0,-19.0,1.0,-19.0,2.0,-19.0,2.0,-18.0,2.0,-18.0,2.0,-18.0,3.0,-18.0,3.0,-18.0,3.0,-18.0,3.0,-18.0,3.0,-18.0,3.0,-18.0,4.0,-17.0,4.0,-18.0,4.0,-18.0,5.0,-18.0,6.0,-18.0,6.0,-18.0,6.0,-18.0,7.0,-19.0,7.0,-19.0,8.0,-19.0,8.0,-19.0,8.0,-18.0,8.0,-18.0,8.0,-19.0,9.0,-19.0,9.0,-19.0,10.0,-20.0,10.0,-20.0,10.0,-20.0,10.0,-20.0,11.0,-20.0,11.0,-21.0,11.0,-21.0,11.0,-21.0,11.0,-21.0,11.0,-22.0,11.0,-22.0,11.0,-23.0,11.0,-24.0,11.0,-24.0,11.0,-24.0,11.0,-25.0,11.0,-26.0,11.0,-27.0,10.0,-28.0,9.0
-5.0,16.0,-5.0,16.0,-5.0,16.0,-5.0,16.0,-5.0,16.0,-5.0,16.0,-5.0,16.0,-4.0,16.0,-4.0,15.0,-4.0,15.0,-4.0,16.0,-4.0,16.0,-4.0,16.0,-3.0,15.0,-3.0,15.0,-3.0,15.0,-3.0,15.0,-3.0,15.0,-3.0,16.0,-2.0,16.0,-2.0,16.0,-2.0,16.0,-2.0,16.0,-1.0,17.0,-1.0,17.0,-1.0,18.0,-1.0,18.0,-1.0,17.0,-1.0,18.0,-1.0,18.0,-1.0,18.0,-1.0,19.0,0.0,19.0,0.0,19.0,0.0,19.0,0.0,20.0,0.0,20.0,0.0,21.0,-1.0,21.0,-1.0,21.0,-1.0,21.0,-1.0,21.0,-1.0,21.0,-2.0,22.0,-2.0,22.0,-2.0,23.0,-2.0,23.0,-3.0,23.0,-3.0,23.0,-4.0,24.0,-5.0,24.0,-6.0,25.0
-7.0,15.0,-7.0,15.0,-7.0,15.0,-7.0,15.0,-7.0,15.0,-7.0,15.0,-7.0,15.0,-6.0,15.0,-6.0,15.0,-6.0,15.0,-6.0,15.0,-6.0,15.0,-5.0,15.0,-5.0,15.0,-5.0,15.0,-5.0,15.0,-5.0,15.0,-5.0,15.0,-5.0,16.0,-4.0,16.0,-4.0,16.0,-4.0,16.0,-4.0,16.0,-3.0,17.0,-3.0,18.0,-3.0,18.0,-3.0,18.0,-3.0,18.0,-3.0,18.0,-3.0,18.0,-3.0,19.0,-3.0,19.0,-3.0,19.0,-3.0,20.0,-3.0,20.0,-3.0,20.0,-3.0,20.0,-3.0,21.0,-3.0,21.0,-4.0,21.0,-4.0,21.0,-4.0,21.0,-4.0,22.0,-5.0,22.0,-5.0,23.0,-5.0,23.0,-5.0,23.0,-6.0,23.0,-6.0,23.0,-7.0,24.0,-8.0,24.0,-8.0,24.0
-1.0,18.0,-1.0,18.0,0.0,18.0,0.0,18.0,0.0,18.0,0.0,18.0,0.0,18.0,0.0,18.0,0.0,18.0,1.0,17.0,1.0,18.0,1.0,18.0,2.0,17.0,2.0,17.0,2.0,18.0,2.0,18.0,2.0,17.0,2.0,17.0,2.0,17.0,3.0,18.0,3.0,18.0,3.0,18.0,4.0,18.0,5.0,18.0,5.0,19.0,6.0,19.0,5.0,19.0,5.0,19.0,5.0,20.0,5.0,20.0,6.0,20.0,6.0,20.0,6.0,21.0,6.0,21.0,6.0,21.0,7.0,21.0,7.0,21.0,7.0,22.0,7.0,22.0,6.0,23.0,6.0,23.0,6.0,23.0,6.0,24.0,6.0,24.0,5.0,24.0,5.0,25.0,5.0,25.0,5.0,25.0,4.0,26.0,4.0,26.0,3.0,27.0,2.0,28.0
-17.0,0.0,-17.0,0.0,-17.0,0.0,-17.0,0.0,-17.0,0.0,-17.0,1.0,-17.0,1.0,-17.0,1.0,-17.0,1.0,-17.0,1.0,-17.0,1.0,-17.0,2.0,-17.0,2.0,-17.0,2.0,-17.0,2.0,-17.0,2.0,-17.0,2.0,-16.0,2.0,-17.0,3.0,-17.0,4.0,-17.0,4.0,-17.0,4.0,-17.0,4.0,-17.0,5.0,-18.0,5.0,-18.0,6.0,-18.0,6.0,-18.0,5.0,-18.0,6.0,-18.0,6.0,-19.0,6.0,-19.0,6.0,-19.0,7.0,-19.0,7.0,-19.0,7.0,-20.0,7.0,-21.0,7.0,-21.0,7.0,-21.0,7.0,-21.0,7.0,-21.0,6.0,-22.0,6.0,-22.0,7.0,-23.0,7.0,-23.0,6.0,-23.0,6.0,-24.0,6.0,-24.0,5.0,-24.0,5.0,-25.0,5.0,-25.0,4.0,-26.0,4.0
-12.0,-14.0,-13.0,-14.0,-13.0,-14.0,-13.0,-14.0,-13.0,-14.0,-13.0,-14.0,-13.0,-14.0,-13.0,-13.0,-13.0,-13.0,-14.0,-13.0,-14.0,-13.0,-14.0,-13.0,-14.0,-12.0,-14.0,-12.0,-15.0,-12.0,-14.0,-12.0,-14.0,-12.0,-14.0,-11.0,-15.0,-11.0,-16.0,-11.0,-16.0,-11.0,-16.0,-11.0,-17.0,-11.0,-17.0,-11.0,-18.0,-11.0,-19.0,-11.0,-18.0,-11.0,-18.0,-11.0,-19.0,-11.0,-19.0,-11.0,-19.0,-11.0,-20.0,-11.0,-20.0,-11.0,-20.0,-11.0,-20.0,-11.0,-21.0,-11.0,-22.0,-12.0,-22.0,-12.0,-22.0,-12.0,-22.0,-12.0,-22.0,-13.0,-22.0,-13.0,-22.0,-13.0,-23.0,-14.0,-23.0,-15.0,-23.0,-15.0,-23.0,-15.0,-23.0,-16.0,-23.0,-16.0,-23.0,-18.0,-23.0,-18.0,-22.0,-19.0
-15.0,-9.0,-15.0,-8.0,-15.0,-8.0,-15.0,-8.0,-15.0,-8.0,-15.0,-8.0,-15.0,-8.0,-15.0,-8.0,-15.0,-7.0,-15.0,-7.0,-15.0,-7.0,-16.0,-6.0,-16.0,-6.0,-16.0,-6.0,-16.0,-6.0,-16.0,-6.0,-16.0,-6.0,-16.0,-6.0,-16.0,-5.0,-17.0,-5.0,-17.0,-5.0,-17.0,-5.0,-17.0,-4.0,-18.0,-4.0,-19.0,-4.0,-19.0,-4.0,-19.0,-4.0,-19.0,-4.0,-19.0,-4.0,-19.0,-3.0,-20.0,-3.0,-20.0,-3.0,-21.0,-3.0,-21.0,-3.0,-21.0,-3.0,-21.0,-3.0,-22.0,-3.0,-22.0,-3.0,-23.0,-4.0,-23.0,-4.0,-22.0,-4.0,-23.0,-4.0,-23.0,-4.0,-24.0,-5.0,-24.0,-5.0,-24.0,-6.0,-25.0,-6.0,-25.0,-7.0,-24.0,-7.0,-25.0,-7.0,-25.0,-8.0,-26.0,-9.0
-14.0,-10.0,-14.0,-10.0,-14.0,-10.0,-14.0,-10.0,-14.0,-10.0,-14.0,-10.0,-14.0,-10.0,-14.0,-10.0,-14.0,-9.0,-14.0,-9.0,-14.0,-9.0,-15.0,-9.0,-15.0,-9.0,-15.0,-8.0,-15.0,-8.0,-15.0,-9.0,-15.0,-8.0,-15.0,-8.0,-15.0,-8.0,-16.0,-8.0,-16.0,-7.0,-16.0,-7.0,-16.0,-7.0,-17.0,-7.0,-18.0,-7.0,-18.0,-7.0,-18.0,-7.0,-18.0,-7.0,-18.0,-7.0,-18.0,-7.0,-19.0,-7.0,-19.0,-7.0,-19.0,-7.0,-19.0,-7.0,-19.0,-8.0,-20.0,-7.0,-21.0,-7.0,-21.0,-8.0,-21.0,-8.0,-21.0,-9.0,-21.0,-9.0,-21.0,-9.0,-21.0,-9.0,-22.0,-10.0,-22.0,-10.0,-22.0,-11.0,-22.0,-11.0,-22.0,-12.0,-22.0,-12.0,-22.0,-13.0,-22.0,-13.0,-23.0,-14.0
-12.0,-15.0,-12.0,-15.0,-12.0,-14.0,-12.0,-14.0,-12.0,-14.0,-12.0,-14.0,-12.0,-14.0,-12.0,-13.0,-12.0,-13.0,-12.0,-13.0,-13.0,-13.0,-13.0,-13.0,-13.0,-13.0,-13.0,-13.0,-13.0,-12.0,-13.0,-12.0,-13.0,-12.0,-14.0,-12.0,-14.0,-12.0,-15.0,-12.0,-15.0,-11.0,-15.0,-11.0,-16.0,-11.0,-16.0,-12.0,-17.0,-12.0,-18.0,-12.0,-17.0,-12.0,-17.0,-12.0,-17.0,-12.0,-18.0,-12.0,-18.0,-12.0,-19.0,-12.0,-19.0,-12.0,-19.0,-12.0,-19.0,-12.0,-20.0,-12.0,-20.0,-13.0,-21.0,-13.0,-21.0,-13.0,-20.0,-14.0,-20.0,-14.0,-20.0,-14.0,-21.0,-14.0,-21.0,-15.0,-21.0,-16.0,-21.0,-16.0,-21.0,-17.0,-21.0,-17.0,-21.0,-17.0,-21.0,-18.0,-21.0,-19.0,-21.0,-20.0
-11.0,-15.0,-11.0,-15.0,-11.0,-15.0,-11.0,-15.0,-11.0,-15.0,-11.0,-15.0,-11.0,-14.0,-11.0,-14.0,-11.0,-14.0,-11.0,-14.0,-12.0,-14.0,-12.0,-14.0,-12.0,-14.0,-13.0,-14.0,-13.0,-13.0,-13.0,-13.0,-13.0,-13.0,-13.0,-13.0,-14.0,-13.0,-14.0,-12.0,-15.0,-12.0,-15.0,-12.0,-15.0,-12.0,-15.0,-12.0,-16.0,-13.0,-17.0,-13.0,-16.0,-13.0,-17.0,-13.0,-17.0,-12.0,-17.0,-12.0,-18.0,-13.0,-18.0,-13.0,-18.0,-13.0,-19.0,-13.0,-19.0,-13.0,-19.0,-13.0,-20.0,-13.0,-20.0,-14.0,-20.0,-14.0,-20.0,-15.0,-20.0,-15.0,-20.0,-15.0,-20.0,-15.0,-21.0,-16.0,-21.0,-16.0,-21.0,-17.0,-21.0,-17.0,-21.0,-18.0,-21.0,-19.0,-20.0,-20.0,-20.0,-21.0,-20.0,-21.0
-3.0,-16.0,-3.0,-16.0,-3.0,-16.0,-3.0,-16.0,-4.0,-16.0,-4.0,-16.0,-4.0,-16.0,-4.0,-16.0,-4.0,-15.0,-5.0,-15.0,-5.0,-16.0,-6.0,-16.0,-6.0,-16.0,-6.0,-16.0,-6.0,-16.0,-6.0,-16.0,-6.0,-15.0,-6.0,-15.0,-7.0,-15.0,-7.0,-15.0,-8.0,-15.0,-8.0,-15.0,-8.0,-15.0,-9.0,-16.0,-10.0,-16.0,-10.0,-16.0,-10.0,-16.0,-9.0,-16.0,-10.0,-17.0,-10.0,-16.0,-10.0,-17.0,-11.0,-17.0,-11.0,-17.0,-11.0,-17.0,-11.0,-18.0,-12.0,-17.0,-12.0,-18.0,-13.0,-18.0,-13.0,-19.0,-12.0,-19.0,-12.0,-19.0,-12.0,-19.0,-12.0,-20.0,-12.0,-21.0,-12.0,-21.0,-12.0,-21.0,-11.0,-22.0,-11.0,-22.0,-11.0,-22.0,-11.0,-23.0,-11.0,-24.0,-10.0,-25.0
17.0,-1.0,17.0,-1.0,17.0,-1.0,18.0,-2.0,17.0,-2.0,17.0,-2.0,17.0,-2.0,17.0,-2.0,17.0,-2.0,17.0,-3.0,17.0,-3.0,17.0,-4.0,17.0,-4.0,17.0,-4.0,17.0,-4.0,17.0,-5.0,16.0,-5.0,16.0,-5.0,17.0,-5.0,17.0,-6.0,17.0,-6.0,17.0,-6.0,17.0,-7.0,17.0,-8.0,18.0,-8.0,18.0,-9.0,19.0,-8.0,18.0,-8.0,18.0,-9.0,18.0,-9.0,19.0,-9.0,19.0,-10.0,20.0,-10.0,20.0,-10.0,20.0,-10.0,20.0,-11.0,21.0,-11.0,21.0,-11.0,22.0,-11.0,22.0,-11.0,22.0,-11.0,23.0,-10.0,23.0,-10.0,23.0,-10.0,24.0,-10.0,24.0,-10.0,25.0,-10.0,25.0,-10.0,26.0,-10.0,26.0,-9.0,27.0,-8.0,27.0,-7.0
17.0,-1.0,17.0,-1.0,17.0,-1.0,17.0,-2.0,17.0,-2.0,17.0,-1.0,17.0,-1.0,17.0,-1.0,17.0,-2.0,17.0,-2.0,17.0,-3.0,17.0,-3.0,17.0,-3.0,17.0,-4.0,17.0,-4.0,17.0,-4.0,16.0,-4.0,16.0,-4.0,17.0,-4.0,17.0,-5.0,17.0,-5.0,17.0,-5.0,18.0,-6.0,18.0,-6.0,19.0,-7.0,19.0,-7.0,19.0,-7.0,19.0,-7.0,19.0,-7.0,19.0,-8.0,20.0,-8.0,20.0,-8.0,21.0,-8.0,21.0,-8.0,21.0,-8.0,21.0,-9.0,22.0,-9.0,22.0,-9.0,22.0,-9.0,22.0,-8.0,23.0,-8.0,23.0,-8.0,24.0,-8.0,25.0,-8.0,25.0,-7.0,25.0,-7.0,26.0,-7.0,26.0,-6.0,27.0,-6.0,27.0,-5.0,28.0,-5.0,28.0,-4.0
13.0,-10.0,13.0,-10.0,13.0,-10.0,12.0,-10.0,12.0,-11.0,12.0,-11.0,12.0,-11.0,12.0,-11.0,11.0,-11.0,11.0,-11.0,11.0,-12.0,11.0,-12.0,11.0,-12.0,11.0,-12.0,10.0,-12.0,10.0,-13.0,10.0,-13.0,10.0,-13.0,10.0,-13.0,10.0,-14.0,9.0,-14.0,9.0,-14.0,9.0,-15.0,9.0,-16.0,9.0,-16.0,9.0,-17.0,9.0,-16.0,9.0,-16.0,9.0,-17.0,9.0,-17.0,9.0,-18.0,9.0,-18.0,9.0,-18.0,9.0,-18.0,9.0,-19.0,9.0,-19.0,9.0,-20.0,10.0,-20.0,10.0,-20.0,10.0,-20.0,10.0,-20.0,11.0,-20.0,11.0,-20.0,12.0,-21.0,12.0,-21.0,12.0,-21.0,12.0,-21.0,13.0,-21.0,13.0,-21.0,14.0,-21.0,15.0,-21.0,16.0,-21.0
13.0,8.0,13.0,8.0,13.0,8.0,14.0,8.0,14.0,7.0,14.0,7.0,14.0,7.0,14.0,7.0,14.0,7.0,14.0,7.0,14.0,6.0,14.0,6.0,14.0,6.0,15.0,6.0,15.0,5.0,15.0,5.0,14.0,5.0,14.0,5.0,15.0,5.0,15.0,5.0,15.0,4.0,16.0,4.0,16.0,4.0,17.0,4.0,17.0,4.0,18.0,4.0,18.0,3.0,18.0,3.0,18.0,4.0,18.0,3.0,19.0,3.0,19.0,3.0,19.0,3.0,20.0,3.0,20.0,3.0,20.0,3.0,21.0,3.0,21.0,3.0,21.0,3.0,21.0,4.0,21.0,5.0,21.0,5.0,22.0,5.0,22.0,5.0,23.0,5.0,23.0,6.0,23.0,6.0,23.0,6.0,23.0,7.0,23.0,8.0,23.0,9.0,24.0,9.0
14.0,6.0,15.0,6.0,15.0,6.0,15.0,5.0,15.0,6.0,15.0,6.0,15.0,5.0,15.0,5.0,14.0,5.0,15.0,5.0,15.0,4.0,15.0,4.0,15.0,4.0,15.0,4.0,15.0,4.0,15.0,4.0,15.0,4.0,15.0,3.0,15.0,3.0,16.0,3.0,16.0,3.0,16.0,3.0,16.0,2.0,17.0,2.0,18.0,2.0,18.0,2.0,18.0,2.0,18.0,2.0,18.0,2.0,18.0,2.0,19.0,2.0,19.0,2.0,19.0,2.0,20.0,2.0,20.0,2.0,20.0,2.0,21.0,1.0,21.0,2.0,22.0,2.0,22.0,3.0,22.0,3.0,22.0,4.0,22.0,4.0,22.0,4.0,23.0,4.0,23.0,5.0,23.0,5.0,23.0,6.0,23.0,6.0,23.0,7.0,24.0,8.0,24.0,8.0
-6.0,-16.0,-5.0,-16.0,-6.0,-16.0,-6.0,-16.0,-6.0,-16.0,-6.0,-16.0,-6.0,-16.0,-7.0,-15.0,-7.0,-15.0,-7.0,-15.0,-7.0,-15.0,-7.0,-15.0,-8.0,-15.0,-8.0,-15.0,-8.0,-15.0,-8.0,-15.0,-8.0,-15.0,-8.0,-15.0,-9.0,-15.0,-9.0,-15.0,-9.0,-15.0,-10.0,-15.0,-10.0,-15.0,-11.0,-15.0,-11.0,-15.0,-12.0,-16.0,-12.0,-16.0,-12.0,-16.0,-12.0,-16.0,-12.0,-16.0,-12.0,-16.0,-13.0,-16.0,-13.0,-16.0,-13.0,-16.0,-13.0,-16.0,-14.0,-17.0,-14.0,-17.0,-14.0,-18.0,-14.0,-18.0,-14.0,-18.0,-14.0,-18.0,-14.0,-19.0,-14.0,-19.0,-14.0,-19.0,-14.0,-20.0,-14.0,-20.0,-14.0,-21.0,-13.0,-21.0,-13.0,-21.0,-13.0,-22.0,-12.0,-23.0,-12.0,-24.0
-15.0,6.0,-15.0,7.0,-15.0,7.0,-15.0,7.0,-15.0,7.0,-15.0,7.0,-15.0,7.0,-15.0,7.0,-15.0,7.0,-14.0,8.0,-14.0,8.0,-14.0,8.0,-14.0,8.0,-14.0,9.0,-14.0,9.0,-14.0,9.0,-14.0,9.0,-14.0,9.0,-14.0,9.0,-14.0,10.0,-14.0,10.0,-14.0,10.0,-14.0,10.0,-14.0,11.0,-14.0,12.0,-15.0,13.0,-14.0,12.0,-14.0,12.0,-14.0,12.0,-14.0,12.0,-15.0,13.0,-15.0,13.0,-15.0,14.0,-15.0,14.0,-15.0,14.0,-15.0,15.0,-15.0,15.0,-16.0,15.0,-16.0,15.0,-17.0,15.0,-17.0,15.0,-17.0,15.0,-17.0,15.0,-18.0,15.0,-19.0,15.0,-19.0,15.0,-20.0,15.0,-20.0,15.0,-20.0,15.0,-21.0,14.0,-22.0,14.0,-23.0,14.0
-10.0,15.0,-10.0,15.0,-9.0,15.0,-9.0,16.0,-9.0,16.0,-9.0,16.0,-9.0,16.0,-9.0,16.0,-9.0,15.0,-8.0,15.0,-7.0,16.0,-7.0,16.0,-7.0,16.0,-7.0,16.0,-7.0,17.0,-7.0,17.0,-7.0,16.0,-7.0,16.0,-7.0,17.0,-6.0,18.0,-6.0,18.0,-6.0,18.0,-5.0,18.0,-5.0,19.0,-5.0,20.0,-5.0,20.0,-5.0,20.0,-5.0,20.0,-5.0,20.0,-5.0,20.0,-5.0,21.0,-5.0,22.0,-5.0,22.0,-5.0,22.0,-5.0,22.0,-4.0,22.0,-4.0,23.0,-4.0,24.0,-5.0,24.0,-5.0,24.0,-6.0,24.0,-6.0,24.0,-6.0,25.0,-7.0,25.0,-8.0,25.0,-8.0,25.0,-8.0,26.0,-9.0,26.0,-9.0,26.0,-10.0,26.0,-11.0,27.0,-11.0,27.0
16.0,0.0,16.0,0.0,16.0,0.0,16.0,0.0,16.0,0.0,16.0,0.0,16.0,-1.0,16.0,-1.0,15.0,-1.0,15.0,-1.0,16.0,-1.0,16.0,-1.0,16.0,-2.0,16.0,-2.0,16.0,-2.0,16.0,-2.0,16.0,-2.0,15.0,-2.0,16.0,-3.0,16.0,-3.0,16.0,-3.0,16.0,-4.0,16.0,-4.0,17.0,-4.0,18.0,-4.0,18.0,-5.0,18.0,-5.0,18.0,-5.0,18.0,-5.0,18.0,-5.0,18.0,-5.0,19.0,-6.0,19.0,-6.0,19.0,-6.0,19.0,-6.0,20.0,-6.0,20.0,-6.0,21.0,-6.0,21.0,-6.0,21.0,-5.0,22.0,-5.0,22.0,-5.0,22.0,-5.0,23.0,-5.0,23.0,-5.0,23.0,-5.0,24.0,-4.0,24.0,-4.0,24.0,-3.0,25.0,-2.0,26.0,-1.0,26.0,-1.0
-13.0,10.0,-13.0,10.0,-13.0,10.0,-13.0,10.0,-13.0,10.0,-13.0,11.0,-12.0,11.0,-12.0,11.0,-12.0,11.0,-12.0,11.0,-12.0,11.0,-11.0,12.0,-11.0,12.0,-11.0,12.0,-11.0,12.0,-11.0,12.0,-11.0,12.0,-10.0,12.0,-10.0,13.0,-10.0,13.0,-10.0,14.0,-10.0,14.0,-10.0,14.0,-10.0,15.0,-10.0,15.0,-10.0,16.0,-10.0,16.0,-10.0,16.0,-10.0,16.0,-10.0,16.0,-10.0,17.0,-10.0,17.0,-10.0,18.0,-9.0,18.0,-10.0,18.0,-10.0,18.0,-10.0,19.0,-10.0,19.0,-11.0,20.0,-11.0,20.0,-11.0,19.0,-12.0,19.0,-12.0,20.0,-12.0,20.0,-13.0,21.0,-13.0,21.0,-13.0,21.0,-14.0,20.0,-14.0,20.0,-15.0,20.0,-16.0,20.0,-17.0,20.0
-17.0,3.0,-17.0,3.0,-17.0,3.0,-17.0,4.0,-16.0,4.0,-17.0,4.0,-17.0,4.0,-16.0,4.0,-16.0,4.0,-16.0,5.0,-16.0,5.0,-16.0,5.0,-16.0,5.0,-16.0,6.0,-16.0,6.0,-16.0,6.0,-16.0,6.0,-15.0,6.0,-16.0,7.0,-16.0,7.0,-16.0,8.0,-16.0,8.0,-16.0,8.0,-16.0,9.0,-16.0,9.0,-17.0,10.0,-17.0,10.0,-17.0,10.0,-16.0,10.0,-16.0,10.0,-17.0,11.0,-17.0,11.0,-17.0,11.0,-17.0,12.0,-18.0,12.0,-18.0,12.0,-18.0,12.0,-19.0,12.0,-19.0,12.0,-19.0,12.0,-19.0,12.0,-20.0,12.0,-20.0,12.0,-20.0,12.0,-21.0,12.0,-21.0,12.0,-22.0,12.0,-22.0,12.0,-23.0,11.0,-24.0,11.0,-24.0,11.0,-25.0,10.0
-16.0,0.0,-16.0,0.0,-16.0,0.0,-16.0,0.0,-16.0,0.0,-16.0,0.0,-16.0,1.0,-16.0,1.0,-16.0,1.0,-15.0,1.0,-16.0,1.0,-16.0,1.0,-16.0,2.0,-16.0,2.0,-16.0,2.0,-16.0,2.0,-15.0,2.0,-15.0,3.0,-16.0,3.0,-16.0,4.0,-16.0,4.0,-16.0,4.0,-16.0,4.0,-16.0,5.0,-17.0,5.0,-17.0,6.0,-17.0,6.0,-17.0,6.0,-17.0,6.0,-17.0,6.0,-17.0,7.0,-18.0,7.0,-18.0,7.0,-18.0,7.0,-18.0,7.0,-18.0,8.0,-19.0,8.0,-19.0,8.0,-19.0,7.0,-20.0,7.0,-20.0,7.0,-20.0,7.0,-20.0,7.0,-21.0,7.0,-21.0,8.0,-21.0,8.0,-22.0,7.0,-22.0,7.0,-22.0,7.0,-23.0,6.0,-24.0,5.0,-24.0,5.0
-16.0,-7.0,-16.0,-7.0,-16.0,-7.0,-16.0,-7.0,-17.0,-6.0,-17.0,-6.0,-17.0,-6.0,-17.0,-6.0,-16.0,-6.0,-16.0,-5.0,-17.0,-5.0,-17.0,-5.0,-17.0,-5.0,-17.0,-5.0,-17.0,-5.0,-17.0,-5.0,-17.0,-4.0,-17.0,-4.0,-17.0,-4.0,-18.0,-4.0,-18.0,-3.0,-18.0,-3.0,-18.0,-3.0,-19.0,-3.0,-19.0,-3.0,-20.0,-2.0,-20.0,-2.0,-20.0,-2.0,-20.0,-2.0,-20.0,-2.0,-20.0,-2.0,-21.0,-2.0,-21.0,-2.0,-21.0,-2.0,-21.0,-2.0,-22.0,-2.0,-22.0,-2.0,-23.0,-2.0,-23.0,-2.0,-23.0,-2.0,-23.0,-3.0,-23.0,-3.0,-23.0,-3.0,-24.0,-3.0,-24.0,-4.0,-25.0,-4.0,-25.0,-5.0,-24.0,-5.0,-24.0,-5.0,-25.0,-6.0,-25.0,-7.0,-26.0,-8.0
-14.0,-11.0,-14.0,-10.0,-14.0,-10.0,-14.0,-10.0,-14.0,-10.0,-15.0,-10.0,-15.0,-10.0,-15.0,-10.0,-15.0,-9.0,-15.0,-9.0,-15.0,-9.0,-15.0,-9.0,-15.0,-8.0,-15.0,-8.0,-16.0,-8.0,-16.0,-8.0,-15.0,-8.0,-15.0,-8.0,-16.0,-8.0,-16.0,-7.0,-17.0,-7.0,-17.0,-7.0,-17.0,-6.0,-18.0,-6.0,-18.0,-6.0,-19.0,-6.0,-18.0,-6.0,-19.0,-6.0,-19.0,-6.0,-19.0,-6.0,-19.0,-6.0,-20.0,-6.0,-20.0,-6.0,-20.0,-6.0,-20.0,-6.0,-21.0,-6.0,-21.0,-6.0,-21.0,-6.0,-22.0,-6.0,-21.0,-7.0,-21.0,-7.0,-22.0,-7.0,-22.0,-7.0,-22.0,-8.0,-22.0,-8.0,-23.0,-8.0,-23.0,-9.0,-23.0,-9.0,-23.0,-10.0,-23.0,-10.0,-23.0,-11.0,-23.0,-12.0
3.0,-17.0,3.0,-17.0,3.0,-17.0,3.0,-17.0,3.0,-17.0,2.0,-17.0,2.0,-17.0,2.0,-17.0,2.0,-17.0,2.0,-17.0,1.0,-17.0,1.0,-17.0,1.0,-17.0,1.0,-17.0,1.0,-17.0,1.0,-17.0,1.0,-17.0,0.0,-17.0,0.0,-17.0,-1.0,-18.0,-1.0,-18.0,-1.0,-18.0,-1.0,-18.0,-1.0,-18.0,-2.0,-19.0,-2.0,-20.0,-2.0,-19.0,-2.0,-19.0,-2.0,-19.0,-2.0,-20.0,-2.0,-20.0,-2.0,-20.0,-3.0,-20.0,-2.0,-21.0,-2.0,-21.0,-2.0,-21.0,-2.0,-21.0,-2.0,-22.0,-2.0,-22.0,-2.0,-22.0,-1.0,-22.0,-1.0,-22.0,-1.0,-23.0,-1.0,-23.0,-1.0,-24.0,-1.0,-24.0,-1.0,-24.0,0.0,-24.0,1.0,-25.0,1.0,-25.0,2.0,-25.0,2.0,-26.0
-4.0,-17.0,-4.0,-17.0,-4.0,-17.0,-4.0,-17.0,-4.0,-17.0,-4.0,-17.0,-4.0,-17.0,-5.0,-16.0,-5.0,-16.0,-5.0,-16.0,-5.0,-16.0,-6.0,-16.0,-6.0,-16.0,-6.0,-16.0,-6.0,-16.0,-6.0,-16.0,-6.0,-16.0,-6.0,-16.0,-6.0,-16.0,-7.0,-16.0,-7.0,-16.0,-7.0,-16.0,-7.0,-16.0,-8.0,-16.0,-9.0,-16.0,-10.0,-17.0,-9.0,-17.0,-9.0,-17.0,-9.0,-17.0,-9.0,-17.0,-10.0,-17.0,-10.0,-17.0,-10.0,-17.0,-10.0,-18.0,-10.0,-18.0,-11.0,-18.0,-11.0,-18.0,-11.0,-19.0,-11.0,-19.0,-11.0,-19.0,-11.0,-19.0,-10.0,-20.0,-11.0,-20.0,-11.0,-21.0,-10.0,-21.0,-10.0,-21.0,-10.0,-22.0,-10.0,-22.0,-10.0,-22.0,-10.0,-23.0,-9.0,-24.0,-9.0,-24.0
16.0,-9.0,16.0,-9.0,16.0,-9.0,16.0,-10.0,16.0,-10.0,16.0,-10.0,15.0,-10.0,15.0,-10.0,15.0,-10.0,14.0,-10.0,15.0,-11.0,15.0,-11.0,15.0,-11.0,14.0,-11.0,14.0,-11.0,14.0,-11.0,14.0,-11.0,14.0,-11.0,14.0,-12.0,13.0,-13.0,13.0,-13.0,13.0,-13.0,13.0,-13.0,14.0,-14.0,14.0,-15.0,14.0,-15.0,14.0,-15.0,13.0,-15.0,13.0,-15.0,13.0,-15.0,14.0,-16.0,14.0,-16.0,14.0,-17.0,14.0,-17.0,14.0,-17.0,14.0,-17.0,15.0,-18.0,15.0,-18.0,15.0,-18.0,15.0,-18.0,16.0,-18.0,16.0,-18.0,16.0,-18.0,17.0,-18.0,17.0,-19.0,18.0,-19.0,18.0,-19.0,18.0,-18.0,19.0,-18.0,20.0,-18.0,21.0,-18.0,22.0,-18.0
15.0,-10.0,15.0,-10.0,15.0,-10.0,15.0,-10.0,15.0,-10.0,15.0,-10.0,15.0,-10.0,15.0,-10.0,15.0,-10.0,14.0,-10.0,14.0,-11.0,14.0,-11.0,14.0,-11.0,14.0,-11.0,14.0,-11.0,14.0,-11.0,13.0,-11.0,13.0,-11.0,14.0,-12.0,14.0,-12.0,13.0,-12.0,13.0,-12.0,13.0,-13.0,13.0,-14.0,14.0,-15.0,14.0,-15.0,14.0,-14.0,14.0,-14.0,14.0,-15.0,14.0,-15.0,14.0,-15.0,15.0,-15.0,15.0,-16.0,15.0,-16.0,15.0,-16.0,15.0,-17.0,15.0,-17.0,15.0,-18.0,16.0,-17.0,16.0,-17.0,16.0,-17.0,17.0,-17.0,17.0,-17.0,18.0,-17.0,19.0,-17.0,19.0,-17.0,19.0,-17.0,20.0,-17.0,20.0,-17.0,21.0,-17.0,22.0,-16.0,23.0,-16.0
15.0,-7.0,15.0,-7.0,15.0,-7.0,15.0,-7.0,15.0,-7.0,15.0,-7.0,14.0,-8.0,14.0,-8.0,14.0,-8.0,14.0,-8.0,14.0,-8.0,14.0,-8.0,14.0,-8.0,14.0,-9.0,14.0,-9.0,13.0,-9.0,13.0,-9.0,13.0,-9.0,13.0,-9.0,13.0,-10.0,13.0,-10.0,13.0,-10.0,13.0,-10.0,14.0,-11.0,14.0,-12.0,14.0,-12.0,14.0,-11.0,14.0,-12.0,14.0,-12.0,14.0,-12.0,14.0,-12.0,14.0,-13.0,14.0,-13.0,14.0,-13.0,15.0,-13.0,15.0,-14.0,15.0,-14.0,16.0,-14.0,16.0,-14.0,16.0,-14.0,17.0,-13.0,17.0,-13.0,17.0,-14.0,18.0,-14.0,18.0,-14.0,19.0,-14.0,19.0,-14.0,19.0,-14.0,20.0,-13.0,21.0,-13.0,21.0,-13.0,22.0,-13.0
16.0,1.0,16.0,1.0,16.0,1.0,16.0,1.0,16.0,0.0,16.0,0.0,16.0,0.0,16.0,0.0,16.0,0.0,15.0,0.0,16.0,0.0,16.0,0.0,16.0,-1.0,16.0,-1.0,16.0,-1.0,16.0,-1.0,15.0,-1.0,15.0,-1.0,16.0,-2.0,16.0,-2.0,16.0,-3.0,16.0,-3.0,16.0,-3.0,17.0,-3.0,17.0,-4.0,18.0,-4.0,17.0,-4.0,17.0,-4.0,17.0,-4.0,17.0,-4.0,18.0,-4.0,18.0,-5.0,18.0,-5.0,18.0,-5.0,19.0,-5.0,19.0,-5.0,20.0,-6.0,20.0,-6.0,20.0,-5.0,20.0,-5.0,21.0,-5.0,21.0,-5.0,21.0,-5.0,22.0,-5.0,22.0,-5.0,22.0,-4.0,23.0,-4.0,23.0,-3.0,23.0,-3.0,24.0,-3.0,24.0,-2.0,25.0,-2.0
15.0,9.0,15.0,9.0,15.0,9.0,15.0,9.0,15.0,9.0,15.0,9.0,15.0,9.0,15.0,9.0,15.0,9.0,15.0,8.0,15.0,7.0,16.0,7.0,16.0,7.0,16.0,7.0,16.0,7.0,16.0,7.0,16.0,7.0,16.0,6.0,16.0,6.0,17.0,6.0,17.0,6.0,17.0,6.0,17.0,5.0,18.0,5.0,19.0,5.0,19.0,5.0,19.0,5.0,19.0,5.0,19.0,4.0,19.0,4.0,20.0,4.0,20.0,4.0,21.0,5.0,21.0,5.0,21.0,4.0,21.0,4.0,22.0,3.0,23.0,4.0,23.0,4.0,22.0,5.0,22.0,5.0,23.0,5.0,23.0,5.0,24.0,6.0,24.0,6.0,24.0,7.0,24.0,7.0,24.0,7.0,25.0,8.0,25.0,8.0,26.0,9.0,26.0,10.0
10.0,-13.0,10.0,-13.0,10.0,-13.0,10.0,-13.0,10.0,-13.0,10.0,-13.0,10.0,-13.0,9.0,-13.0,9.0,-13.0,9.0,-13.0,9.0,-13.0,9.0,-14.0,9.0,-14.0,9.0,-14.0,9.0,-14.0,8.0,-14.0,8.0,-14.0,8.0,-14.0,8.0,-14.0,8.0,-15.0,7.0,-15.0,7.0,-15.0,7.0,-15.0,7.0,-16.0,7.0,-17.0,7.0,-18.0,7.0,-17.0,7.0,-17.0,7.0,-17.0,6.0,-17.0,6.0,-18.0,6.0,-19.0,6.0,-19.0,6.0,-19.0,6.0,-19.0,6.0,-19.0,6.0,-20.0,7.0,-20.0,7.0,-21.0,7.0,-21.0,8.0,-20.0,8.0,-21.0,8.0,-21.0,8.0,-22.0,9.0,-22.0,9.0,-22.0,10.0,-22.0,10.0,-22.0,10.0,-22.0,11.0,-22.0,12.0,-23.0,13.0,-23.0
-19.0,9.0,-19.0,9.0,-19.0,9.0,-19.0,9.0,-19.0,9.0,-18.0,9.0,-18.0,10.0,-18.0,10.0,-18.0,10.0,-18.0,10.0,-18.0,10.0,-17.0,11.0,-17.0,11.0,-17.0,11.0,-17.0,11.0,-17.0,12.0,-16.0,11.0,-16.0,11.0,-16.0,12.0,-16.0,13.0,-16.0,13.0,-16.0,14.0,-16.0,14.0,-16.0,14.0,-16.0,15.0,-16.0,16.0,-16.0,16.0,-16.0,16.0,-16.0,16.0,-16.0,16.0,-16.0,17.0,-16.0,17.0,-16.0,18.0,-16.0,18.0,-17.0,18.0,-17.0,19.0,-17.0,19.0,-18.0,19.0,-18.0,19.0,-18.0,19.0,-18.0,20.0,-18.0,20.0,-19.0,20.0,-20.0,20.0,-20.0,20.0,-21.0,21.0,-21.0,21.0,-22.0,20.0,-23.0,20.0,-24.0,20.0,-25.0,20.0,-25.0,19.0
-16.0,6.0,-16.0,6.0,-16.0,6.0,-16.0,6.0,-15.0,6.0,-15.0,7.0,-15.0,7.0,-15.0,7.0,-15.0,7.0,-15.0,7.0,-15.0,7.0,-15.0,7.0,-14.0,8.0,-14.0,8.0,-14.0,8.0,-14.0,8.0,-14.0,8.0,-13.0,8.0,-14.0,9.0,-14.0,10.0,-14.0,10.0,-13.0,10.0,-13.0,10.0,-14.0,11.0,-14.0,11.0,-14.0,12.0,-13.0,12.0,-14.0,12.0,-14.0,12.0,-14.0,12.0,-14.0,13.0,-14.0,13.0,-14.0,14.0,-14.0,14.0,-14.0,14.0,-14.0,14.0,-15.0,15.0,-15.0,15.0,-15.0,15.0,-16.0,15.0,-16.0,15.0,-16.0,15.0,-16.0,15.0,-17.0,16.0,-17.0,16.0,-17.0,16.0,-18.0,16.0,-18.0,16.0,-19.0,15.0,-20.0,15.0,-21.0,15.0,-21.0,15.0
-6.0,-21.0,-6.0,-21.0,-6.0,-21.0,-6.0,-21.0,-7.0,-21.0,-7.0,-21.0,-7.0,-20.0,-7.0,-20.0,-7.0,-20.0,-7.0,-20.0,-8.0,-20.0,-8.0,-20.0,-8.0,-20.0,-8.0,-20.0,-9.0,-20.0,-9.0,-19.0,-9.0,-19.0,-9.0,-19.0,-10.0,-19.0,-11.0,-19.0,-11.0,-18.0,-11.0,-18.0,-11.0,-19.0,-11.0,-19.0,-12.0,-20.0,-13.0,-20.0,-13.0,-19.0,-13.0,-19.0,-14.0,-20.0,-14.0,-19.0,-14.0,-19.0,-15.0,-19.0,-15.0,-20.0,-16.0,-20.0,-16.0,-20.0,-16.0,-21.0,-16.0,-21.0,-16.0,-22.0,-16.0,-23.0,-16.0,-23.0,-16.0,-23.0,-17.0,-23.0,-17.0,-23.0,-17.0,-24.0,-17.0,-24.0,-17.0,-25.0,-17.0,-25.0,-17.0,-26.0,-16.0,-27.0,-15.0,-28.0,-15.0,-29.0,-15.0,-29.0
-15.0,11.0,-15.0,11.0,-15.0,11.0,-15.0,11.0,-15.0,11.0,-15.0,11.0,-15.0,11.0,-15.0,11.0,-14.0,11.0,-14.0,12.0,-14.0,12.0,-13.0,12.0,-13.0,12.0,-13.0,12.0,-13.0,12.0,-13.0,12.0,-13.0,12.0,-13.0,12.0,-13.0,12.0,-13.0,13.0,-12.0,13.0,-12.0,14.0,-12.0,14.0,-12.0,15.0,-12.0,15.0,-12.0,16.0,-12.0,15.0,-12.0,15.0,-12.0,16.0,-12.0,16.0,-12.0,16.0,-12.0,17.0,-13.0,17.0,-13.0,17.0,-13.0,18.0,-12.0,18.0,-12.0,19.0,-13.0,19.0,-13.0,19.0,-14.0,19.0,-14.0,19.0,-15.0,19.0,-15.0,19.0,-15.0,19.0,-16.0,20.0,-16.0,20.0,-17.0,20.0,-17.0,20.0,-18.0,20.0,-18.0,20.0,-19.0,20.0,-20.0,20.0
-19.0,-5.0,-19.0,-5.0,-19.0,-5.0,-19.0,-5.0,-19.0,-5.0,-18.0,-5.0,-18.0,-5.0,-18.0,-5.0,-18.0,-4.0,-18.0,-4.0,-18.0,-3.0,-19.0,-3.0,-19.0,-3.0,-18.0,-3.0,-18.0,-3.0,-18.0,-3.0,-18.0,-3.0,-18.0,-3.0,-18.0,-2.0,-19.0,-2.0,-19.0,-2.0,-19.0,-1.0,-19.0,-1.0,-19.0,-1.0,-20.0,0.0,-21.0,0.0,-20.0,0.0,-20.0,0.0,-20.0,0.0,-20.0,0.0,-21.0,0.0,-21.0,0.0,-22.0,0.0,-22.0,0.0,-22.0,0.0,-22.0,1.0,-23.0,2.0,-23.0,2.0,-24.0,1.0,-24.0,0.0,-24.0,0.0,-25.0,0.0,-25.0,0.0,-26.0,-1.0,-26.0,-2.0,-26.0,-2.0,-27.0,-2.0,-27.0,-3.0,-27.0,-3.0,-28.0,-3.0,-28.0,-4.0,-28.0,-5.0
-12.0,-18.0,-12.0,-18.0,-12.0,-18.0,-12.0,-18.0,-12.0,-18.0,-12.0,-18.0,-12.0,-17.0,-12.0,-17.0,-12.0,-17.0,-12.0,-16.0,-13.0,-16.0,-13.0,-16.0,-13.0,-16.0,-14.0,-16.0,-14.0,-15.0,-14.0,-15.0,-14.0,-15.0,-14.0,-15.0,-15.0,-15.0,-16.0,-14.0,-16.0,-14.0,-16.0,-14.0,-17.0,-14.0,-17.0,-14.0,-18.0,-14.0,-19.0,-14.0,-18.0,-14.0,-19.0,-14.0,-19.0,-14.0,-20.0,-14.0,-20.0,-14.0,-21.0,-14.0,-21.0,-13.0,-21.0,-14.0,-22.0,-14.0,-22.0,-14.0,-22.0,-14.0,-23.0,-15.0,-23.0,-15.0,-23.0,-15.0,-23.0,-15.0,-24.0,-16.0,-24.0,-17.0,-24.0,-17.0,-25.0,-18.0,-25.0,-18.0,-25.0,-19.0,-25.0,-19.0,-25.0,-20.0,-25.0,-21.0,-24.0,-22.0,-24.0,-23.0
-18.0,-9.0,-17.0,-9.0,-17.0,-8.0,-18.0,-8.0,-17.0,-8.0,-17.0,-8.0,-18.0,-8.0,-18.0,-8.0,-17.0,-8.0,-17.0,-7.0,-17.0,-7.0,-18.0,-7.0,-18.0,-7.0,-18.0,-7.0,-18.0,-6.0,-18.0,-6.0,-17.0,-6.0,-17.0,-6.0,-18.0,-6.0,-19.0,-5.0,-19.0,-5.0,-19.0,-5.0,-19.0,-4.0,-19.0,-4.0,-20.0,-4.0,-21.0,-4.0,-20.0,-4.0,-20.0,-4.0,-21.0,-4.0,-21.0,-4.0,-21.0,-4.0,-22.0,-3.0,-22.0,-3.0,-23.0,-3.0,-23.0,-4.0,-23.0,-3.0,-24.0,-3.0,-24.0,-4.0,-24.0,-4.0,-25.0,-4.0,-25.0,-5.0,-25.0,-5.0,-25.0,-5.0,-26.0,-5.0,-26.0,-6.0,-26.0,-6.0,-27.0,-7.0,-27.0,-7.0,-27.0,-8.0,-27.0,-9.0,-28.0,-10.0,-28.0,-11.0
-15.0,9.0,-15.0,9.0,-15.0,9.0,-15.0,9.0,-15.0,9.0,-15.0,9.0,-15.0,9.0,-15.0,9.0,-14.0,9.0,-14.0,9.0,-14.0,10.0,-14.0,10.0,-14.0,10.0,-13.0,10.0,-13.0,10.0,-13.0,10.0,-13.0,10.0,-13.0,10.0,-13.0,10.0,-13.0,11.0,-13.0,12.0,-13.0,12.0,-13.0,12.0,-13.0,12.0,-13.0,13.0,-13.0,13.0,-13.0,13.0,-12.0,13.0,-12.0,13.0,-12.0,14.0,-13.0,14.0,-13.0,14.0,-13.0,15.0,-13.0,15.0,-13.0,15.0,-13.0,15.0,-13.0,16.0,-13.0,16.0,-14.0,16.0,-14.0,16.0,-14.0,16.0,-15.0,16.0,-15.0,17.0,-15.0,17.0,-16.0,17.0,-16.0,17.0,-17.0,17.0,-17.0,17.0,-18.0,17.0,-19.0,17.0,-19.0,17.0,-20.0,16.0
-5.0,-20.0,-5.0,-19.0,-5.0,-19.0,-5.0,-20.0,-5.0,-20.0,-5.0,-20.0,-5.0,-19.0,-5.0,-19.0,-5.0,-18.0,-5.0,-18.0,-6.0,-19.0,-6.0,-19.0,-6.0,-18.0,-6.0,-18.0,-6.0,-18.0,-6.0,-18.0,-6.0,-18.0,-6.0,-17.0,-7.0,-18.0,-7.0,-18.0,-8.0,-18.0,-8.0,-18.0,-8.0,-18.0,-8.0,-18.0,-9.0,-19.0,-10.0,-19.0,-9.0,-19.0,-9.0,-19.0,-9.0,-19.0,-9.0,-19.0,-10.0,-19.0,-10.0,-19.0,-10.0,-20.0,-10.0,-20.0,-10.0,-20.0,-11.0,-20.0,-11.0,-21.0,-11.0,-21.0,-11.0,-22.0,-11.0,-22.0,-11.0,-22.0,-11.0,-22.0,-11.0,-23.0,-11.0,-24.0,-11.0,-24.0,-10.0,-25.0,-10.0,-25.0,-10.0,-25.0,-9.0,-26.0,-9.0,-27.0,-8.0,-28.0,-8.0,-29.0
19.0,-3.0,19.0,-3.0,19.0,-3.0,19.0,-3.0,19.0,-3.0,18.0,-3.0,18.0,-3.0,18.0,-3.0,18.0,-3.0,18.0,-3.0,18.0,-3.0,18.0,-4.0,18.0,-4.0,18.0,-4.0,17.0,-4.0,17.0,-4.0,17.0,-4.0,17.0,-5.0,17.0,-5.0,17.0,-5.0,17.0,-5.0,18.0,-6.0,18.0,-6.0,18.0,-7.0,19.0,-7.0,19.0,-7.0,18.0,-7.0,18.0,-7.0,18.0,-8.0,19.0,-8.0,19.0,-8.0,19.0,-8.0,20.0,-9.0,20.0,-9.0,20.0,-9.0,20.0,-10.0,20.0,-10.0,21.0,-10.0,21.0,-9.0,21.0,-9.0,22.0,-9.0,22.0,-9.0,23.0,-9.0,23.0,-9.0,24.0,-9.0,24.0,-8.0,25.0,-8.0,25.0,-8.0,26.0,-8.0,26.0,-7.0,27.0,-6.0,28.0,-6.0
-4.0,-19.0,-4.0,-19.0,-3.0,-19.0,-3.0,-19.0,-4.0,-19.0,-4.0,-19.0,-4.0,-19.0,-4.0,-18.0,-4.0,-18.0,-4.0,-18.0,-5.0,-18.0,-5.0,-18.0,-5.0,-18.0,-5.0,-18.0,-6.0,-18.0,-6.0,-18.0,-6.0,-18.0,-6.0,-17.0,-6.0,-18.0,-7.0,-18.0,-7.0,-18.0,-7.0,-17.0,-7.0,-18.0,-8.0,-18.0,-9.0,-19.0,-9.0,-19.0,-9.0,-19.0,-9.0,-18.0,-9.0,-18.0,-9.0,-18.0,-10.0,-19.0,-10.0,-19.0,-10.0,-19.0,-11.0,-19.0,-10.0,-20.0,-11.0,-20.0,-11.0,-20.0,-11.0,-21.0,-11.0,-21.0,-11.0,-21.0,-11.0,-21.0,-11.0,-22.0,-11.0,-22.0,-11.0,-23.0,-11.0,-24.0,-11.0,-24.0,-11.0,-25.0,-10.0,-25.0,-10.0,-25.0,-9.0,-26.0,-9.0,-27.0,-9.0,-28.0
15.0,-7.0,15.0,-7.0,15.0,-7.0,15.0,-7.0,15.0,-7.0,15.0,-7.0,15.0,-7.0,14.0,-7.0,14.0,-7.0,14.0,-8.0,14.0,-8.0,14.0,-8.0,14.0,-8.0,14.0,-8.0,14.0,-8.0,13.0,-9.0,13.0,-8.0,13.0,-9.0,13.0,-9.0,13.0,-10.0,13.0,-10.0,13.0,-10.0,13.0,-10.0,13.0,-11.0,14.0,-11.0,14.0,-12.0,13.0,-12.0,13.0,-12.0,13.0,-12.0,13.0,-12.0,13.0,-12.0,14.0,-13.0,14.0,-13.0,14.0,-13.0,14.0,-13.0,14.0,-14.0,14.0,-14.0,15.0,-14.0,15.0,-14.0,16.0,-14.0,16.0,-14.0,16.0,-14.0,16.0,-14.0,17.0,-15.0,17.0,-15.0,18.0,-15.0,18.0,-15.0,18.0,-15.0,19.0,-14.0,20.0,-14.0,21.0,-13.0,22.0,-13.0
14.0,-9.0,14.0,-9.0,14.0,-10.0,14.0,-10.0,14.0,-9.0,14.0,-9.0,14.0,-9.0,13.0,-9.0,13.0,-9.0,13.0,-9.0,13.0,-10.0,13.0,-10.0,13.0,-10.0,13.0,-10.0,12.0,-10.0,12.0,-10.0,12.0,-10.0,12.0,-10.0,12.0,-11.0,12.0,-11.0,12.0,-11.0,12.0,-11.0,12.0,-12.0,12.0,-12.0,12.0,-13.0,13.0,-13.0,12.0,-13.0,12.0,-13.0,12.0,-13.0,12.0,-13.0,12.0,-14.0,12.0,-14.0,12.0,-14.0,13.0,-14.0,13.0,-14.0,13.0,-15.0,13.0,-15.0,14.0,-15.0,14.0,-15.0,14.0,-15.0,15.0,-15.0,15.0,-15.0,15.0,-15.0,16.0,-16.0,17.0,-16.0,17.0,-16.0,17.0,-16.0,18.0,-15.0,18.0,-15.0,19.0,-15.0,20.0,-15.0,20.0,-14.0
17.0,6.0,17.0,6.0,17.0,6.0,17.0,5.0,17.0,5.0,17.0,5.0,17.0,5.0,17.0,5.0,17.0,5.0,17.0,4.0,17.0,3.0,17.0,3.0,17.0,3.0,17.0,2.0,17.0,2.0,17.0,2.0,17.0,2.0,17.0,2.0,17.0,2.0,18.0,2.0,17.0,1.0,17.0,1.0,18.0,0.0,19.0,0.0,19.0,0.0,20.0,-1.0,19.0,0.0,19.0,0.0,19.0,-1.0,19.0,-1.0,20.0,-1.0,21.0,-1.0,21.0,-1.0,21.0,-1.0,21.0,-1.0,21.0,-2.0,22.0,-3.0,22.0,-3.0,23.0,-2.0,23.0,-2.0,23.0,-1.0,23.0,-1.0,23.0,-1.0,24.0,-1.0,25.0,-1.0,25.0,-1.0,25.0,0.0,25.0,0.0,26.0,0.0,26.0,0.0,27.0,1.0,28.0,2.0
14.0,11.0,14.0,11.0,14.0,11.0,14.0,11.0,14.0,11.0,14.0,11.0,14.0,11.0,14.0,11.0,14.0,10.0,14.0,10.0,14.0,10.0,14.0,10.0,14.0,9.0,14.0,9.0,15.0,9.0,15.0,9.0,14.0,9.0,14.0,9.0,15.0,9.0,16.0,9.0,16.0,8.0,16.0,8.0,16.0,8.0,17.0,8.0,17.0,8.0,18.0,8.0,18.0,8.0,17.0,8.0,17.0,8.0,18.0,7.0,18.0,8.0,19.0,8.0,19.0,8.0,19.0,8.0,19.0,8.0,20.0,8.0,20.0,8.0,21.0,9.0,21.0,9.0,21.0,9.0,21.0,9.0,21.0,10.0,21.0,10.0,22.0,10.0,22.0,11.0,22.0,11.0,22.0,11.0,22.0,12.0,22.0,13.0,22.0,14.0,22.0,15.0,23.0,16.0
5.0,17.0,5.0,17.0,6.0,17.0,6.0,17.0,6.0,17.0,6.0,17.0,6.0,17.0,6.0,17.0,6.0,16.0,6.0,16.0,6.0,16.0,7.0,16.0,7.0,16.0,7.0,16.0,7.0,16.0,7.0,16.0,7.0,15.0,8.0,15.0,8.0,15.0,8.0,16.0,9.0,16.0,9.0,15.0,9.0,15.0,10.0,16.0,10.0,16.0,11.0,16.0,11.0,16.0,11.0,16.0,11.0,16.0,11.0,16.0,11.0,16.0,12.0,17.0,12.0,17.0,12.0,17.0,12.0,17.0,13.0,17.0,13.0,18.0,13.0,18.0,13.0,18.0,13.0,19.0,13.0,19.0,13.0,19.0,13.0,20.0,13.0,20.0,13.0,21.0,13.0,21.0,13.0,22.0,12.0,22.0,12.0,23.0,11.0,23.0,11.0,24.0,11.0,25.0
6.0,-16.0,6.0,-16.0,6.0,-16.0,6.0,-16.0,6.0,-16.0,6.0,-16.0,5.0,-16.0,5.0,-16.0,5.0,-16.0,5.0,-16.0,5.0,-16.0,5.0,-16.0,4.0,-16.0,4.0,-16.0,4.0,-16.0,4.0,-16.0,4.0,-16.0,4.0,-16.0,3.0,-16.0,3.0,-16.0,3.0,-17.0,3.0,-17.0,2.0,-17.0,2.0,-18.0,2.0,-18.0,2.0,-19.0,2.0,-18.0,2.0,-19.0,2.0,-19.0,2.0,-19.0,2.0,-19.0,2.0,-20.0,1.0,-20.0,1.0,-20.0,1.0,-20.0,1.0,-20.0,2.0,-21.0,2.0,-21.0,2.0,-22.0,3.0,-22.0,3.0,-22.0,3.0,-22.0,3.0,-22.0,3.0,-23.0,4.0,-23.0,4.0,-23.0,4.0,-24.0,5.0,-24.0,5.0,-24.0,6.0,-24.0,7.0,-24.0,8.0,-24.0
9.0,18.0,9.0,18.0,9.0,18.0,9.0,18.0,9.0,18.0,9.0,18.0,9.0,17.0,9.0,17.0,9.0,17.0,10.0,16.0,11.0,16.0,11.0,16.0,11.0,16.0,11.0,16.0,11.0,16.0,11.0,16.0,11.0,15.0,11.0,15.0,12.0,15.0,12.0,15.0,13.0,15.0,13.0,15.0,14.0,15.0,15.0,15.0,15.0,15.0,15.0,15.0,15.0,15.0,15.0,15.0,16.0,15.0,16.0,15.0,16.0,15.0,17.0,16.0,17.0,16.0,17.0,16.0,18.0,16.0,18.0,16.0,19.0,16.0,19.0,17.0,19.0,17.0,19.0,17.0,19.0,18.0,19.0,18.0,20.0,18.0,20.0,19.0,20.0,20.0,20.0,20.0,20.0,21.0,20.0,21.0,20.0,22.0,19.0,23.0,19.0,24.0,19.0,24.0
-1.0,18.0,-2.0,18.0,-2.0,18.0,-1.0,18.0,-1.0,18.0,-1.0,18.0,-1.0,18.0,-1.0,17.0,-1.0,17.0,0.0,17.0,0.0,17.0,0.0,17.0,0.0,17.0,0.0,17.0,1.0,17.0,1.0,17.0,1.0,16.0,1.0,17.0,1.0,17.0,1.0,17.0,2.0,18.0,2.0,17.0,2.0,17.0,3.0,18.0,3.0,18.0,4.0,19.0,3.0,19.0,4.0,19.0,4.0,19.0,4.0,19.0,4.0,19.0,4.0,20.0,4.0,20.0,4.0,20.0,4.0,20.0,5.0,21.0,5.0,21.0,5.0,21.0,5.0,22.0,5.0,22.0,5.0,22.0,5.0,23.0,4.0,23.0,4.0,24.0,4.0,24.0,3.0,25.0,3.0,25.0,3.0,25.0,3.0,26.0,2.0,26.0,1.0,27.0,0.0,28.0
-22.0,5.0,-21.0,5.0,-21.0,5.0,-21.0,5.0,-21.0,5.0,-21.0,5.0,-21.0,5.0,-20.0,6.0,-20.0,6.0,-20.0,6.0,-20.0,6.0,-20.0,6.0,-20.0,6.0,-20.0,7.0,-20.0,7.0,-20.0,7.0,-19.0,7.0,-19.0,7.0,-19.0,7.0,-20.0,8.0,-20.0,9.0,-19.0,9.0,-19.0,9.0,-20.0,9.0,-20.0,10.0,-21.0,11.0,-20.0,10.0,-20.0,10.0,-20.0,11.0,-20.0,11.0,-20.0,11.0,-21.0,12.0,-21.0,12.0,-21.0,12.0,-21.0,13.0,-22.0,13.0,-22.0,13.0,-23.0,13.0,-23.0,13.0,-24.0,13.0,-23.0,13.0,-24.0,13.0,-24.0,13.0,-25.0,13.0,-26.0,13.0,-26.0,13.0,-27.0,13.0,-27.0,13.0,-28.0,12.0,-29.0,11.0,-30.0,11.0,-31.0,10.0
-1.0,-18.0,-1.0,-18.0,-2.0,-18.0,-2.0,-18.0,-2.0,-18.0,-2.0,-18.0,-2.0,-18.0,-2.0,-17.0,-2.0,-17.0,-3.0,-17.0,-3.0,-17.0,-3.0,-17.0,-3.0,-17.0,-4.0,-17.0,-4.0,-17.0,-4.0,-17.0,-4.0,-16.0,-4.0,-16.0,-5.0,-17.0,-5.0,-17.0,-5.0,-17.0,-5.0,-17.0,-6.0,-17.0,-6.0,-17.0,-7.0,-18.0,-7.0,-18.0,-7.0,-18.0,-7.0,-17.0,-7.0,-17.0,-8.0,-17.0,-8.0,-18.0,-8.0,-18.0,-8.0,-18.0,-8.0,-18.0,-9.0,-19.0,-9.0,-19.0,-9.0,-19.0,-10.0,-20.0,-10.0,-20.0,-9.0,-20.0,-9.0,-20.0,-9.0,-21.0,-9.0,-21.0,-9.0,-22.0,-9.0,-22.0,-9.0,-22.0,-9.0,-23.0,-9.0,-23.0,-8.0,-23.0,-8.0,-24.0,-8.0,-25.0,-7.0,-26.0
-15.0,9.0,-15.0,9.0,-15.0,9.0,-15.0,9.0,-14.0,9.0,-14.0,9.0,-14.0,9.0,-14.0,10.0,-14.0,9.0,-14.0,9.0,-14.0,10.0,-14.0,10.0,-14.0,10.0,-13.0,10.0,-13.0,10.0,-13.0,10.0,-13.0,10.0,-12.0,10.0,-13.0,11.0,-12.0,11.0,-12.0,12.0,-12.0,12.0,-12.0,12.0,-13.0,13.0,-13.0,13.0,-13.0,14.0,-12.0,13.0,-12.0,13.0,-12.0,13.0,-12.0,14.0,-12.0,14.0,-12.0,15.0,-12.0,15.0,-12.0,15.0,-12.0,15.0,-13.0,16.0,-13.0,16.0,-13.0,17.0,-14.0,16.0,-14.0,16.0,-14.0,16.0,-14.0,17.0,-15.0,17.0,-15.0,17.0,-16.0,18.0,-16.0,18.0,-16.0,18.0,-17.0,17.0,-18.0,17.0,-19.0,17.0,-19.0,17.0,-20.0,17.0
15.0,-6.0,15.0,-6.0,15.0,-6.0,15.0,-6.0,15.0,-6.0,15.0,-6.0,15.0,-7.0,15.0,-7.0,14.0,-6.0,14.0,-7.0,14.0,-7.0,14.0,-7.0,14.0,-8.0,14.0,-8.0,14.0,-8.0,14.0,-8.0,14.0,-8.0,14.0,-8.0,14.0,-8.0,14.0,-9.0,14.0,-9.0,13.0,-9.0,14.0,-9.0,14.0,-10.0,14.0,-10.0,15.0,-11.0,14.0,-10.0,14.0,-10.0,14.0,-11.0,14.0,-11.0,15.0,-11.0,15.0,-12.0,15.0,-12.0,15.0,-12.0,15.0,-12.0,16.0,-12.0,16.0,-13.0,17.0,-13.0,17.0,-12.0,17.0,-12.0,17.0,-12.0,18.0,-12.0,18.0,-12.0,19.0,-12.0,19.0,-13.0,20.0,-13.0,20.0,-12.0,20.0,-12.0,21.0,-11.0,22.0,-11.0,23.0,-11.0,23.0,-10.0
-17.0,-3.0,-17.0,-3.0,-17.0,-3.0,-17.0,-3.0,-17.0,-3.0,-17.0,-3.0,-17.0,-3.0,-17.0,-3.0,-16.0,-3.0,-16.0,-2.0,-16.0,-2.0,-16.0,-2.0,-16.0,-2.0,-16.0,-2.0,-16.0,-1.0,-16.0,-1.0,-16.0,-1.0,-16.0,-1.0,-16.0,-1.0,-17.0,0.0,-17.0,0.0,-17.0,0.0,-17.0,0.0,-17.0,1.0,-18.0,1.0,-18.0,2.0,-18.0,1.0,-18.0,2.0,-18.0,2.0,-18.0,2.0,-19.0,2.0,-19.0,2.0,-19.0,2.0,-19.0,2.0,-19.0,2.0,-20.0,3.0,-21.0,3.0,-21.0,3.0,-21.0,3.0,-22.0,2.0,-22.0,2.0,-22.0,2.0,-22.0,2.0,-23.0,1.0,-24.0,1.0,-24.0,1.0,-24.0,0.0,-24.0,0.0,-25.0,0.0,-25.0,-1.0,-26.0,-2.0,-26.0,-3.0
20.0,-7.0,20.0,-6.0,20.0,-6.0,19.0,-6.0,19.0,-6.0,19.0,-6.0,19.0,-6.0,19.0,-7.0,18.0,-7.0,18.0,-7.0,18.0,-8.0,18.0,-8.0,18.0,-8.0,18.0,-9.0,18.0,-8.0,18.0,-8.0,18.0,-8.0,17.0,-8.0,17.0,-9.0,17.0,-10.0,17.0,-10.0,17.0,-10.0,17.0,-10.0,17.0,-11.0,18.0,-12.0,18.0,-12.0,18.0,-12.0,18.0,-12.0,18.0,-12.0,18.0,-13.0,18.0,-13.0,19.0,-14.0,19.0,-14.0,19.0,-14.0,19.0,-14.0,19.0,-14.0,20.0,-15.0,21.0,-16.0,21.0,-16.0,22.0,-15.0,22.0,-15.0,22.0,-15.0,22.0,-15.0,23.0,-15.0,25.0,-15.0,25.0,-15.0,26.0,-15.0,26.0,-14.0,26.0,-14.0,27.0,-14.0,28.0,-13.0,29.0,-13.0
-15.0,-9.0,-15.0,-9.0,-15.0,-9.0,-15.0,-9.0,-15.0,-9.0,-15.0,-8.0,-15.0,-8.0,-15.0,-8.0,-15.0,-8.0,-15.0,-8.0,-15.0,-8.0,-15.0,-7.0,-15.0,-7.0,-16.0,-7.0,-16.0,-7.0,-15.0,-7.0,-15.0,-6.0,-15.0,-6.0,-15.0,-6.0,-16.0,-5.0,-16.0,-5.0,-16.0,-5.0,-16.0,-5.0,-17.0,-5.0,-18.0,-5.0,-18.0,-5.0,-18.0,-4.0,-18.0,-4.0,-18.0,-4.0,-18.0,-4.0,-18.0,-4.0,-19.0,-4.0,-19.0,-3.0,-19.0,-4.0,-19.0,-4.0,-20.0,-4.0,-20.0,-4.0,-21.0,-4.0,-21.0,-4.0,-21.0,-4.0,-21.0,-4.0,-21.0,-5.0,-21.0,-5.0,-22.0,-5.0,-22.0,-5.0,-23.0,-5.0,-23.0,-6.0,-23.0,-7.0,-23.0,-7.0,-23.0,-8.0,-24.0,-9.0,-24.0,-9.0
-7.0,-16.0,-8.0,-16.0,-8.0,-16.0,-8.0,-16.0,-8.0,-16.0,-8.0,-16.0,-8.0,-16.0,-8.0,-15.0,-8.0,-15.0,-8.0,-15.0,-9.0,-16.0,-9.0,-15.0,-9.0,-15.0,-9.0,-15.0,-9.0,-15.0,-9.0,-15.0,-9.0,-14.0,-9.0,-14.0,-10.0,-14.0,-10.0,-14.0,-11.0,-14.0,-11.0,-14.0,-11.0,-14.0,-12.0,-15.0,-12.0,-15.0,-13.0,-15.0,-12.0,-14.0,-12.0,-15.0,-12.0,-15.0,-13.0,-15.0,-13.0,-14.0,-13.0,-15.0,-14.0,-14.0,-14.0,-14.0,-14.0,-15.0,-14.0,-15.0,-15.0,-16.0,-15.0,-16.0,-15.0,-16.0,-15.0,-17.0,-14.0,-17.0,-14.0,-17.0,-15.0,-17.0,-15.0,-18.0,-15.0,-18.0,-15.0,-18.0,-15.0,-19.0,-15.0,-19.0,-15.0,-20.0,-14.0,-20.0,-14.0,-21.0,-14.0,-22.0
5.0,-16.0,5.0,-16.0,5.0,-17.0,4.0,-17.0,4.0,-17.0,4.0,-17.0,4.0,-16.0,4.0,-16.0,4.0,-16.0,3.0,-16.0,3.0,-17.0,3.0,-17.0,3.0,-17.0,3.0,-17.0,2.0,-17.0,2.0,-17.0,2.0,-16.0,2.0,-16.0,1.0,-16.0,1.0,-17.0,1.0,-17.0,1.0,-17.0,0.0,-17.0,0.0,-18.0,0.0,-19.0,-1.0,-19.0,-1.0,-19.0,-1.0,-19.0,-1.0,-19.0,-1.0,-19.0,-1.0,-19.0,-1.0,-20.0,-1.0,-20.0,-1.0,-20.0,-1.0,-20.0,-1.0,-21.0,-2.0,-21.0,-2.0,-22.0,-1.0,-22.0,-1.0,-22.0,-1.0,-22.0,-1.0,-22.0,-1.0,-22.0,0.0,-23.0,0.0,-23.0,1.0,-24.0,1.0,-24.0,1.0,-24.0,1.0,-24.0,2.0,-25.0,3.0,-25.0,4.0,-26.0
1.0,-17.0,1.0,-17.0,1.0,-17.0,1.0,-17.0,1.0,-17.0,1.0,-17.0,1.0,-17.0,0.0,-17.0,0.0,-16.0,0.0,-16.0,0.0,-17.0,0.0,-17.0,0.0,-17.0,0.0,-17.0,-1.0,-17.0,-1.0,-17.0,-1.0,-16.0,-1.0,-16.0,-2.0,-16.0,-2.0,-17.0,-2.0,-17.0,-3.0,-17.0,-3.0,-17.0,-3.0,-18.0,-4.0,-18.0,-4.0,-19.0,-4.0,-18.0,-4.0,-18.0,-4.0,-18.0,-4.0,-18.0,-4.0,-19.0,-4.0,-19.0,-5.0,-19.0,-5.0,-19.0,-4.0,-20.0,-5.0,-20.0,-5.0,-21.0,-5.0,-21.0,-4.0,-21.0,-4.0,-22.0,-4.0,-22.0,-4.0,-22.0,-4.0,-22.0,-3.0,-23.0,-3.0,-23.0,-3.0,-23.0,-3.0,-24.0,-2.0,-24.0,-2.0,-24.0,-1.0,-24.0,0.0,-25.0,1.0,-26.0
16.0,-6.0,16.0,-6.0,16.0,-6.0,16.0,-6.0,16.0,-6.0,16.0,-6.0,15.0,-6.0,15.0,-6.0,15.0,-6.0,15.0,-6.0,15.0,-7.0,15.0,-7.0,15.0,-7.0,15.0,-7.0,14.0,-8.0,14.0,-8.0,14.0,-8.0,14.0,-8.0,14.0,-8.0,14.0,-9.0,14.0,-9.0,14.0,-9.0,14.0,-9.0,14.0,-10.0,15.0,-10.0,15.0,-11.0,15.0,-11.0,15.0,-11.0,15.0,-11.0,15.0,-11.0,15.0,-12.0,15.0,-12.0,15.0,-12.0,15.0,-12.0,16.0,-12.0,16.0,-13.0,16.0,-13.0,17.0,-13.0,17.0,-13.0,18.0,-13.0,18.0,-12.0,18.0,-12.0,18.0,-12.0,19.0,-12.0,20.0,-12.0,20.0,-12.0,20.0,-12.0,20.0,-12.0,21.0,-11.0,21.0,-11.0,22.0,-10.0,23.0,-10.0
10.0,-14.0,10.0,-14.0,10.0,-14.0,10.0,-14.0,10.0,-14.0,10.0,-14.0,10.0,-14.0,9.0,-14.0,9.0,-14.0,9.0,-14.0,9.0,-14.0,9.0,-15.0,9.0,-15.0,8.0,-15.0,8.0,-15.0,8.0,-15.0,8.0,-15.0,8.0,-14.0,8.0,-15.0,8.0,-15.0,7.0,-16.0,7.0,-16.0,7.0,-16.0,7.0,-17.0,7.0,-18.0,6.0,-18.0,8.0,-18.0,7.0,-18.0,7.0,-18.0,7.0,-18.0,7.0,-19.0,7.0,-19.0,7.0,-19.0,7.0,-19.0,8.0,-19.0,7.0,-20.0,7.0,-21.0,8.0,-21.0,8.0,-21.0,9.0,-21.0,9.0,-21.0,9.0,-21.0,10.0,-21.0,10.0,-22.0,11.0,-22.0,11.0,-21.0,12.0,-21.0,12.0,-21.0,12.0,-22.0,13.0,-22.0,14.0,-22.0,15.0,-22.0
15.0,4.0,16.0,4.0,16.0,4.0,16.0,4.0,16.0,3.0,16.0,3.0,16.0,3.0,15.0,3.0,15.0,3.0,15.0,3.0,16.0,2.0,16.0,2.0,16.0,2.0,16.0,2.0,16.0,2.0,16.0,1.0,16.0,1.0,16.0,1.0,16.0,1.0,17.0,1.0,17.0,0.0,17.0,0.0,17.0,0.0,18.0,0.0,18.0,-1.0,19.0,-1.0,18.0,0.0,18.0,-1.0,19.0,-1.0,19.0,-1.0,19.0,-1.0,20.0,-1.0,20.0,-1.0,20.0,-2.0,20.0,-2.0,21.0,-2.0,21.0,-2.0,22.0,-2.0,22.0,-1.0,22.0,-1.0,22.0,-1.0,22.0,0.0,23.0,0.0,23.0,0.0,24.0,1.0,24.0,1.0,25.0,1.0,25.0,2.0,25.0,2.0,25.0,3.0,26.0,4.0,26.0,4.0
18.0,1.0,18.0,1.0,18.0,1.0,18.0,1.0,18.0,1.0,18.0,1.0,18.0,0.0,17.0,0.0,17.0,0.0,17.0,0.0,18.0,-1.0,18.0,-1.0,18.0,-1.0,18.0,-1.0,18.0,-2.0,18.0,-2.0,17.0,-2.0,17.0,-2.0,17.0,-3.0,18.0,-3.0,18.0,-3.0,18.0,-4.0,18.0,-4.0,19.0,-5.0,19.0,-5.0,20.0,-5.0,20.0,-5.0,19.0,-5.0,20.0,-6.0,20.0,-6.0,20.0,-6.0,21.0,-7.0,21.0,-7.0,21.0,-7.0,21.0,-7.0,22.0,-7.0,23.0,-7.0,23.0,-7.0,23.0,-7.0,23.0,-6.0,24.0,-6.0,24.0,-6.0,25.0,-6.0,26.0,-6.0,26.0,-6.0,26.0,-6.0,27.0,-6.0,27.0,-5.0,28.0,-4.0,28.0,-4.0,29.0,-3.0,29.0,-2.0
16.0,7.0,16.0,7.0,16.0,7.0,16.0,6.0,16.0,6.0,16.0,6.0,16.0,6.0,16.0,6.0,16.0,5.0,16.0,5.0,16.0,5.0,17.0,5.0,17.0,4.0,17.0,4.0,17.0,4.0,17.0,4.0,16.0,4.0,17.0,4.0,17.0,3.0,18.0,2.0,18.0,2.0,18.0,2.0,18.0,1.0,19.0,1.0,20.0,1.0,20.0,1.0,20.0,1.0,20.0,1.0,20.0,1.0,20.0,0.0,21.0,0.0,21.0,0.0,22.0,0.0,22.0,-1.0,22.0,-1.0,22.0,-1.0,23.0,-1.0,23.0,-1.0,24.0,-1.0,24.0,0.0,24.0,0.0,25.0,0.0,25.0,0.0,26.0,1.0,27.0,1.0,27.0,1.0,27.0,1.0,27.0,2.0,27.0,3.0,28.0,4.0,28.0,5.0,29.0,5.0
7.0,14.0,7.0,14.0,7.0,14.0,7.0,14.0,7.0,14.0,7.0,13.0,7.0,13.0,7.0,13.0,7.0,13.0,8.0,13.0,8.0,13.0,9.0,13.0,9.0,12.0,9.0,12.0,9.0,12.0,9.0,12.0,9.0,12.0,9.0,12.0,10.0,12.0,10.0,12.0,10.0,12.0,10.0,12.0,11.0,11.0,11.0,11.0,12.0,12.0,13.0,12.0,12.0,12.0,12.0,12.0,12.0,12.0,13.0,12.0,13.0,12.0,13.0,12.0,14.0,12.0,14.0,12.0,15.0,13.0,15.0,13.0,16.0,13.0,16.0,13.0,15.0,14.0,15.0,14.0,15.0,14.0,16.0,15.0,16.0,15.0,16.0,16.0,16.0,16.0,16.0,17.0,16.0,17.0,16.0,18.0,16.0,18.0,15.0,19.0,15.0,20.0,15.0,20.0
-13.0,-11.0,-13.0,-11.0,-13.0,-11.0,-13.0,-11.0,-13.0,-11.0,-13.0,-10.0,-14.0,-10.0,-13.0,-10.0,-13.0,-10.0,-14.0,-9.0,-14.0,-9.0,-14.0,-9.0,-14.0,-9.0,-14.0,-9.0,-14.0,-9.0,-14.0,-8.0,-14.0,-8.0,-14.0,-8.0,-15.0,-8.0,-15.0,-7.0,-15.0,-7.0,-15.0,-7.0,-16.0,-7.0,-16.0,-7.0,-17.0,-7.0,-17.0,-7.0,-17.0,-6.0,-17.0,-6.0,-18.0,-6.0,-18.0,-6.0,-18.0,-6.0,-19.0,-6.0,-19.0,-6.0,-19.0,-6.0,-19.0,-6.0,-20.0,-6.0,-20.0,-6.0,-21.0,-6.0,-21.0,-7.0,-21.0,-7.0,-21.0,-7.0,-21.0,-7.0,-22.0,-8.0,-22.0,-8.0,-23.0,-8.0,-23.0,-9.0,-23.0,-9.0,-23.0,-10.0,-23.0,-11.0,-24.0,-11.0,-23.0,-12.0,-23.0,-13.0
10.0,12.0,10.0,12.0,10.0,12.0,10.0,12.0,10.0,12.0,10.0,12.0,11.0,11.0,10.0,11.0,10.0,11.0,11.0,11.0,11.0,11.0,11.0,11.0,11.0,10.0,11.0,10.0,11.0,10.0,12.0,10.0,12.0,9.0,12.0,9.0,12.0,9.0,13.0,9.0,13.0,9.0,13.0,8.0,13.0,8.0,14.0,9.0,15.0,9.0,15.0,8.0,15.0,8.0,15.0,8.0,15.0,8.0,15.0,8.0,16.0,8.0,17.0,8.0,17.0,8.0,17.0,8.0,17.0,8.0,17.0,8.0,18.0,8.0,18.0,9.0,18.0,9.0,18.0,10.0,18.0,10.0,19.0,10.0,19.0,10.0,20.0,11.0,20.0,11.0,20.0,11.0,20.0,12.0,20.0,12.0,20.0,13.0,20.0,14.0,20.0,15.0,19.0,16.0
0.0,-19.0,0.0,-19.0,0.0,-19.0,0.0,-19.0,0.0,-19.0,0.0,-19.0,0.0,-19.0,-1.0,-18.0,-1.0,-18.0,-1.0,-18.0,-1.0,-18.0,-2.0,-18.0,-2.0,-18.0,-2.0,-18.0,-2.0,-18.0,-2.0,-18.0,-2.0,-18.0,-3.0,-17.0,-3.0,-18.0,-4.0,-18.0,-4.0,-18.0,-4.0,-18.0,-5.0,-18.0,-5.0,-19.0,-6.0,-19.0,-6.0,-20.0,-6.0,-20.0,-6.0,-19.0,-6.0,-20.0,-6.0,-20.0,-6.0,-20.0,-7.0,-21.0,-7.0,-21.0,-7.0,-21.0,-7.0,-21.0,-7.0,-21.0,-8.0,-22.0,-8.0,-23.0,-8.0,-24.0,-7.0,-24.0,-7.0,-24.0,-7.0,-24.0,-7.0,-24.0,-7.0,-25.0,-6.0,-26.0,-6.0,-26.0,-5.0,-27.0,-5.0,-27.0,-5.0,-27.0,-4.0,-28.0,-3.0,-29.0,-3.0,-30.0
-12.0,12.0,-12.0,12.0,-11.0,12.0,-11.0,12.0,-11.0,12.0,-11.0,12.0,-11.0,12.0,-11.0,12.0,-10.0,12.0,-10.0,12.0,-10.0,12.0,-10.0,12.0,-10.0,12.0,-10.0,12.0,-9.0,12.0,-9.0,12.0,-9.0,12.0,-9.0,12.0,-9.0,13.0,-8.0,14.0,-8.0,14.0,-8.0,14.0,-8.0,14.0,-8.0,14.0,-8.0,15.0,-8.0,16.0,-8.0,15.0,-8.0,15.0,-8.0,16.0,-8.0,16.0,-8.0,16.0,-8.0,17.0,-8.0,17.0,-7.0,17.0,-8.0,17.0,-8.0,18.0,-8.0,18.0,-9.0,19.0,-9.0,19.0,-9.0,19.0,-9.0,19.0,-9.0,19.0,-10.0,20.0,-10.0,20.0,-11.0,20.0,-11.0,20.0,-11.0,21.0,-12.0,21.0,-13.0,20.0,-14.0,20.0,-15.0,21.0,-16.0,21.0
-21.0,0.0,-21.0,0.0,-21.0,0.0,-21.0,0.0,-21.0,1.0,-21.0,1.0,-20.0,1.0,-20.0,1.0,-20.0,1.0,-19.0,2.0,-20.0,2.0,-20.0,2.0,-20.0,3.0,-20.0,3.0,-20.0,3.0,-20.0,3.0,-19.0,3.0,-19.0,3.0,-20.0,4.0,-20.0,5.0,-20.0,5.0,-19.0,5.0,-19.0,6.0,-20.0,6.0,-21.0,7.0,-21.0,7.0,-21.0,8.0,-21.0,8.0,-21.0,8.0,-21.0,8.0,-22.0,8.0,-22.0,9.0,-22.0,9.0,-23.0,9.0,-23.0,9.0,-23.0,10.0,-23.0,10.0,-24.0,10.0,-25.0,10.0,-25.0,10.0,-25.0,10.0,-26.0,10.0,-26.0,10.0,-27.0,10.0,-28.0,10.0,-28.0,10.0,-28.0,9.0,-29.0,9.0,-29.0,8.0,-30.0,8.0,-31.0,7.0,-32.0,6.0
-19.0,-3.0,-19.0,-3.0,-18.0,-3.0,-18.0,-2.0,-18.0,-3.0,-18.0,-2.0,-18.0,-2.0,-18.0,-2.0,-18.0,-1.0,-18.0,-1.0,-18.0,-1.0,-18.0,-1.0,-18.0,-1.0,-18.0,0.0,-18.0,0.0,-18.0,0.0,-17.0,0.0,-17.0,0.0,-17.0,1.0,-18.0,2.0,-18.0,2.0,-18.0,2.0,-18.0,3.0,-18.0,3.0,-19.0,3.0,-20.0,4.0,-19.0,4.0,-19.0,4.0,-19.0,4.0,-19.0,4.0,-20.0,5.0,-20.0,5.0,-20.0,5.0,-21.0,6.0,-21.0,6.0,-22.0,6.0,-22.0,6.0,-22.0,6.0,-23.0,6.0,-23.0,5.0,-23.0,5.0,-23.0,5.0,-24.0,5.0,-25.0,5.0,-25.0,5.0,-25.0,5.0,-26.0,5.0,-26.0,5.0,-27.0,4.0,-28.0,3.0,-28.0,2.0,-28.0,2.0
-14.0,-9.0,-14.0,-9.0,-14.0,-9.0,-14.0,-9.0,-14.0,-9.0,-15.0,-9.0,-15.0,-8.0,-15.0,-8.0,-14.0,-8.0,-14.0,-8.0,-14.0,-8.0,-14.0,-8.0,-15.0,-8.0,-15.0,-7.0,-15.0,-7.0,-15.0,-7.0,-14.0,-7.0,-14.0,-6.0,-15.0,-6.0,-16.0,-6.0,-16.0,-5.0,-16.0,-5.0,-16.0,-5.0,-16.0,-5.0,-17.0,-5.0,-18.0,-5.0,-17.0,-5.0,-17.0,-5.0,-17.0,-5.0,-18.0,-5.0,-18.0,-5.0,-19.0,-5.0,-19.0,-4.0,-19.0,-4.0,-19.0,-5.0,-20.0,-5.0,-20.0,-5.0,-20.0,-5.0,-21.0,-5.0,-21.0,-5.0,-21.0,-6.0,-21.0,-6.0,-21.0,-6.0,-22.0,-7.0,-23.0,-7.0,-23.0,-7.0,-23.0,-8.0,-23.0,-9.0,-23.0,-9.0,-23.0,-10.0,-23.0,-11.0,-23.0,-12.0
-19.0,0.0,-19.0,0.0,-19.0,1.0,-19.0,1.0,-18.0,1.0,-18.0,1.0,-18.0,1.0,-18.0,1.0,-18.0,1.0,-17.0,1.0,-18.0,2.0,-18.0,2.0,-18.0,2.0,-18.0,3.0,-17.0,3.0,-17.0,3.0,-17.0,3.0,-17.0,3.0,-17.0,4.0,-17.0,5.0,-17.0,5.0,-17.0,5.0,-17.0,5.0,-18.0,6.0,-18.0,6.0,-19.0,7.0,-18.0,7.0,-18.0,7.0,-18.0,7.0,-18.0,7.0,-19.0,8.0,-19.0,8.0,-19.0,8.0,-20.0,8.0,-20.0,9.0,-20.0,9.0,-21.0,9.0,-21.0,9.0,-21.0,9.0,-22.0,9.0,-22.0,9.0,-22.0,9.0,-23.0,9.0,-23.0,9.0,-24.0,9.0,-24.0,9.0,-25.0,9.0,-26.0,8.0,-26.0,8.0,-27.0,7.0,-28.0,6.0,-28.0,6.0
-19.0,-9.0,-19.0,-9.0,-19.0,-9.0,-19.0,-9.0,-19.0,-9.0,-19.0,-9.0,-19.0,-8.0,-19.0,-8.0,-18.0,-8.0,-18.0,-7.0,-19.0,-7.0,-19.0,-7.0,-19.0,-6.0,-19.0,-6.0,-19.0,-6.0,-19.0,-5.0,-19.0,-5.0,-19.0,-5.0,-20.0,-4.0,-20.0,-4.0,-20.0,-3.0,-20.0,-3.0,-20.0,-3.0,-21.0,-3.0,-22.0,-2.0,-22.0,-2.0,-22.0,-2.0,-22.0,-2.0,-23.0,-1.0,-23.0,-1.0,-23.0,-1.0,-24.0,-1.0,-24.0,0.0,-24.0,0.0,-25.0,0.0,-25.0,0.0,-26.0,1.0,-26.0,1.0,-26.0,0.0,-27.0,0.0,-27.0,0.0,-28.0,0.0,-29.0,0.0,-29.0,0.0,-30.0,-1.0,-30.0,-1.0,-30.0,-2.0,-31.0,-2.0,-31.0,-3.0,-32.0,-3.0,-32.0,-4.0,-33.0,-5.0
-1.0,-21.0,-1.0,-21.0,-1.0,-21.0,-1.0,-21.0,-2.0,-21.0,-2.0,-21.0,-2.0,-20.0,-3.0,-20.0,-3.0,-20.0,-3.0,-20.0,-4.0,-20.0,-4.0,-20.0,-4.0,-20.0,-4.0,-20.0,-4.0,-20.0,-4.0,-20.0,-4.0,-19.0,-4.0,-19.0,-5.0,-19.0,-6.0,-20.0,-6.0,-20.0,-7.0,-19.0,-7.0,-19.0,-8.0,-20.0,-8.0,-21.0,-9.0,-21.0,-9.0,-21.0,-9.0,-21.0,-9.0,-21.0,-9.0,-21.0,-10.0,-21.0,-10.0,-22.0,-10.0,-22.0,-11.0,-22.0,-11.0,-22.0,-11.0,-23.0,-12.0,-23.0,-12.0,-24.0,-12.0,-25.0,-12.0,-25.0,-11.0,-25.0,-11.0,-26.0,-11.0,-26.0,-12.0,-27.0,-11.0,-28.0,-11.0,-28.0,-11.0,-29.0,-10.0,-29.0,-10.0,-30.0,-9.0,-30.0,-8.0,-31.0,-8.0,-32.0
-13.0,-17.0,-13.0,-16.0,-13.0,-16.0,-13.0,-16.0,-13.0,-16.0,-13.0,-16.0,-13.0,-16.0,-13.0,-16.0,-13.0,-15.0,-14.0,-15.0,-14.0,-14.0,-14.0,-14.0,-15.0,-14.0,-15.0,-14.0,-15.0,-14.0,-15.0,-13.0,-15.0,-13.0,-15.0,-12.0,-15.0,-12.0,-16.0,-12.0,-16.0,-12.0,-16.0,-12.0,-17.0,-12.0,-18.0,-11.0,-19.0,-12.0,-20.0,-12.0,-19.0,-12.0,-19.0,-12.0,-19.0,-11.0,-20.0,-11.0,-20.0,-11.0,-21.0,-12.0,-21.0,-12.0,-21.0,-12.0,-22.0,-12.0,-22.0,-12.0,-23.0,-12.0,-24.0,-12.0,-24.0,-13.0,-24.0,-13.0,-24.0,-13.0,-24.0,-13.0,-24.0,-14.0,-25.0,-15.0,-25.0,-16.0,-25.0,-16.0,-25.0,-17.0,-25.0,-17.0,-26.0,-17.0,-26.0,-18.0,-26.0,-19.0,-26.0,-20.0
-15.0,-7.0,-15.0,-7.0,-15.0,-7.0,-16.0,-6.0,-16.0,-6.0,-16.0,-6.0,-15.0,-6.0,-15.0,-5.0,-15.0,-5.0,-15.0,-5.0,-15.0,-4.0,-16.0,-4.0,-16.0,-4.0,-16.0,-4.0,-16.0,-3.0,-16.0,-3.0,-16.0,-3.0,-15.0,-3.0,-16.0,-3.0,-16.0,-2.0,-16.0,-2.0,-16.0,-2.0,-16.0,-1.0,-17.0,-1.0,-18.0,-1.0,-18.0,0.0,-18.0,0.0,-18.0,-1.0,-18.0,-1.0,-18.0,0.0,-19.0,0.0,-19.0,0.0,-19.0,1.0,-19.0,1.0,-19.0,1.0,-20.0,1.0,-20.0,1.0,-21.0,1.0,-22.0,1.0,-22.0,1.0,-22.0,0.0,-22.0,0.0,-22.0,0.0,-23.0,0.0,-24.0,0.0,-24.0,-1.0,-24.0,-1.0,-24.0,-1.0,-24.0,-1.0,-25.0,-2.0,-26.0,-3.0,-26.0,-4.0
13.0,-9.0,13.0,-9.0,13.0,-9.0,13.0,-9.0,13.0,-9.0,13.0,-9.0,13.0,-9.0,12.0,-9.0,12.0,-9.0,12.0,-9.0,12.0,-10.0,12.0,-10.0,12.0,-11.0,11.0,-11.0,11.0,-10.0,11.0,-11.0,11.0,-11.0,11.0,-11.0,11.0,-11.0,11.0,-12.0,11.0,-12.0,10.0,-12.0,10.0,-13.0,10.0,-13.0,10.0,-14.0,11.0,-15.0,10.0,-14.0,10.0,-14.0,10.0,-15.0,10.0,-15.0,10.0,-15.0,10.0,-16.0,10.0,-16.0,11.0,-16.0,11.0,-16.0,11.0,-17.0,11.0,-18.0,11.0,-18.0,11.0,-18.0,12.0,-18.0,12.0,-18.0,13.0,-18.0,13.0,-18.0,13.0,-19.0,14.0,-19.0,14.0,-19.0,15.0,-19.0,15.0,-19.0,15.0,-19.0,16.0,-19.0,17.0,-19.0,18.0,-19.0
17.0,10.0,17.0,10.0,17.0,10.0,17.0,10.0,17.0,10.0,17.0,10.0,17.0,9.0,17.0,9.0,17.0,8.0,17.0,8.0,18.0,7.0,18.0,7.0,18.0,7.0,18.0,7.0,18.0,7.0,18.0,7.0,17.0,6.0,18.0,6.0,18.0,6.0,19.0,6.0,19.0,5.0,19.0,5.0,19.0,5.0,20.0,4.0,21.0,4.0,21.0,4.0,21.0,4.0,21.0,4.0,22.0,4.0,22.0,3.0,22.0,3.0,23.0,3.0,23.0,3.0,24.0,3.0,24.0,3.0,24.0,3.0,25.0,2.0,25.0,3.0,26.0,3.0,26.0,4.0,26.0,4.0,26.0,4.0,27.0,4.0,28.0,5.0,28.0,6.0,28.0,6.0,29.0,6.0,29.0,7.0,29.0,8.0,30.0,8.0,30.0,9.0,30.0,10.0
13.0,-10.0,13.0,-10.0,13.0,-10.0,13.0,-10.0,13.0,-10.0,13.0,-10.0,12.0,-11.0,12.0,-11.0,12.0,-10.0,12.0,-10.0,12.0,-11.0,12.0,-11.0,12.0,-11.0,12.0,-11.0,12.0,-11.0,12.0,-12.0,11.0,-12.0,11.0,-12.0,11.0,-12.0,11.0,-13.0,10.0,-13.0,10.0,-13.0,10.0,-13.0,11.0,-13.0,11.0,-14.0,11.0,-15.0,11.0,-15.0,11.0,-15.0,10.0,-15.0,10.0,-15.0,10.0,-16.0,10.0,-16.0,10.0,-16.0,11.0,-16.0,11.0,-17.0,11.0,-17.0,11.0,-17.0,12.0,-17.0,12.0,-18.0,12.0,-18.0,12.0,-18.0,13.0,-19.0,13.0,-19.0,14.0,-19.0,14.0,-19.0,14.0,-19.0,15.0,-19.0,16.0,-19.0,16.0,-19.0,17.0,-19.0,18.0,-18.0,19.0,-18.0
19.0,7.0,19.0,6.0,19.0,6.0,19.0,6.0,19.0,6.0,19.0,6.0,19.0,6.0,19.0,5.0,19.0,5.0,19.0,4.0,19.0,4.0,19.0,4.0,19.0,4.0,19.0,3.0,19.0,3.0,19.0,3.0,19.0,3.0,19.0,3.0,19.0,2.0,20.0,2.0,20.0,2.0,20.0,1.0,20.0,1.0,21.0,0.0,22.0,0.0,22.0,0.0,22.0,0.0,22.0,0.0,22.0,-1.0,22.0,-1.0,23.0,-1.0,23.0,-1.0,24.0,-2.0,24.0,-2.0,24.0,-2.0,25.0,-2.0,25.0,-2.0,26.0,-2.0,26.0,-1.0,26.0,-1.0,26.0,-1.0,27.0,-1.0,27.0,-1.0,28.0,0.0,29.0,0.0,29.0,0.0,29.0,0.0,29.0,1.0,30.0,2.0,30.0,3.0,31.0,4.0,31.0,5.0
5.0,15.0,6.0,15.0,6.0,15.0,6.0,15.0,6.0,15.0,6.0,15.0,6.0,14.0,6.0,14.0,6.0,14.0,6.0,14.0,7.0,14.0,7.0,14.0,7.0,14.0,7.0,14.0,7.0,14.0,7.0,14.0,7.0,13.0,7.0,13.0,8.0,13.0,8.0,13.0,8.0,13.0,9.0,13.0,9.0,13.0,10.0,13.0,10.0,14.0,10.0,14.0,10.0,14.0,10.0,14.0,10.0,14.0,11.0,14.0,11.0,14.0,11.0,14.0,12.0,14.0,12.0,15.0,12.0,15.0,13.0,15.0,13.0,15.0,13.0,16.0,13.0,16.0,13.0,16.0,12.0,16.0,13.0,17.0,13.0,17.0,13.0,18.0,13.0,19.0,13.0,19.0,13.0,19.0,13.0,20.0,12.0,20.0,12.0,21.0,11.0,22.0,11.0,23.0
16.0,3.0,16.0,3.0,16.0,3.0,16.0,3.0,16.0,3.0,16.0,3.0,16.0,3.0,16.0,2.0,15.0,2.0,16.0,2.0,16.0,2.0,16.0,2.0,16.0,1.0,16.0,1.0,16.0,1.0,15.0,1.0,15.0,1.0,15.0,1.0,16.0,0.0,16.0,0.0,16.0,0.0,16.0,0.0,16.0,-1.0,17.0,-1.0,17.0,-1.0,18.0,-2.0,18.0,-2.0,18.0,-2.0,18.0,-2.0,18.0,-2.0,18.0,-2.0,19.0,-2.0,19.0,-2.0,19.0,-2.0,19.0,-2.0,20.0,-3.0,20.0,-3.0,21.0,-3.0,21.0,-3.0,21.0,-2.0,21.0,-2.0,22.0,-2.0,22.0,-2.0,23.0,-2.0,23.0,-1.0,24.0,-1.0,24.0,-1.0,24.0,0.0,24.0,0.0,25.0,1.0,25.0,2.0,25.0,3.0
-12.0,14.0,-12.0,14.0,-12.0,14.0,-12.0,14.0,-12.0,14.0,-12.0,14.0,-11.0,14.0,-11.0,14.0,-11.0,13.0,-11.0,14.0,-10.0,14.0,-10.0,14.0,-10.0,15.0,-10.0,15.0,-10.0,15.0,-10.0,14.0,-9.0,14.0,-9.0,15.0,-9.0,15.0,-9.0,16.0,-9.0,16.0,-9.0,16.0,-9.0,16.0,-9.0,17.0,-8.0,18.0,-8.0,18.0,-8.0,18.0,-8.0,18.0,-8.0,18.0,-8.0,18.0,-8.0,19.0,-8.0,19.0,-8.0,20.0,-8.0,20.0,-8.0,20.0,-8.0,21.0,-8.0,22.0,-9.0,22.0,-9.0,22.0,-9.0,22.0,-9.0,22.0,-10.0,22.0,-10.0,22.0,-11.0,23.0,-11.0,23.0,-12.0,23.0,-13.0,24.0,-13.0,24.0,-14.0,24.0,-15.0,24.0,-16.0,24.0,-17.0,24.0
8.0,13.0,8.0,13.0,9.0,13.0,9.0,13.0,9.0,13.0,9.0,13.0,9.0,13.0,9.0,13.0,9.0,13.0,9.0,12.0,9.0,12.0,10.0,12.0,10.0,12.0,10.0,12.0,10.0,11.0,10.0,11.0,10.0,11.0,10.0,11.0,11.0,11.0,11.0,11.0,12.0,11.0,12.0,11.0,12.0,10.0,13.0,10.0,13.0,11.0,14.0,11.0,14.0,11.0,14.0,11.0,14.0,11.0,14.0,10.0,14.0,10.0,15.0,11.0,15.0,11.0,15.0,11.0,15.0,11.0,16.0,11.0,17.0,11.0,17.0,12.0,17.0,12.0,17.0,13.0,17.0,13.0,17.0,14.0,17.0,14.0,17.0,14.0,18.0,15.0,18.0,15.0,18.0,16.0,17.0,16.0,17.0,17.0,17.0,17.0,17.0,18.0,17.0,19.0
1.0,17.0,1.0,17.0,1.0,16.0,1.0,16.0,1.0,16.0,1.0,16.0,1.0,16.0,2.0,16.0,2.0,16.0,2.0,15.0,2.0,16.0,2.0,16.0,3.0,16.0,3.0,16.0,3.0,16.0,3.0,15.0,3.0,15.0,3.0,15.0,4.0,15.0,5.0,16.0,5.0,16.0,5.0,15.0,6.0,15.0,6.0,16.0,6.0,16.0,7.0,17.0,7.0,17.0,7.0,17.0,7.0,17.0,7.0,17.0,8.0,17.0,8.0,17.0,8.0,17.0,9.0,18.0,9.0,18.0,9.0,18.0,9.0,18.0,9.0,19.0,9.0,19.0,9.0,20.0,9.0,20.0,9.0,20.0,9.0,21.0,9.0,21.0,9.0,22.0,9.0,22.0,9.0,23.0,8.0,23.0,8.0,24.0,7.0,24.0,6.0,25.0,6.0,26.0
-7.0,15.0,-7.0,15.0,-7.0,15.0,-7.0,15.0,-7.0,15.0,-7.0,15.0,-7.0,15.0,-7.0,15.0,-6.0,15.0,-6.0,15.0,-6.0,15.0,-6.0,15.0,-5.0,15.0,-5.0,15.0,-5.0,15.0,-5.0,15.0,-5.0,15.0,-4.0,15.0,-4.0,16.0,-4.0,16.0,-4.0,16.0,-3.0,16.0,-3.0,16.0,-3.0,17.0,-2.0,18.0,-2.0,18.0,-2.0,18.0,-2.0,18.0,-2.0,18.0,-2.0,18.0,-2.0,19.0,-2.0,19.0,-2.0,20.0,-2.0,20.0,-1.0,20.0,-1.0,21.0,-1.0,21.0,-1.0,21.0,-1.0,21.0,-2.0,22.0,-2.0,22.0,-2.0,22.0,-2.0,23.0,-3.0,23.0,-3.0,24.0,-3.0,24.0,-4.0,24.0,-4.0,24.0,-5.0,25.0,-6.0,25.0,-7.0,25.0,-7.0,25.0
-14.0,9.0,-15.0,9.0,-15.0,9.0,-14.0,9.0,-14.0,9.0,-14.0,9.0,-14.0,9.0,-14.0,9.0,-14.0,9.0,-13.0,9.0,-13.0,10.0,-13.0,10.0,-13.0,10.0,-13.0,10.0,-13.0,10.0,-13.0,10.0,-12.0,10.0,-12.0,10.0,-12.0,11.0,-13.0,11.0,-12.0,12.0,-12.0,12.0,-12.0,12.0,-12.0,13.0,-12.0,13.0,-12.0,14.0,-12.0,14.0,-12.0,13.0,-12.0,14.0,-13.0,14.0,-13.0,14.0,-13.0,15.0,-13.0,15.0,-13.0,15.0,-13.0,16.0,-13.0,16.0,-14.0,17.0,-14.0,17.0,-14.0,17.0,-15.0,16.0,-15.0,16.0,-16.0,17.0,-16.0,17.0,-16.0,17.0,-17.0,17.0,-18.0,17.0,-18.0,17.0,-19.0,16.0,-19.0,16.0,-20.0,16.0,-21.0,16.0,-22.0,16.0
-17.0,-3.0,-17.0,-3.0,-17.0,-3.0,-17.0,-3.0,-17.0,-3.0,-17.0,-3.0,-17.0,-3.0,-17.0,-3.0,-16.0,-2.0,-16.0,-2.0,-17.0,-2.0,-17.0,-2.0,-17.0,-2.0,-17.0,-1.0,-17.0,-1.0,-17.0,-1.0,-16.0,-1.0,-16.0,-1.0,-17.0,-1.0,-17.0,0.0,-17.0,0.0,-17.0,0.0,-17.0,1.0,-18.0,1.0,-19.0,1.0,-19.0,2.0,-19.0,2.0,-19.0,2.0,-19.0,2.0,-19.0,2.0,-20.0,2.0,-20.0,2.0,-20.0,3.0,-20.0,2.0,-21.0,2.0,-21.0,3.0,-22.0,3.0,-22.0,3.0,-22.0,2.0,-22.0,2.0,-23.0,2.0,-23.0,2.0,-23.0,2.0,-24.0,1.0,-24.0,1.0,-25.0,1.0,-25.0,0.0,-25.0,0.0,-25.0,-1.0,-26.0,-1.0,-27.0,-2.0,-27.0,-3.0
-15.0,-9.0,-15.0,-9.0,-15.0,-9.0,-15.0,-9.0,-15.0,-9.0,-15.0,-9.0,-15.0,-9.0,-15.0,-9.0,-15.0,-8.0,-15.0,-8.0,-15.0,-8.0,-15.0,-8.0,-16.0,-8.0,-16.0,-7.0,-16.0,-7.0,-16.0,-7.0,-16.0,-7.0,-15.0,-7.0,-16.0,-6.0,-17.0,-6.0,-17.0,-6.0,-16.0,-6.0,-17.0,-5.0,-17.0,-5.0,-18.0,-5.0,-19.0,-5.0,-18.0,-5.0,-18.0,-5.0,-19.0,-5.0,-19.0,-5.0,-19.0,-5.0,-20.0,-5.0,-20.0,-5.0,-20.0,-5.0,-20.0,-5.0,-21.0,-5.0,-21.0,-5.0,-22.0,-5.0,-22.0,-6.0,-22.0,-6.0,-22.0,-6.0,-22.0,-6.0,-23.0,-6.0,-23.0,-7.0,-23.0,-8.0,-23.0,-8.0,-24.0,-8.0,-24.0,-9.0,-24.0,-9.0,-24.0,-10.0,-24.0,-11.0,-24.0,-11.0
-14.0,-11.0,-14.0,-11.0,-14.0,-11.0,-14.0,-11.0,-14.0,-10.0,-14.0,-10.0,-14.0,-10.0,-14.0,-10.0,-14.0,-10.0,-14.0,-10.0,-15.0,-9.0,-15.0,-9.0,-15.0,-9.0,-15.0,-9.0,-15.0,-9.0,-15.0,-9.0,-15.0,-8.0,-15.0,-8.0,-15.0,-8.0,-16.0,-8.0,-16.0,-8.0,-16.0,-7.0,-16.0,-7.0,-17.0,-7.0,-18.0,-7.0,-18.0,-7.0,-18.0,-7.0,-18.0,-7.0,-18.0,-7.0,-18.0,-7.0,-19.0,-7.0,-19.0,-7.0,-19.0,-7.0,-20.0,-7.0,-20.0,-7.0,-20.0,-7.0,-21.0,-7.0,-21.0,-7.0,-21.0,-7.0,-21.0,-8.0,-22.0,-8.0,-22.0,-8.0,-22.0,-8.0,-22.0,-9.0,-22.0,-10.0,-22.0,-11.0,-23.0,-11.0,-23.0,-11.0,-22.0,-11.0,-23.0,-12.0,-23.0,-13.0,-23.0,-14.0
17.0,0.0,17.0,0.0,17.0,0.0,17.0,0.0,17.0,0.0,17.0,-1.0,16.0,-1.0,16.0,-1.0,16.0,-1.0,16.0,-1.0,16.0,-1.0,16.0,-2.0,16.0,-2.0,16.0,-2.0,16.0,-2.0,16.0,-2.0,16.0,-2.0,16.0,-2.0,16.0,-3.0,17.0,-3.0,17.0,-3.0,16.0,-4.0,16.0,-4.0,17.0,-4.0,18.0,-4.0,18.0,-5.0,18.0,-5.0,18.0,-5.0,18.0,-5.0,18.0,-5.0,18.0,-5.0,19.0,-5.0,19.0,-5.0,19.0,-6.0,19.0,-6.0,19.0,-6.0,20.0,-6.0,21.0,-6.0,21.0,-5.0,21.0,-5.0,21.0,-5.0,22.0,-5.0,22.0,-5.0,22.0,-5.0,23.0,-4.0,23.0,-4.0,24.0,-4.0,24.0,-3.0,24.0,-2.0,24.0,-2.0,25.0,-1.0,25.0,-1.0
0.0,-19.0,0.0,-19.0,0.0,-19.0,0.0,-20.0,0.0,-19.0,0.0,-19.0,0.0,-19.0,0.0,-19.0,0.0,-19.0,-1.0,-19.0,-1.0,-19.0,-1.0,-19.0,-2.0,-19.0,-2.0,-19.0,-2.0,-19.0,-2.0,-19.0,-2.0,-19.0,-2.0,-18.0,-3.0,-19.0,-3.0,-19.0,-3.0,-19.0,-3.0,-19.0,-4.0,-19.0,-4.0,-20.0,-5.0,-20.0,-5.0,-21.0,-5.0,-20.0,-4.0,-20.0,-5.0,-21.0,-5.0,-20.0,-5.0,-21.0,-6.0,-21.0,-6.0,-21.0,-6.0,-22.0,-6.0,-22.0,-6.0,-22.0,-6.0,-22.0,-6.0,-23.0,-6.0,-24.0,-6.0,-24.0,-5.0,-24.0,-5.0,-24.0,-5.0,-24.0,-5.0,-25.0,-5.0,-26.0,-4.0,-26.0,-4.0,-27.0,-4.0,-26.0,-3.0,-27.0,-3.0,-27.0,-2.0,-28.0,-2.0,-28.0
-9.0,-20.0,-9.0,-20.0,-9.0,-20.0,-9.0,-20.0,-9.0,-20.0,-9.0,-20.0,-9.0,-19.0,-10.0,-19.0,-10.0,-19.0,-10.0,-18.0,-10.0,-19.0,-10.0,-18.0,-10.0,-18.0,-11.0,-18.0,-11.0,-18.0,-11.0,-18.0,-10.0,-18.0,-11.0,-17.0,-11.0,-17.0,-12.0,-17.0,-12.0,-17.0,-12.0,-17.0,-13.0,-17.0,-13.0,-17.0,-14.0,-17.0,-15.0,-18.0,-15.0,-17.0,-15.0,-17.0,-15.0,-17.0,-15.0,-17.0,-16.0,-17.0,-16.0,-18.0,-17.0,-18.0,-17.0,-18.0,-17.0,-18.0,-18.0,-19.0,-18.0,-19.0,-18.0,-19.0,-18.0,-20.0,-18.0,-20.0,-18.0,-20.0,-18.0,-20.0,-19.0,-21.0,-19.0,-21.0,-19.0,-22.0,-19.0,-23.0,-18.0,-24.0,-18.0,-24.0,-18.0,-25.0,-18.0,-25.0,-17.0,-26.0,-17.0,-27.0
6.0,-20.0,6.0,-20.0,7.0,-20.0,6.0,-21.0,6.0,-20.0,6.0,-20.0,5.0,-20.0,5.0,-20.0,5.0,-20.0,4.0,-19.0,4.0,-20.0,4.0,-20.0,4.0,-20.0,4.0,-20.0,3.0,-20.0,3.0,-20.0,3.0,-20.0,3.0,-19.0,2.0,-20.0,1.0,-20.0,1.0,-20.0,1.0,-20.0,1.0,-21.0,0.0,-21.0,0.0,-22.0,-1.0,-23.0,0.0,-22.0,0.0,-22.0,-1.0,-22.0,-1.0,-22.0,-1.0,-23.0,-2.0,-23.0,-2.0,-24.0,-2.0,-24.0,-2.0,-24.0,-2.0,-25.0,-2.0,-25.0,-3.0,-26.0,-2.0,-26.0,-2.0,-26.0,-2.0,-27.0,-2.0,-27.0,-2.0,-28.0,-1.0,-28.0,-1.0,-29.0,0.0,-29.0,0.0,-30.0,0.0,-30.0,0.0,-30.0,1.0,-31.0,2.0,-31.0,3.0,-32.0
-5.0,-18.0,-5.0,-18.0,-5.0,-18.0,-6.0,-18.0,-6.0,-18.0,-6.0,-18.0,-6.0,-18.0,-6.0,-17.0,-6.0,-17.0,-7.0,-17.0,-7.0,-17.0,-7.0,-17.0,-7.0,-17.0,-7.0,-17.0,-8.0,-17.0,-8.0,-16.0,-8.0,-16.0,-8.0,-16.0,-9.0,-16.0,-9.0,-16.0,-10.0,-15.0,-10.0,-15.0,-10.0,-16.0,-11.0,-16.0,-11.0,-16.0,-12.0,-17.0,-12.0,-16.0,-12.0,-16.0,-12.0,-16.0,-12.0,-16.0,-13.0,-16.0,-13.0,-17.0,-14.0,-17.0,-14.0,-17.0,-14.0,-17.0,-14.0,-17.0,-15.0,-18.0,-15.0,-18.0,-15.0,-18.0,-15.0,-19.0,-15.0,-19.0,-15.0,-19.0,-15.0,-19.0,-16.0,-20.0,-16.0,-20.0,-16.0,-21.0,-16.0,-21.0,-16.0,-22.0,-15.0,-23.0,-15.0,-23.0,-15.0,-24.0,-15.0,-25.0
8.0,-17.0,8.0,-17.0,8.0,-17.0,8.0,-17.0,8.0,-17.0,8.0,-17.0,7.0,-17.0,7.0,-17.0,7.0,-17.0,7.0,-17.0,7.0,-17.0,7.0,-17.0,7.0,-17.0,6.0,-17.0,6.0,-17.0,6.0,-17.0,5.0,-17.0,5.0,-17.0,5.0,-17.0,4.0,-18.0,4.0,-18.0,4.0,-18.0,4.0,-18.0,4.0,-19.0,4.0,-19.0,4.0,-20.0,3.0,-20.0,3.0,-20.0,3.0,-20.0,3.0,-20.0,3.0,-21.0,3.0,-21.0,3.0,-22.0,3.0,-22.0,3.0,-22.0,3.0,-23.0,3.0,-23.0,3.0,-24.0,3.0,-24.0,4.0,-24.0,4.0,-24.0,4.0,-25.0,4.0,-25.0,5.0,-25.0,5.0,-26.0,5.0,-26.0,6.0,-27.0,7.0,-27.0,8.0,-27.0,9.0,-27.0,9.0,-27.0,10.0,-28.0
14.0,11.0,14.0,11.0,14.0,11.0,14.0,11.0,14.0,11.0,14.0,11.0,14.0,11.0,14.0,11.0,14.0,10.0,14.0,10.0,14.0,10.0,15.0,10.0,15.0,9.0,15.0,9.0,15.0,9.0,15.0,9.0,14.0,9.0,14.0,8.0,15.0,8.0,15.0,8.0,15.0,8.0,16.0,8.0,16.0,7.0,17.0,7.0,18.0,7.0,18.0,7.0,18.0,7.0,18.0,7.0,18.0,7.0,18.0,7.0,18.0,7.0,19.0,7.0,20.0,7.0,20.0,7.0,20.0,7.0,20.0,7.0,21.0,7.0,22.0,7.0,22.0,8.0,22.0,8.0,22.0,9.0,22.0,9.0,23.0,9.0,23.0,10.0,23.0,10.0,23.0,11.0,24.0,12.0,23.0,12.0,24.0,13.0,24.0,13.0,24.0,15.0,24.0,16.0
15.0,-7.0,15.0,-7.0,15.0,-7.0,15.0,-7.0,15.0,-7.0,15.0,-7.0,14.0,-7.0,14.0,-7.0,14.0,-7.0,14.0,-8.0,14.0,-8.0,14.0,-8.0,14.0,-9.0,13.0,-9.0,13.0,-9.0,13.0,-9.0,12.0,-9.0,12.0,-9.0,12.0,-9.0,13.0,-10.0,13.0,-10.0,12.0,-10.0,12.0,-11.0,12.0,-11.0,12.0,-12.0,13.0,-13.0,13.0,-12.0,13.0,-12.0,13.0,-13.0,12.0,-13.0,13.0,-13.0,13.0,-14.0,13.0,-14.0,13.0,-14.0,13.0,-14.0,13.0,-15.0,14.0,-15.0,14.0,-16.0,14.0,-16.0,15.0,-15.0,15.0,-15.0,15.0,-16.0,16.0,-16.0,16.0,-16.0,17.0,-16.0,17.0,-16.0,18.0,-16.0,18.0,-16.0,19.0,-15.0,20.0,-15.0,21.0,-15.0,21.0,-15.0
10.0,12.0,10.0,12.0,10.0,12.0,10.0,12.0,10.0,12.0,10.0,12.0,10.0,12.0,10.0,11.0,10.0,11.0,10.0,10.0,10.0,10.0,11.0,10.0,11.0,10.0,11.0,10.0,11.0,10.0,11.0,9.0,11.0,9.0,11.0,9.0,12.0,9.0,12.0,9.0,12.0,9.0,12.0,8.0,13.0,8.0,13.0,8.0,14.0,8.0,14.0,8.0,14.0,8.0,14.0,8.0,15.0,8.0,15.0,8.0,15.0,8.0,16.0,8.0,16.0,8.0,16.0,8.0,17.0,8.0,17.0,8.0,18.0,8.0,18.0,8.0,18.0,9.0,18.0,9.0,18.0,9.0,19.0,9.0,19.0,10.0,19.0,10.0,19.0,11.0,20.0,11.0,20.0,11.0,20.0,12.0,20.0,13.0,20.0,14.0,20.0,14.0,20.0,15.0
-13.0,-12.0,-13.0,-12.0,-12.0,-12.0,-12.0,-12.0,-12.0,-11.0,-13.0,-11.0,-13.0,-11.0,-13.0,-11.0,-12.0,-10.0,-12.0,-10.0,-13.0,-10.0,-13.0,-10.0,-13.0,-10.0,-13.0,-9.0,-14.0,-9.0,-13.0,-9.0,-13.0,-9.0,-13.0,-9.0,-14.0,-8.0,-15.0,-8.0,-15.0,-8.0,-15.0,-8.0,-15.0,-8.0,-16.0,-8.0,-16.0,-8.0,-17.0,-8.0,-17.0,-7.0,-17.0,-7.0,-17.0,-7.0,-17.0,-7.0,-18.0,-7.0,-18.0,-7.0,-19.0,-7.0,-19.0,-7.0,-19.0,-7.0,-19.0,-7.0,-20.0,-7.0,-20.0,-7.0,-21.0,-8.0,-20.0,-8.0,-20.0,-8.0,-21.0,-8.0,-21.0,-9.0,-22.0,-9.0,-22.0,-10.0,-22.0,-10.0,-22.0,-11.0,-22.0,-11.0,-22.0,-12.0,-23.0,-13.0,-23.0,-13.0,-23.0,-14.0
9.0,12.0,10.0,12.0,10.0,12.0,10.0,12.0,10.0,12.0,10.0,12.0,10.0,12.0,10.0,11.0,10.0,11.0,10.0,11.0,11.0,11.0,11.0,11.0,11.0,10.0,11.0,10.0,11.0,10.0,11.0,10.0,11.0,10.0,11.0,9.0,12.0,9.0,12.0,9.0,12.0,9.0,13.0,9.0,13.0,9.0,14.0,9.0,15.0,9.0,15.0,9.0,15.0,8.0,15.0,8.0,15.0,8.0,15.0,8.0,16.0,8.0,16.0,8.0,16.0,8.0,17.0,9.0,17.0,9.0,18.0,8.0,18.0,8.0,18.0,9.0,19.0,9.0,19.0,10.0,18.0,10.0,19.0,10.0,19.0,10.0,19.0,11.0,20.0,11.0,20.0,11.0,20.0,12.0,20.0,12.0,19.0,13.0,19.0,13.0,20.0,14.0,20.0,15.0
2.0,18.0,2.0,18.0,2.0,18.0,2.0,18.0,2.0,18.0,2.0,17.0,3.0,17.0,3.0,17.0,3.0,17.0,3.0,17.0,4.0,17.0,4.0,17.0,4.0,17.0,5.0,17.0,5.0,17.0,5.0,16.0,5.0,16.0,5.0,16.0,6.0,16.0,7.0,16.0,7.0,16.0,7.0,16.0,8.0,16.0,8.0,17.0,8.0,17.0,9.0,17.0,9.0,17.0,9.0,17.0,10.0,17.0,10.0,17.0,10.0,17.0,11.0,18.0,11.0,17.0,11.0,18.0,11.0,18.0,12.0,18.0,12.0,18.0,12.0,19.0,12.0,19.0,12.0,19.0,12.0,20.0,12.0,20.0,12.0,21.0,13.0,21.0,13.0,22.0,13.0,22.0,13.0,22.0,12.0,23.0,12.0,23.0,11.0,24.0,11.0,25.0,10.0,26.0
-5.0,15.0,-5.0,16.0,-5.0,16.0,-4.0,16.0,-4.0,16.0,-5.0,16.0,-4.0,16.0,-4.0,15.0,-4.0,15.0,-3.0,15.0,-3.0,16.0,-3.0,15.0,-2.0,15.0,-2.0,16.0,-2.0,16.0,-3.0,15.0,-3.0,15.0,-2.0,15.0,-2.0,16.0,-2.0,16.0,-1.0,16.0,-1.0,16.0,0.0,16.0,0.0,17.0,0.0,17.0,1.0,18.0,0.0,18.0,0.0,18.0,0.0,18.0,0.0,18.0,1.0,19.0,1.0,19.0,1.0,19.0,1.0,19.0,1.0,19.0,2.0,20.0,2.0,20.0,2.0,21.0,2.0,21.0,1.0,21.0,0.0,21.0,0.0,22.0,0.0,22.0,0.0,23.0,0.0,23.0,-1.0,23.0,-1.0,23.0,-1.0,23.0,-1.0,24.0,-2.0,25.0,-3.0,25.0,-3.0,25.0
-7.0,16.0,-7.0,16.0,-7.0,17.0,-7.0,17.0,-7.0,16.0,-7.0,16.0,-6.0,17.0,-6.0,17.0,-6.0,16.0,-6.0,16.0,-5.0,17.0,-5.0,17.0,-5.0,17.0,-5.0,17.0,-4.0,17.0,-4.0,17.0,-4.0,17.0,-4.0,17.0,-3.0,17.0,-3.0,18.0,-3.0,18.0,-2.0,18.0,-2.0,18.0,-2.0,18.0,-2.0,19.0,-1.0,20.0,-1.0,19.0,-1.0,19.0,-1.0,19.0,-1.0,20.0,-1.0,20.0,-1.0,21.0,0.0,21.0,0.0,21.0,0.0,21.0,0.0,22.0,0.0,22.0,0.0,23.0,0.0,23.0,-1.0,23.0,-1.0,23.0,-1.0,24.0,-1.0,24.0,-1.0,25.0,-2.0,25.0,-2.0,25.0,-2.0,26.0,-3.0,26.0,-3.0,26.0,-4.0,27.0,-5.0,27.0,-6.0,28.0
-15.0,14.0,-15.0,14.0,-15.0,14.0,-15.0,14.0,-15.0,14.0,-15.0,14.0,-15.0,14.0,-15.0,14.0,-14.0,14.0,-14.0,14.0,-13.0,15.0,-13.0,15.0,-13.0,15.0,-13.0,15.0,-13.0,15.0,-13.0,15.0,-12.0,15.0,-12.0,15.0,-12.0,15.0,-12.0,16.0,-12.0,16.0,-12.0,17.0,-11.0,17.0,-11.0,18.0,-11.0,19.0,-12.0,19.0,-12.0,19.0,-11.0,19.0,-11.0,19.0,-11.0,19.0,-12.0,20.0,-12.0,20.0,-12.0,21.0,-12.0,21.0,-12.0,21.0,-12.0,21.0,-11.0,22.0,-12.0,23.0,-12.0,23.0,-13.0,23.0,-13.0,23.0,-13.0,23.0,-14.0,24.0,-15.0,24.0,-15.0,24.0,-16.0,24.0,-16.0,24.0,-17.0,24.0,-17.0,24.0,-18.0,25.0,-20.0,25.0,-21.0,24.0
-21.0,4.0,-21.0,4.0,-21.0,4.0,-21.0,4.0,-21.0,5.0,-21.0,5.0,-20.0,5.0,-20.0,5.0,-20.0,5.0,-19.0,5.0,-19.0,6.0,-20.0,6.0,-19.0,6.0,-19.0,6.0,-19.0,6.0,-19.0,7.0,-19.0,7.0,-19.0,7.0,-19.0,7.0,-19.0,8.0,-19.0,8.0,-18.0,8.0,-19.0,9.0,-19.0,10.0,-20.0,10.0,-20.0,10.0,-20.0,10.0,-19.0,11.0,-19.0,11.0,-20.0,11.0,-20.0,11.0,-21.0,12.0,-21.0,12.0,-21.0,12.0,-21.0,12.0,-21.0,13.0,-22.0,14.0,-22.0,14.0,-22.0,13.0,-23.0,13.0,-23.0,13.0,-24.0,13.0,-24.0,13.0,-25.0,13.0,-26.0,13.0,-26.0,13.0,-26.0,13.0,-27.0,12.0,-28.0,12.0,-29.0,11.0,-29.0,11.0,-30.0,10.0
-19.0,-3.0,-19.0,-3.0,-19.0,-3.0,-19.0,-3.0,-19.0,-3.0,-19.0,-3.0,-19.0,-2.0,-18.0,-2.0,-18.0,-2.0,-18.0,-2.0,-18.0,-1.0,-18.0,-1.0,-18.0,-1.0,-18.0,0.0,-18.0,0.0,-18.0,0.0,-18.0,0.0,-18.0,0.0,-18.0,0.0,-18.0,1.0,-18.0,1.0,-18.0,2.0,-18.0,2.0,-19.0,2.0,-20.0,3.0,-20.0,3.0,-20.0,3.0,-20.0,3.0,-20.0,3.0,-20.0,3.0,-20.0,4.0,-21.0,4.0,-21.0,4.0,-21.0,4.0,-21.0,4.0,-21.0,4.0,-22.0,5.0,-23.0,5.0,-23.0,5.0,-23.0,4.0,-23.0,4.0,-24.0,4.0,-24.0,4.0,-25.0,4.0,-25.0,4.0,-26.0,3.0,-26.0,3.0,-26.0,3.0,-26.0,2.0,-27.0,2.0,-28.0,1.0,-29.0,1.0
-12.0,-18.0,-12.0,-18.0,-12.0,-18.0,-12.0,-18.0,-12.0,-17.0,-12.0,-17.0,-13.0,-16.0,-13.0,-16.0,-13.0,-16.0,-13.0,-16.0,-13.0,-16.0,-13.0,-16.0,-13.0,-16.0,-14.0,-16.0,-14.0,-15.0,-14.0,-15.0,-14.0,-15.0,-14.0,-14.0,-15.0,-14.0,-15.0,-14.0,-16.0,-14.0,-16.0,-14.0,-16.0,-14.0,-17.0,-14.0,-18.0,-14.0,-18.0,-14.0,-18.0,-14.0,-18.0,-14.0,-18.0,-14.0,-19.0,-13.0,-20.0,-13.0,-20.0,-14.0,-20.0,-14.0,-21.0,-14.0,-21.0,-14.0,-21.0,-14.0,-22.0,-15.0,-22.0,-15.0,-22.0,-16.0,-22.0,-16.0,-22.0,-16.0,-23.0,-16.0,-22.0,-17.0,-23.0,-17.0,-23.0,-17.0,-23.0,-18.0,-24.0,-18.0,-24.0,-19.0,-23.0,-20.0,-23.0,-22.0,-22.0,-23.0,-22.0,-24.0
-19.0,0.0,-19.0,0.0,-19.0,0.0,-19.0,0.0,-19.0,0.0,-19.0,0.0,-19.0,0.0,-18.0,1.0,-18.0,1.0,-18.0,1.0,-18.0,2.0,-18.0,2.0,-18.0,2.0,-18.0,2.0,-18.0,2.0,-18.0,2.0,-18.0,2.0,-18.0,2.0,-18.0,3.0,-18.0,3.0,-18.0,4.0,-18.0,4.0,-18.0,4.0,-19.0,4.0,-19.0,5.0,-19.0,6.0,-19.0,5.0,-19.0,5.0,-20.0,5.0,-20.0,5.0,-20.0,6.0,-21.0,6.0,-21.0,6.0,-21.0,6.0,-21.0,6.0,-21.0,7.0,-22.0,7.0,-22.0,7.0,-23.0,7.0,-23.0,7.0,-23.0,6.0,-24.0,6.0,-24.0,6.0,-25.0,6.0,-26.0,6.0,-26.0,6.0,-26.0,6.0,-26.0,5.0,-27.0,5.0,-28.0,4.0,-28.0,3.0,-29.0,2.0
0.0,-17.0,0.0,-17.0,0.0,-17.0,0.0,-17.0,-1.0,-17.0,-1.0,-17.0,-1.0,-17.0,-1.0,-16.0,-1.0,-16.0,-1.0,-16.0,-1.0,-16.0,-2.0,-16.0,-2.0,-16.0,-2.0,-16.0,-3.0,-16.0,-3.0,-16.0,-3.0,-16.0,-3.0,-16.0,-4.0,-16.0,-4.0,-16.0,-4.0,-16.0,-5.0,-16.0,-5.0,-16.0,-5.0,-17.0,-6.0,-17.0,-6.0,-18.0,-6.0,-17.0,-6.0,-17.0,-7.0,-17.0,-7.0,-17.0,-7.0,-18.0,-8.0,-18.0,-8.0,-18.0,-8.0,-18.0,-8.0,-18.0,-8.0,-19.0,-9.0,-19.0,-9.0,-20.0,-9.0,-20.0,-9.0,-20.0,-9.0,-20.0,-9.0,-21.0,-8.0,-21.0,-8.0,-22.0,-8.0,-22.0,-8.0,-23.0,-8.0,-23.0,-8.0,-23.0,-8.0,-24.0,-7.0,-25.0,-6.0,-25.0,-6.0,-26.0
0.0,-19.0,-1.0,-19.0,-1.0,-19.0,-1.0,-19.0,-1.0,-19.0,-1.0,-19.0,-1.0,-19.0,-1.0,-18.0,-2.0,-18.0,-2.0,-18.0,-2.0,-18.0,-2.0,-18.0,-3.0,-18.0,-3.0,-18.0,-3.0,-18.0,-3.0,-18.0,-3.0,-18.0,-3.0,-17.0,-4.0,-18.0,-4.0,-18.0,-5.0,-18.0,-5.0,-18.0,-5.0,-18.0,-6.0,-19.0,-6.0,-19.0,-7.0,-19.0,-6.0,-19.0,-6.0,-19.0,-6.0,-19.0,-7.0,-19.0,-7.0,-20.0,-8.0,-20.0,-8.0,-20.0,-8.0,-20.0,-8.0,-21.0,-8.0,-21.0,-9.0,-21.0,-9.0,-22.0,-9.0,-22.0,-8.0,-23.0,-8.0,-23.0,-8.0,-23.0,-8.0,-24.0,-9.0,-24.0,-8.0,-25.0,-8.0,-25.0,-8.0,-26.0,-7.0,-26.0,-7.0,-26.0,-6.0,-27.0,-6.0,-28.0,-5.0,-28.0
-3.0,-17.0,-3.0,-17.0,-4.0,-17.0,-4.0,-17.0,-4.0,-17.0,-4.0,-17.0,-4.0,-17.0,-4.0,-16.0,-4.0,-16.0,-4.0,-16.0,-4.0,-16.0,-5.0,-16.0,-5.0,-16.0,-5.0,-16.0,-5.0,-16.0,-6.0,-16.0,-6.0,-16.0,-6.0,-15.0,-6.0,-15.0,-7.0,-16.0,-7.0,-16.0,-7.0,-15.0,-7.0,-16.0,-8.0,-16.0,-8.0,-17.0,-9.0,-17.0,-9.0,-16.0,-9.0,-17.0,-9.0,-17.0,-9.0,-16.0,-9.0,-16.0,-10.0,-17.0,-10.0,-17.0,-10.0,-17.0,-10.0,-17.0,-11.0,-18.0,-11.0,-18.0,-11.0,-19.0,-11.0,-19.0,-11.0,-19.0,-10.0,-19.0,-11.0,-19.0,-11.0,-20.0,-11.0,-20.0,-11.0,-21.0,-11.0,-21.0,-11.0,-22.0,-10.0,-22.0,-10.0,-22.0,-9.0,-23.0,-9.0,-24.0,-9.0,-25.0
6.0,-18.0,6.0,-18.0,6.0,-18.0,6.0,-18.0,5.0,-18.0,5.0,-18.0,5.0,-18.0,5.0,-17.0,5.0,-17.0,4.0,-18.0,4.0,-18.0,3.0,-18.0,3.0,-18.0,3.0,-18.0,3.0,-18.0,3.0,-18.0,3.0,-17.0,2.0,-17.0,2.0,-18.0,2.0,-18.0,1.0,-18.0,1.0,-18.0,1.0,-19.0,1.0,-20.0,0.0,-20.0,0.0,-21.0,1.0,-20.0,0.0,-20.0,0.0,-21.0,0.0,-21.0,-1.0,-21.0,-1.0,-22.0,-1.0,-22.0,-1.0,-22.0,-1.0,-22.0,-1.0,-23.0,-1.0,-23.0,-1.0,-24.0,-1.0,-24.0,0.0,-24.0,0.0,-24.0,0.0,-25.0,0.0,-25.0,0.0,-26.0,0.0,-26.0,1.0,-26.0,1.0,-26.0,2.0,-27.0,2.0,-27.0,3.0,-28.0,3.0,-28.0,4.0,-28.0
-12.0,-13.0,-12.0,-13.0,-11.0,-13.0,-12.0,-13.0,-12.0,-13.0,-12.0,-13.0,-12.0,-12.0,-12.0,-12.0,-12.0,-12.0,-12.0,-11.0,-12.0,-11.0,-12.0,-11.0,-12.0,-11.0,-13.0,-11.0,-12.0,-11.0,-12.0,-11.0,-12.0,-10.0,-12.0,-10.0,-13.0,-10.0,-14.0,-10.0,-14.0,-10.0,-14.0,-9.0,-14.0,-9.0,-15.0,-9.0,-15.0,-10.0,-16.0,-10.0,-15.0,-10.0,-16.0,-10.0,-16.0,-9.0,-16.0,-9.0,-16.0,-9.0,-17.0,-9.0,-17.0,-9.0,-17.0,-10.0,-17.0,-10.0,-18.0,-10.0,-19.0,-10.0,-19.0,-10.0,-19.0,-11.0,-19.0,-11.0,-19.0,-11.0,-19.0,-11.0,-19.0,-12.0,-20.0,-12.0,-20.0,-13.0,-20.0,-13.0,-20.0,-14.0,-20.0,-14.0,-20.0,-15.0,-20.0,-16.0,-20.0,-16.0,-20.0,-17.0
-22.0,2.0,-22.0,1.0,-21.0,1.0,-21.0,1.0,-21.0,2.0,-21.0,2.0,-21.0,2.0,-21.0,2.0,-20.0,2.0,-20.0,3.0,-20.0,3.0,-20.0,3.0,-20.0,4.0,-20.0,4.0,-20.0,4.0,-20.0,4.0,-20.0,4.0,-19.0,4.0,-20.0,5.0,-20.0,6.0,-20.0,6.0,-20.0,6.0,-20.0,7.0,-20.0,7.0,-20.0,8.0,-21.0,9.0,-21.0,8.0,-21.0,8.0,-21.0,9.0,-20.0,9.0,-21.0,10.0,-21.0,10.0,-22.0,10.0,-22.0,10.0,-22.0,10.0,-22.0,11.0,-23.0,12.0,-23.0,12.0,-24.0,12.0,-24.0,12.0,-24.0,12.0,-25.0,12.0,-25.0,12.0,-26.0,11.0,-26.0,11.0,-27.0,11.0,-27.0,11.0,-28.0,11.0,-28.0,10.0,-29.0,10.0,-30.0,9.0,-30.0,9.0
-4.0,18.0,-4.0,18.0,-3.0,18.0,-3.0,18.0,-3.0,18.0,-3.0,18.0,-3.0,18.0,-3.0,18.0,-3.0,17.0,-2.0,17.0,-2.0,18.0,-1.0,18.0,-1.0,18.0,-1.0,18.0,-1.0,18.0,-1.0,17.0,-1.0,17.0,-1.0,17.0,-1.0,17.0,0.0,18.0,0.0,18.0,1.0,18.0,1.0,18.0,1.0,18.0,2.0,19.0,2.0,20.0,2.0,19.0,2.0,19.0,2.0,19.0,3.0,19.0,3.0,20.0,3.0,20.0,3.0,21.0,3.0,21.0,3.0,21.0,4.0,21.0,4.0,21.0,4.0,22.0,3.0,22.0,3.0,22.0,3.0,23.0,3.0,23.0,3.0,23.0,3.0,24.0,2.0,24.0,2.0,25.0,2.0,25.0,2.0,25.0,1.0,26.0,1.0,26.0,0.0,27.0,-1.0,28.0
18.0,10.0,18.0,10.0,18.0,10.0,18.0,10.0,18.0,10.0,18.0,10.0,18.0,10.0,18.0,10.0,17.0,9.0,17.0,9.0,18.0,8.0,18.0,8.0,18.0,8.0,18.0,8.0,18.0,8.0,18.0,8.0,17.0,8.0,17.0,8.0,18.0,8.0,19.0,8.0,19.0,7.0,19.0,7.0,19.0,6.0,20.0,6.0,20.0,6.0,21.0,6.0,21.0,7.0,20.0,6.0,21.0,6.0,21.0,6.0,21.0,6.0,22.0,6.0,22.0,6.0,22.0,6.0,22.0,6.0,23.0,6.0,24.0,6.0,24.0,6.0,25.0,7.0,25.0,8.0,24.0,8.0,24.0,9.0,25.0,9.0,25.0,9.0,26.0,10.0,26.0,10.0,26.0,11.0,26.0,11.0,26.0,12.0,26.0,12.0,27.0,14.0,27.0,15.0
8.0,14.0,8.0,14.0,8.0,14.0,8.0,14.0,8.0,14.0,8.0,14.0,8.0,14.0,8.0,14.0,8.0,13.0,9.0,13.0,9.0,13.0,9.0,13.0,10.0,13.0,10.0,13.0,9.0,13.0,9.0,13.0,9.0,12.0,9.0,12.0,9.0,12.0,10.0,13.0,10.0,13.0,10.0,12.0,10.0,12.0,11.0,12.0,12.0,13.0,12.0,13.0,11.0,13.0,11.0,13.0,12.0,13.0,12.0,12.0,12.0,13.0,12.0,13.0,13.0,13.0,13.0,13.0,13.0,14.0,14.0,13.0,14.0,13.0,14.0,14.0,14.0,14.0,14.0,15.0,13.0,15.0,13.0,15.0,13.0,15.0,14.0,16.0,14.0,17.0,14.0,17.0,14.0,17.0,13.0,18.0,13.0,18.0,13.0,19.0,13.0,19.0,13.0,20.0
16.0,9.0,16.0,9.0,16.0,9.0,16.0,8.0,16.0,8.0,16.0,8.0,16.0,8.0,16.0,8.0,16.0,8.0,16.0,8.0,16.0,7.0,17.0,7.0,17.0,6.0,17.0,6.0,16.0,6.0,16.0,6.0,16.0,6.0,16.0,5.0,17.0,5.0,17.0,5.0,17.0,5.0,17.0,5.0,18.0,4.0,18.0,4.0,19.0,4.0,20.0,4.0,19.0,4.0,19.0,4.0,19.0,3.0,19.0,3.0,20.0,3.0,20.0,3.0,21.0,3.0,21.0,3.0,21.0,3.0,21.0,3.0,22.0,2.0,22.0,2.0,22.0,3.0,22.0,3.0,22.0,3.0,23.0,4.0,23.0,4.0,24.0,4.0,24.0,4.0,24.0,4.0,25.0,4.0,25.0,5.0,25.0,6.0,25.0,6.0,25.0,7.0,26.0,8.0
1.0,17.0,1.0,17.0,1.0,16.0,1.0,16.0,1.0,16.0,1.0,17.0,1.0,17.0,1.0,16.0,1.0,16.0,2.0,16.0,3.0,16.0,3.0,16.0,3.0,16.0,3.0,16.0,3.0,16.0,3.0,16.0,3.0,15.0,3.0,15.0,3.0,16.0,3.0,16.0,4.0,16.0,4.0,16.0,4.0,16.0,5.0,16.0,6.0,17.0,6.0,17.0,5.0,17.0,6.0,17.0,6.0,17.0,6.0,17.0,6.0,17.0,6.0,18.0,6.0,18.0,6.0,18.0,6.0,18.0,7.0,18.0,8.0,18.0,8.0,19.0,7.0,19.0,7.0,19.0,7.0,20.0,7.0,20.0,7.0,20.0,7.0,21.0,6.0,21.0,6.0,22.0,6.0,22.0,5.0,22.0,6.0,23.0,5.0,23.0,5.0,24.0,5.0,25.0
-20.0,1.0,-20.0,1.0,-20.0,1.0,-20.0,1.0,-19.0,1.0,-19.0,1.0,-19.0,2.0,-19.0,2.0,-19.0,2.0,-19.0,2.0,-19.0,2.0,-19.0,2.0,-19.0,2.0,-19.0,3.0,-19.0,3.0,-19.0,3.0,-18.0,3.0,-18.0,3.0,-19.0,4.0,-19.0,5.0,-19.0,5.0,-19.0,5.0,-19.0,5.0,-19.0,5.0,-20.0,6.0,-20.0,6.0,-20.0,6.0,-20.0,6.0,-20.0,7.0,-20.0,7.0,-20.0,7.0,-21.0,7.0,-21.0,8.0,-21.0,8.0,-21.0,8.0,-22.0,8.0,-22.0,8.0,-22.0,8.0,-23.0,8.0,-23.0,8.0,-23.0,8.0,-24.0,8.0,-24.0,7.0,-25.0,7.0,-25.0,7.0,-25.0,8.0,-26.0,7.0,-26.0,7.0,-26.0,6.0,-27.0,5.0,-28.0,5.0,-29.0,5.0
-13.0,11.0,-13.0,12.0,-13.0,12.0,-13.0,12.0,-12.0,12.0,-12.0,12.0,-12.0,12.0,-12.0,12.0,-12.0,12.0,-12.0,12.0,-12.0,12.0,-12.0,12.0,-12.0,12.0,-11.0,12.0,-11.0,12.0,-10.0,13.0,-10.0,13.0,-10.0,13.0,-10.0,13.0,-10.0,14.0,-10.0,14.0,-10.0,14.0,-10.0,14.0,-10.0,15.0,-10.0,15.0,-10.0,16.0,-10.0,15.0,-10.0,15.0,-10.0,16.0,-10.0,16.0,-10.0,16.0,-10.0,17.0,-10.0,17.0,-10.0,17.0,-9.0,17.0,-10.0,18.0,-10.0,18.0,-11.0,18.0,-11.0,18.0,-11.0,18.0,-11.0,18.0,-11.0,19.0,-11.0,19.0,-12.0,19.0,-12.0,20.0,-12.0,20.0,-13.0,20.0,-13.0,20.0,-14.0,19.0,-15.0,19.0,-16.0,19.0,-17.0,19.0
-15.0,8.0,-15.0,7.0,-15.0,7.0,-15.0,8.0,-15.0,8.0,-15.0,7.0,-15.0,8.0,-15.0,8.0,-15.0,8.0,-14.0,8.0,-14.0,9.0,-14.0,9.0,-14.0,9.0,-14.0,9.0,-14.0,9.0,-14.0,9.0,-14.0,9.0,-13.0,9.0,-13.0,10.0,-14.0,10.0,-14.0,11.0,-13.0,11.0,-13.0,11.0,-13.0,12.0,-14.0,13.0,-14.0,13.0,-13.0,12.0,-13.0,13.0,-14.0,13.0,-14.0,13.0,-14.0,13.0,-14.0,14.0,-14.0,14.0,-14.0,14.0,-14.0,14.0,-14.0,15.0,-14.0,16.0,-15.0,16.0,-16.0,15.0,-16.0,15.0,-16.0,15.0,-16.0,15.0,-17.0,15.0,-18.0,15.0,-18.0,15.0,-19.0,15.0,-19.0,15.0,-19.0,15.0,-20.0,15.0,-20.0,15.0,-21.0,15.0,-21.0,15.0
-15.0,8.0,-15.0,8.0,-15.0,8.0,-15.0,8.0,-15.0,8.0,-15.0,8.0,-15.0,8.0,-15.0,9.0,-14.0,8.0,-14.0,9.0,-14.0,9.0,-14.0,9.0,-14.0,9.0,-14.0,10.0,-14.0,10.0,-13.0,10.0,-13.0,10.0,-13.0,10.0,-13.0,10.0,-13.0,11.0,-13.0,12.0,-13.0,12.0,-13.0,12.0,-13.0,12.0,-13.0,13.0,-13.0,14.0,-13.0,13.0,-13.0,13.0,-13.0,14.0,-13.0,14.0,-13.0,15.0,-13.0,15.0,-13.0,15.0,-13.0,15.0,-14.0,16.0,-13.0,16.0,-14.0,16.0,-14.0,17.0,-15.0,17.0,-15.0,17.0,-15.0,16.0,-15.0,17.0,-16.0,17.0,-16.0,17.0,-17.0,17.0,-17.0,17.0,-18.0,17.0,-18.0,17.0,-19.0,17.0,-20.0,17.0,-21.0,16.0,-21.0,16.0
-17.0,-1.0,-17.0,-1.0,-17.0,-1.0,-17.0,-1.0,-17.0,0.0,-17.0,0.0,-17.0,0.0,-17.0,0.0,-17.0,0.0,-16.0,1.0,-16.0,1.0,-17.0,1.0,-17.0,2.0,-17.0,2.0,-17.0,2.0,-17.0,2.0,-16.0,2.0,-16.0,3.0,-16.0,3.0,-17.0,3.0,-17.0,4.0,-17.0,4.0,-17.0,4.0,-17.0,5.0,-18.0,5.0,-18.0,6.0,-18.0,6.0,-18.0,6.0,-18.0,6.0,-18.0,6.0,-18.0,7.0,-19.0,7.0,-19.0,7.0,-19.0,7.0,-19.0,7.0,-20.0,8.0,-20.0,8.0,-21.0,8.0,-21.0,8.0,-21.0,7.0,-22.0,7.0,-22.0,7.0,-22.0,7.0,-23.0,8.0,-23.0,8.0,-23.0,7.0,-24.0,7.0,-24.0,7.0,-25.0,6.0,-25.0,5.0,-26.0,5.0,-26.0,5.0
-11.0,-14.0,-11.0,-14.0,-11.0,-14.0,-11.0,-13.0,-11.0,-13.0,-12.0,-13.0,-12.0,-13.0,-12.0,-12.0,-12.0,-12.0,-12.0,-12.0,-12.0,-12.0,-12.0,-12.0,-13.0,-12.0,-13.0,-12.0,-13.0,-11.0,-13.0,-11.0,-13.0,-11.0,-13.0,-10.0,-13.0,-10.0,-14.0,-10.0,-15.0,-10.0,-14.0,-9.0,-15.0,-9.0,-15.0,-10.0,-16.0,-10.0,-16.0,-10.0,-16.0,-9.0,-17.0,-10.0,-17.0,-10.0,-17.0,-10.0,-18.0,-9.0,-18.0,-9.0,-18.0,-9.0,-19.0,-9.0,-19.0,-9.0,-19.0,-9.0,-20.0,-10.0,-20.0,-10.0,-20.0,-10.0,-20.0,-10.0,-20.0,-11.0,-21.0,-11.0,-21.0,-11.0,-21.0,-11.0,-22.0,-12.0,-22.0,-12.0,-22.0,-12.0,-22.0,-13.0,-22.0,-14.0,-22.0,-15.0,-21.0,-16.0,-22.0,-16.0
-3.0,16.0,-3.0,16.0,-3.0,16.0,-3.0,16.0,-3.0,16.0,-2.0,16.0,-2.0,16.0,-2.0,16.0,-2.0,16.0,-2.0,16.0,-1.0,16.0,-1.0,16.0,-1.0,16.0,-1.0,16.0,0.0,16.0,0.0,15.0,0.0,15.0,0.0,15.0,0.0,16.0,1.0,16.0,1.0,16.0,1.0,16.0,2.0,16.0,2.0,17.0,3.0,17.0,3.0,17.0,3.0,17.0,3.0,17.0,3.0,17.0,3.0,17.0,3.0,18.0,4.0,18.0,4.0,19.0,4.0,19.0,4.0,19.0,4.0,20.0,5.0,20.0,5.0,20.0,4.0,21.0,4.0,21.0,4.0,21.0,4.0,21.0,4.0,21.0,4.0,22.0,4.0,23.0,3.0,23.0,3.0,23.0,3.0,24.0,2.0,24.0,2.0,25.0,1.0,25.0,0.0,25.0
-13.0,-12.0,-13.0,-11.0,-13.0,-11.0,-13.0,-11.0,-13.0,-11.0,-13.0,-11.0,-13.0,-11.0,-13.0,-11.0,-13.0,-10.0,-13.0,-10.0,-13.0,-10.0,-13.0,-10.0,-14.0,-10.0,-14.0,-9.0,-14.0,-9.0,-14.0,-9.0,-14.0,-9.0,-14.0,-9.0,-14.0,-8.0,-15.0,-8.0,-15.0,-8.0,-15.0,-8.0,-16.0,-7.0,-16.0,-7.0,-17.0,-7.0,-18.0,-7.0,-17.0,-7.0,-17.0,-7.0,-18.0,-7.0,-18.0,-7.0,-18.0,-7.0,-19.0,-7.0,-19.0,-7.0,-19.0,-7.0,-19.0,-7.0,-20.0,-7.0,-20.0,-7.0,-21.0,-7.0,-21.0,-8.0,-21.0,-8.0,-21.0,-8.0,-21.0,-8.0,-22.0,-9.0,-22.0,-9.0,-22.0,-9.0,-22.0,-10.0,-22.0,-11.0,-23.0,-11.0,-23.0,-12.0,-23.0,-12.0,-23.0,-13.0,-23.0,-14.0
-11.0,-13.0,-11.0,-13.0,-12.0,-13.0,-12.0,-13.0,-12.0,-13.0,-12.0,-13.0,-12.0,-12.0,-12.0,-12.0,-12.0,-12.0,-12.0,-12.0,-12.0,-12.0,-13.0,-11.0,-13.0,-11.0,-13.0,-11.0,-13.0,-10.0,-13.0,-10.0,-13.0,-10.0,-13.0,-10.0,-14.0,-10.0,-14.0,-10.0,-14.0,-9.0,-14.0,-9.0,-14.0,-9.0,-15.0,-9.0,-16.0,-9.0,-17.0,-9.0,-16.0,-9.0,-16.0,-9.0,-17.0,-9.0,-17.0,-8.0,-17.0,-9.0,-18.0,-9.0,-18.0,-8.0,-18.0,-8.0,-19.0,-8.0,-19.0,-8.0,-20.0,-9.0,-20.0,-9.0,-20.0,-9.0,-20.0,-9.0,-20.0,-10.0,-20.0,-10.0,-21.0,-10.0,-21.0,-11.0,-22.0,-11.0,-22.0,-11.0,-22.0,-12.0,-22.0,-12.0,-22.0,-13.0,-22.0,-14.0,-22.0,-15.0,-22.0,-15.0
-17.0,8.0,-17.0,8.0,-17.0,8.0,-17.0,8.0,-17.0,8.0,-16.0,8.0,-16.0,8.0,-16.0,9.0,-16.0,9.0,-16.0,9.0,-16.0,9.0,-16.0,9.0,-15.0,10.0,-15.0,10.0,-15.0,10.0,-14.0,10.0,-14.0,10.0,-14.0,10.0,-14.0,11.0,-14.0,11.0,-14.0,12.0,-14.0,12.0,-14.0,12.0,-14.0,13.0,-14.0,13.0,-14.0,14.0,-14.0,14.0,-14.0,14.0,-14.0,14.0,-14.0,15.0,-14.0,15.0,-14.0,16.0,-14.0,16.0,-14.0,16.0,-15.0,17.0,-15.0,17.0,-15.0,17.0,-15.0,17.0,-16.0,17.0,-16.0,17.0,-16.0,18.0,-17.0,18.0,-17.0,18.0,-18.0,19.0,-18.0,19.0,-19.0,19.0,-19.0,18.0,-20.0,18.0,-21.0,18.0,-22.0,18.0,-23.0,17.0,-23.0,17.0
-3.0,-19.0,-2.0,-19.0,-2.0,-19.0,-3.0,-19.0,-3.0,-19.0,-3.0,-19.0,-3.0,-18.0,-4.0,-18.0,-4.0,-18.0,-4.0,-18.0,-4.0,-18.0,-5.0,-18.0,-5.0,-18.0,-5.0,-18.0,-5.0,-17.0,-5.0,-17.0,-5.0,-17.0,-6.0,-17.0,-6.0,-17.0,-7.0,-17.0,-7.0,-17.0,-7.0,-17.0,-8.0,-17.0,-8.0,-18.0,-9.0,-18.0,-9.0,-19.0,-9.0,-18.0,-9.0,-18.0,-10.0,-18.0,-10.0,-18.0,-10.0,-18.0,-11.0,-19.0,-11.0,-19.0,-11.0,-19.0,-11.0,-19.0,-12.0,-20.0,-12.0,-20.0,-12.0,-21.0,-12.0,-21.0,-12.0,-22.0,-12.0,-22.0,-11.0,-23.0,-11.0,-23.0,-12.0,-23.0,-12.0,-24.0,-12.0,-24.0,-12.0,-25.0,-11.0,-26.0,-11.0,-26.0,-10.0,-27.0,-9.0,-28.0,-9.0,-28.0
15.0,-7.0,15.0,-7.0,15.0,-7.0,15.0,-7.0,15.0,-7.0,14.0,-7.0,14.0,-7.0,14.0,-8.0,14.0,-8.0,14.0,-8.0,14.0,-8.0,14.0,-8.0,14.0,-8.0,13.0,-8.0,13.0,-9.0,13.0,-9.0,13.0,-8.0,12.0,-9.0,13.0,-9.0,12.0,-10.0,12.0,-10.0,12.0,-11.0,12.0,-11.0,13.0,-12.0,13.0,-12.0,13.0,-13.0,13.0,-13.0,13.0,-13.0,13.0,-13.0,13.0,-13.0,13.0,-14.0,13.0,-14.0,13.0,-15.0,13.0,-15.0,13.0,-15.0,14.0,-15.0,14.0,-16.0,14.0,-16.0,15.0,-16.0,15.0,-16.0,15.0,-16.0,16.0,-16.0,16.0,-16.0,17.0,-16.0,17.0,-17.0,18.0,-17.0,18.0,-17.0,19.0,-16.0,19.0,-16.0,20.0,-16.0,21.0,-15.0,21.0,-15.0
-3.0,-17.0,-3.0,-17.0,-3.0,-17.0,-3.0,-17.0,-3.0,-17.0,-4.0,-17.0,-4.0,-16.0,-4.0,-16.0,-4.0,-16.0,-4.0,-16.0,-4.0,-16.0,-4.0,-16.0,-5.0,-16.0,-5.0,-16.0,-5.0,-16.0,-6.0,-15.0,-5.0,-15.0,-5.0,-15.0,-6.0,-15.0,-7.0,-15.0,-7.0,-15.0,-7.0,-15.0,-7.0,-15.0,-8.0,-16.0,-8.0,-16.0,-9.0,-17.0,-9.0,-16.0,-9.0,-16.0,-9.0,-16.0,-9.0,-16.0,-10.0,-17.0,-10.0,-17.0,-11.0,-17.0,-11.0,-17.0,-11.0,-17.0,-11.0,-18.0,-11.0,-18.0,-12.0,-19.0,-12.0,-19.0,-11.0,-19.0,-11.0,-19.0,-11.0,-20.0,-11.0,-20.0,-12.0,-21.0,-12.0,-22.0,-12.0,-22.0,-11.0,-22.0,-11.0,-23.0,-10.0,-24.0,-10.0,-25.0,-9.0,-25.0,-9.0,-26.0
14.0,10.0,14.0,10.0,15.0,10.0,15.0,10.0,15.0,10.0,15.0,9.0,15.0,9.0,14.0,9.0,14.0,9.0,14.0,8.0,15.0,8.0,15.0,8.0,15.0,7.0,15.0,7.0,15.0,7.0,15.0,7.0,14.0,7.0,15.0,7.0,15.0,6.0,16.0,6.0,16.0,6.0,16.0,6.0,16.0,5.0,17.0,5.0,18.0,5.0,19.0,5.0,18.0,5.0,18.0,5.0,18.0,5.0,19.0,5.0,19.0,4.0,20.0,4.0,20.0,5.0,20.0,5.0,20.0,5.0,21.0,5.0,22.0,4.0,22.0,5.0,22.0,5.0,22.0,6.0,23.0,6.0,23.0,6.0,23.0,7.0,24.0,7.0,24.0,8.0,24.0,8.0,25.0,9.0,24.0,9.0,25.0,10.0,25.0,11.0,25.0,12.0,25.0,13.0
14.0,11.0,14.0,10.0,14.0,10.0,14.0,10.0,14.0,10.0,14.0,10.0,14.0,10.0,14.0,9.0,14.0,9.0,14.0,9.0,15.0,8.0,15.0,8.0,15.0,8.0,15.0,8.0,15.0,8.0,15.0,8.0,15.0,7.0,15.0,7.0,15.0,7.0,16.0,7.0,16.0,7.0,16.0,6.0,16.0,6.0,17.0,6.0,18.0,6.0,19.0,6.0,18.0,6.0,18.0,5.0,18.0,5.0,19.0,5.0,19.0,5.0,20.0,5.0,20.0,5.0,21.0,5.0,21.0,6.0,21.0,5.0,22.0,5.0,22.0,5.0,23.0,6.0,23.0,6.0,23.0,6.0,23.0,7.0,23.0,7.0,24.0,8.0,24.0,8.0,25.0,9.0,25.0,9.0,25.0,10.0,25.0,10.0,25.0,11.0,25.0,13.0,26.0,14.0
15.0,9.0,15.0,9.0,15.0,9.0,15.0,9.0,15.0,9.0,15.0,9.0,15.0,8.0,15.0,8.0,14.0,8.0,15.0,7.0,15.0,7.0,15.0,7.0,15.0,7.0,15.0,7.0,15.0,6.0,15.0,6.0,15.0,6.0,15.0,6.0,16.0,5.0,16.0,5.0,16.0,5.0,16.0,4.0,17.0,4.0,18.0,4.0,18.0,4.0,19.0,4.0,18.0,4.0,18.0,4.0,19.0,4.0,19.0,3.0,19.0,3.0,20.0,3.0,20.0,3.0,20.0,3.0,21.0,3.0,21.0,3.0,22.0,3.0,23.0,3.0,23.0,3.0,23.0,4.0,23.0,4.0,23.0,5.0,23.0,5.0,24.0,5.0,25.0,5.0,25.0,5.0,25.0,6.0,25.0,7.0,25.0,7.0,26.0,8.0,26.0,9.0,27.0,10.0
-7.0,15.0,-7.0,15.0,-7.0,15.0,-6.0,15.0,-6.0,15.0,-6.0,15.0,-6.0,15.0,-6.0,14.0,-6.0,14.0,-5.0,14.0,-5.0,15.0,-5.0,15.0,-5.0,15.0,-5.0,15.0,-5.0,15.0,-4.0,15.0,-4.0,14.0,-4.0,14.0,-4.0,15.0,-3.0,15.0,-3.0,15.0,-3.0,15.0,-3.0,15.0,-2.0,16.0,-2.0,17.0,-2.0,17.0,-2.0,17.0,-2.0,17.0,-2.0,17.0,-2.0,17.0,-2.0,18.0,-1.0,18.0,-1.0,19.0,-2.0,19.0,-1.0,19.0,-1.0,19.0,-1.0,20.0,-1.0,20.0,-2.0,20.0,-2.0,20.0,-2.0,21.0,-2.0,21.0,-3.0,21.0,-3.0,22.0,-3.0,23.0,-4.0,23.0,-4.0,23.0,-4.0,23.0,-5.0,23.0,-6.0,24.0,-7.0,24.0,-8.0,24.0
-5.0,17.0,-5.0,17.0,-4.0,17.0,-4.0,17.0,-4.0,17.0,-4.0,17.0,-3.0,17.0,-3.0,17.0,-3.0,17.0,-3.0,17.0,-2.0,17.0,-2.0,17.0,-2.0,17.0,-1.0,17.0,-1.0,17.0,-1.0,17.0,-1.0,16.0,-1.0,16.0,-1.0,17.0,0.0,17.0,1.0,17.0,1.0,17.0,1.0,18.0,2.0,18.0,2.0,19.0,3.0,19.0,2.0,19.0,3.0,19.0,3.0,19.0,3.0,19.0,3.0,20.0,4.0,20.0,4.0,20.0,4.0,21.0,5.0,21.0,5.0,21.0,5.0,22.0,5.0,22.0,5.0,23.0,5.0,23.0,4.0,23.0,4.0,23.0,4.0,24.0,4.0,24.0,4.0,25.0,4.0,25.0,4.0,26.0,3.0,26.0,3.0,27.0,2.0,27.0,1.0,27.0,0.0,28.0
2.0,18.0,2.0,17.0,2.0,17.0,3.0,17.0,3.0,17.0,3.0,17.0,3.0,17.0,3.0,17.0,3.0,17.0,4.0,16.0,4.0,17.0,4.0,16.0,4.0,16.0,5.0,16.0,4.0,16.0,5.0,16.0,5.0,16.0,5.0,15.0,5.0,16.0,6.0,16.0,6.0,16.0,6.0,16.0,7.0,16.0,8.0,16.0,8.0,17.0,8.0,17.0,8.0,17.0,8.0,17.0,9.0,17.0,9.0,17.0,9.0,18.0,9.0,18.0,10.0,18.0,10.0,18.0,10.0,19.0,11.0,19.0,11.0,19.0,11.0,19.0,11.0,20.0,11.0,20.0,11.0,20.0,11.0,21.0,11.0,21.0,11.0,22.0,11.0,23.0,10.0,23.0,10.0,24.0,9.0,24.0,9.0,25.0,9.0,26.0,8.0,26.0,8.0,27.0
-15.0,7.0,-15.0,8.0,-15.0,8.0,-14.0,8.0,-14.0,8.0,-14.0,8.0,-14.0,8.0,-14.0,8.0,-14.0,8.0,-13.0,8.0,-13.0,9.0,-13.0,9.0,-13.0,9.0,-13.0,9.0,-13.0,9.0,-13.0,9.0,-13.0,9.0,-12.0,9.0,-12.0,10.0,-12.0,10.0,-12.0,11.0,-12.0,11.0,-12.0,11.0,-12.0,11.0,-12.0,12.0,-12.0,13.0,-12.0,13.0,-12.0,13.0,-12.0,13.0,-12.0,13.0,-12.0,13.0,-13.0,14.0,-13.0,15.0,-13.0,15.0,-13.0,15.0,-13.0,15.0,-13.0,16.0,-13.0,16.0,-14.0,16.0,-15.0,16.0,-15.0,16.0,-15.0,16.0,-15.0,16.0,-16.0,16.0,-16.0,17.0,-17.0,17.0,-17.0,17.0,-18.0,16.0,-18.0,16.0,-19.0,16.0,-20.0,16.0,-21.0,16.0
-17.0,1.0,-17.0,1.0,-17.0,1.0,-17.0,1.0,-17.0,1.0,-17.0,1.0,-16.0,1.0,-16.0,1.0,-16.0,1.0,-16.0,2.0,-16.0,3.0,-16.0,3.0,-16.0,3.0,-16.0,3.0,-16.0,3.0,-16.0,3.0,-16.0,3.0,-15.0,3.0,-16.0,4.0,-16.0,4.0,-16.0,4.0,-16.0,5.0,-16.0,5.0,-16.0,6.0,-16.0,7.0,-17.0,7.0,-17.0,7.0,-17.0,7.0,-17.0,7.0,-17.0,7.0,-17.0,8.0,-18.0,8.0,-18.0,8.0,-18.0,8.0,-18.0,8.0,-18.0,9.0,-18.0,10.0,-19.0,10.0,-20.0,10.0,-20.0,9.0,-20.0,9.0,-21.0,9.0,-21.0,9.0,-21.0,9.0,-22.0,9.0,-23.0,9.0,-23.0,8.0,-23.0,8.0,-23.0,8.0,-24.0,8.0,-25.0,7.0,-26.0,7.0
4.0,-18.0,4.0,-18.0,3.0,-18.0,3.0,-18.0,3.0,-18.0,3.0,-18.0,2.0,-18.0,2.0,-18.0,2.0,-18.0,2.0,-18.0,2.0,-18.0,2.0,-18.0,2.0,-18.0,1.0,-18.0,1.0,-18.0,0.0,-18.0,0.0,-18.0,0.0,-18.0,-1.0,-18.0,-1.0,-18.0,-2.0,-18.0,-2.0,-18.0,-2.0,-19.0,-2.0,-19.0,-2.0,-20.0,-3.0,-20.0,-4.0,-20.0,-4.0,-20.0,-4.0,-20.0,-4.0,-20.0,-4.0,-21.0,-5.0,-21.0,-5.0,-21.0,-5.0,-22.0,-5.0,-22.0,-6.0,-23.0,-5.0,-23.0,-5.0,-24.0,-5.0,-24.0,-5.0,-24.0,-5.0,-24.0,-5.0,-25.0,-5.0,-25.0,-5.0,-26.0,-5.0,-27.0,-5.0,-27.0,-5.0,-27.0,-4.0,-28.0,-3.0,-28.0,-2.0,-29.0,-1.0,-30.0,-1.0,-30.0
-20.0,-9.0,-20.0,-9.0,-20.0,-8.0,-20.0,-8.0,-20.0,-8.0,-19.0,-8.0,-20.0,-7.0,-19.0,-7.0,-19.0,-7.0,-19.0,-6.0,-20.0,-6.0,-20.0,-6.0,-20.0,-6.0,-20.0,-5.0,-20.0,-5.0,-20.0,-5.0,-20.0,-4.0,-20.0,-4.0,-20.0,-4.0,-21.0,-4.0,-21.0,-4.0,-21.0,-3.0,-21.0,-2.0,-22.0,-2.0,-23.0,-2.0,-23.0,-2.0,-23.0,-1.0,-23.0,-1.0,-23.0,-1.0,-23.0,-1.0,-24.0,0.0,-25.0,0.0,-25.0,0.0,-25.0,0.0,-26.0,0.0,-26.0,1.0,-27.0,1.0,-27.0,1.0,-28.0,1.0,-28.0,0.0,-28.0,0.0,-29.0,0.0,-29.0,0.0,-30.0,-1.0,-30.0,-2.0,-31.0,-2.0,-31.0,-3.0,-31.0,-3.0,-32.0,-3.0,-32.0,-4.0,-33.0,-5.0,-34.0,-6.0
-17.0,-3.0,-17.0,-3.0,-17.0,-3.0,-17.0,-3.0,-17.0,-2.0,-17.0,-2.0,-17.0,-2.0,-17.0,-2.0,-17.0,-2.0,-17.0,-2.0,-17.0,-1.0,-17.0,-1.0,-17.0,-1.0,-17.0,0.0,-17.0,0.0,-17.0,0.0,-17.0,0.0,-16.0,0.0,-17.0,1.0,-17.0,1.0,-17.0,2.0,-17.0,2.0,-17.0,2.0,-18.0,2.0,-18.0,3.0,-19.0,3.0,-18.0,3.0,-18.0,3.0,-19.0,4.0,-19.0,4.0,-19.0,4.0,-19.0,5.0,-20.0,5.0,-20.0,5.0,-20.0,5.0,-20.0,5.0,-21.0,6.0,-22.0,6.0,-22.0,6.0,-22.0,6.0,-22.0,6.0,-23.0,6.0,-23.0,5.0,-24.0,5.0,-24.0,5.0,-25.0,5.0,-25.0,5.0,-25.0,4.0,-26.0,4.0,-27.0,3.0,-27.0,2.0,-27.0,2.0
-12.0,14.0,-11.0,14.0,-11.0,15.0,-11.0,15.0,-11.0,14.0,-11.0,14.0,-11.0,14.0,-11.0,14.0,-11.0,14.0,-10.0,14.0,-10.0,15.0,-10.0,15.0,-10.0,15.0,-9.0,15.0,-9.0,15.0,-9.0,15.0,-9.0,15.0,-9.0,15.0,-9.0,16.0,-9.0,16.0,-8.0,17.0,-8.0,17.0,-8.0,17.0,-8.0,18.0,-7.0,18.0,-7.0,19.0,-8.0,19.0,-7.0,19.0,-7.0,19.0,-7.0,19.0,-7.0,20.0,-7.0,21.0,-7.0,21.0,-7.0,21.0,-7.0,21.0,-7.0,21.0,-7.0,22.0,-7.0,23.0,-8.0,23.0,-8.0,23.0,-8.0,23.0,-8.0,24.0,-9.0,24.0,-10.0,24.0,-10.0,25.0,-11.0,25.0,-11.0,25.0,-12.0,25.0,-12.0,25.0,-13.0,25.0,-15.0,26.0,-16.0,26.0
-9.0,16.0,-9.0,16.0,-9.0,16.0,-8.0,16.0,-8.0,16.0,-8.0,16.0,-8.0,16.0,-8.0,16.0,-8.0,16.0,-7.0,16.0,-7.0,16.0,-7.0,17.0,-7.0,17.0,-7.0,17.0,-6.0,17.0,-6.0,17.0,-6.0,16.0,-5.0,16.0,-5.0,17.0,-5.0,18.0,-4.0,18.0,-4.0,18.0,-4.0,18.0,-4.0,18.0,-3.0,19.0,-3.0,20.0,-3.0,20.0,-3.0,20.0,-2.0,20.0,-2.0,20.0,-2.0,21.0,-2.0,22.0,-2.0,22.0,-2.0,22.0,-2.0,22.0,-1.0,22.0,-1.0,23.0,-2.0,23.0,-2.0,24.0,-2.0,24.0,-2.0,24.0,-2.0,25.0,-3.0,25.0,-3.0,26.0,-3.0,26.0,-4.0,26.0,-4.0,27.0,-5.0,27.0,-5.0,27.0,-6.0,27.0,-8.0,28.0,-9.0,28.0
11.0,-13.0,11.0,-13.0,11.0,-13.0,11.0,-13.0,11.0,-13.0,11.0,-13.0,10.0,-13.0,10.0,-13.0,10.0,-13.0,10.0,-13.0,10.0,-14.0,10.0,-14.0,9.0,-14.0,9.0,-14.0,9.0,-14.0,9.0,-14.0,8.0,-14.0,8.0,-14.0,8.0,-14.0,8.0,-15.0,8.0,-15.0,8.0,-15.0,7.0,-16.0,7.0,-16.0,7.0,-17.0,7.0,-18.0,7.0,-17.0,7.0,-17.0,7.0,-18.0,7.0,-18.0,7.0,-18.0,7.0,-19.0,7.0,-19.0,7.0,-19.0,7.0,-19.0,7.0,-20.0,7.0,-20.0,7.0,-21.0,8.0,-21.0,8.0,-21.0,9.0,-21.0,9.0,-21.0,9.0,-21.0,9.0,-22.0,10.0,-22.0,10.0,-22.0,11.0,-23.0,11.0,-22.0,12.0,-22.0,13.0,-22.0,14.0,-22.0,15.0,-22.0
10.0,-17.0,9.0,-17.0,9.0,-17.0,9.0,-17.0,9.0,-17.0,9.0,-17.0,8.0,-17.0,8.0,-17.0,8.0,-17.0,8.0,-17.0,8.0,-17.0,8.0,-17.0,7.0,-17.0,7.0,-17.0,7.0,-17.0,6.0,-18.0,6.0,-17.0,6.0,-17.0,5.0,-18.0,5.0,-18.0,4.0,-18.0,4.0,-19.0,4.0,-19.0,4.0,-20.0,4.0,-20.0,4.0,-21.0,4.0,-20.0,4.0,-21.0,3.0,-21.0,3.0,-21.0,3.0,-22.0,3.0,-22.0,3.0,-23.0,3.0,-23.0,3.0,-23.0,3.0,-24.0,3.0,-24.0,3.0,-24.0,4.0,-25.0,4.0,-25.0,4.0,-25.0,4.0,-25.0,5.0,-26.0,5.0,-26.0,5.0,-27.0,5.0,-27.0,6.0,-27.0,7.0,-27.0,7.0,-27.0,8.0,-27.0,9.0,-28.0,10.0,-28.0
18.0,-3.0,18.0,-3.0,18.0,-4.0,18.0,-4.0,18.0,-4.0,18.0,-4.0,18.0,-4.0,17.0,-4.0,17.0,-5.0,17.0,-5.0,17.0,-5.0,17.0,-5.0,17.0,-5.0,17.0,-6.0,17.0,-6.0,17.0,-6.0,16.0,-6.0,16.0,-6.0,17.0,-7.0,17.0,-8.0,17.0,-8.0,17.0,-9.0,17.0,-9.0,17.0,-9.0,18.0,-10.0,18.0,-10.0,17.0,-10.0,17.0,-11.0,17.0,-11.0,17.0,-11.0,17.0,-12.0,18.0,-12.0,18.0,-13.0,18.0,-13.0,19.0,-13.0,19.0,-13.0,19.0,-13.0,20.0,-13.0,20.0,-13.0,20.0,-13.0,21.0,-13.0,21.0,-14.0,21.0,-13.0,22.0,-13.0,22.0,-14.0,23.0,-14.0,23.0,-14.0,24.0,-13.0,24.0,-13.0,25.0,-12.0,26.0,-11.0,26.0,-11.0
18.0,4.0,18.0,4.0,18.0,4.0,18.0,4.0,18.0,4.0,18.0,4.0,18.0,4.0,17.0,4.0,17.0,4.0,17.0,3.0,18.0,3.0,18.0,3.0,18.0,3.0,18.0,2.0,18.0,2.0,18.0,2.0,17.0,2.0,17.0,2.0,18.0,1.0,18.0,1.0,18.0,1.0,18.0,1.0,19.0,0.0,19.0,0.0,20.0,0.0,20.0,-1.0,20.0,0.0,20.0,-1.0,20.0,-1.0,20.0,-1.0,21.0,-1.0,21.0,-1.0,22.0,-1.0,22.0,-1.0,22.0,-1.0,23.0,-2.0,23.0,-2.0,23.0,-2.0,24.0,-1.0,24.0,-1.0,24.0,-1.0,24.0,0.0,25.0,0.0,25.0,0.0,26.0,1.0,26.0,1.0,26.0,1.0,26.0,2.0,27.0,2.0,27.0,3.0,27.0,4.0,27.0,5.0
16.0,5.0,16.0,5.0,16.0,5.0,16.0,5.0,16.0,5.0,16.0,5.0,16.0,5.0,15.0,5.0,15.0,5.0,15.0,4.0,16.0,4.0,16.0,4.0,16.0,3.0,16.0,3.0,16.0,3.0,16.0,3.0,16.0,3.0,16.0,3.0,16.0,2.0,16.0,2.0,16.0,2.0,16.0,2.0,17.0,1.0,17.0,1.0,18.0,1.0,18.0,0.0,18.0,1.0,18.0,1.0,18.0,0.0,18.0,0.0,19.0,0.0,19.0,1.0,19.0,1.0,19.0,1.0,20.0,1.0,20.0,0.0,21.0,0.0,21.0,0.0,21.0,0.0,21.0,1.0,21.0,1.0,22.0,1.0,22.0,1.0,22.0,2.0,22.0,2.0,22.0,2.0,23.0,3.0,23.0,3.0,23.0,3.0,23.0,4.0,24.0,4.0,24.0,5.0
13.0,-12.0,13.0,-12.0,12.0,-12.0,12.0,-12.0,12.0,-12.0,12.0,-12.0,12.0,-12.0,12.0,-12.0,12.0,-12.0,11.0,-12.0,11.0,-12.0,11.0,-13.0,11.0,-13.0,11.0,-13.0,11.0,-13.0,11.0,-13.0,10.0,-13.0,10.0,-13.0,10.0,-13.0,10.0,-14.0,10.0,-14.0,10.0,-14.0,10.0,-14.0,10.0,-15.0,10.0,-16.0,9.0,-16.0,9.0,-16.0,9.0,-16.0,9.0,-16.0,9.0,-16.0,9.0,-17.0,9.0,-17.0,9.0,-17.0,9.0,-17.0,9.0,-18.0,9.0,-18.0,9.0,-18.0,10.0,-19.0,10.0,-19.0,10.0,-19.0,10.0,-19.0,10.0,-19.0,10.0,-19.0,11.0,-20.0,11.0,-20.0,12.0,-20.0,12.0,-20.0,12.0,-20.0,13.0,-20.0,14.0,-20.0,14.0,-20.0,15.0,-20.0
21.0,-1.0,21.0,-1.0,21.0,-1.0,21.0,-1.0,21.0,-1.0,21.0,-1.0,20.0,-1.0,20.0,-1.0,20.0,-1.0,20.0,-2.0,20.0,-2.0,20.0,-2.0,20.0,-2.0,20.0,-3.0,20.0,-3.0,20.0,-3.0,19.0,-3.0,19.0,-3.0,20.0,-4.0,20.0,-4.0,19.0,-4.0,19.0,-5.0,20.0,-5.0,20.0,-6.0,21.0,-6.0,21.0,-6.0,21.0,-7.0,21.0,-7.0,21.0,-7.0,21.0,-7.0,21.0,-7.0,22.0,-7.0,22.0,-7.0,22.0,-8.0,22.0,-8.0,23.0,-8.0,23.0,-9.0,24.0,-9.0,24.0,-9.0,24.0,-9.0,25.0,-8.0,25.0,-8.0,25.0,-8.0,26.0,-8.0,27.0,-7.0,27.0,-7.0,27.0,-7.0,28.0,-7.0,28.0,-6.0,29.0,-5.0,30.0,-5.0,30.0,-4.0
5.0,17.0,5.0,18.0,5.0,18.0,5.0,18.0,5.0,17.0,5.0,17.0,5.0,17.0,5.0,17.0,5.0,17.0,5.0,17.0,6.0,17.0,6.0,17.0,6.0,16.0,6.0,16.0,6.0,16.0,7.0,16.0,7.0,16.0,7.0,16.0,7.0,16.0,8.0,16.0,8.0,16.0,8.0,16.0,9.0,16.0,9.0,16.0,9.0,16.0,10.0,17.0,10.0,16.0,10.0,16.0,10.0,16.0,11.0,16.0,11.0,17.0,11.0,17.0,12.0,17.0,12.0,17.0,12.0,17.0,12.0,17.0,13.0,18.0,13.0,18.0,13.0,19.0,13.0,19.0,13.0,19.0,13.0,20.0,13.0,20.0,12.0,21.0,12.0,21.0,12.0,22.0,12.0,22.0,12.0,22.0,12.0,23.0,11.0,24.0,11.0,25.0,10.0,26.0
-8.0,16.0,-9.0,16.0,-9.0,16.0,-8.0,16.0,-8.0,16.0,-8.0,16.0,-8.0,17.0,-8.0,16.0,-7.0,16.0,-7.0,16.0,-7.0,16.0,-7.0,17.0,-6.0,17.0,-6.0,17.0,-6.0,17.0,-6.0,16.0,-6.0,16.0,-6.0,16.0,-5.0,17.0,-5.0,17.0,-5.0,17.0,-4.0,18.0,-4.0,18.0,-4.0,18.0,-4.0,19.0,-3.0,20.0,-3.0,19.0,-3.0,19.0,-3.0,19.0,-3.0,19.0,-3.0,20.0,-3.0,20.0,-3.0,21.0,-3.0,21.0,-2.0,21.0,-2.0,21.0,-2.0,22.0,-2.0,22.0,-2.0,23.0,-3.0,23.0,-3.0,23.0,-4.0,23.0,-3.0,23.0,-3.0,24.0,-4.0,25.0,-4.0,25.0,-4.0,25.0,-5.0,25.0,-5.0,25.0,-6.0,26.0,-7.0,26.0,-8.0,27.0
16.0,-4.0,16.0,-4.0,16.0,-4.0,16.0,-4.0,16.0,-4.0,16.0,-4.0,15.0,-4.0,15.0,-4.0,15.0,-4.0,15.0,-4.0,15.0,-5.0,15.0,-5.0,15.0,-5.0,15.0,-6.0,15.0,-6.0,14.0,-6.0,14.0,-6.0,14.0,-6.0,14.0,-6.0,14.0,-6.0,14.0,-7.0,14.0,-7.0,14.0,-8.0,14.0,-8.0,14.0,-9.0,15.0,-9.0,15.0,-9.0,15.0,-9.0,15.0,-9.0,14.0,-9.0,15.0,-10.0,15.0,-10.0,15.0,-10.0,16.0,-11.0,16.0,-11.0,16.0,-12.0,16.0,-12.0,17.0,-12.0,17.0,-12.0,18.0,-12.0,18.0,-12.0,18.0,-12.0,18.0,-12.0,19.0,-12.0,20.0,-12.0,20.0,-12.0,20.0,-12.0,21.0,-11.0,21.0,-11.0,22.0,-11.0,23.0,-10.0,24.0,-10.0
-11.0,12.0,-11.0,12.0,-11.0,12.0,-11.0,12.0,-11.0,12.0,-11.0,12.0,-11.0,12.0,-10.0,12.0,-10.0,12.0,-9.0,12.0,-9.0,12.0,-9.0,12.0,-9.0,12.0,-9.0,13.0,-9.0,13.0,-9.0,12.0,-9.0,12.0,-8.0,13.0,-8.0,13.0,-8.0,14.0,-8.0,14.0,-7.0,14.0,-7.0,14.0,-7.0,15.0,-7.0,15.0,-7.0,16.0,-7.0,15.0,-7.0,16.0,-7.0,16.0,-7.0,16.0,-7.0,17.0,-7.0,17.0,-7.0,18.0,-7.0,18.0,-7.0,18.0,-7.0,19.0,-7.0,19.0,-8.0,20.0,-8.0,20.0,-8.0,20.0,-9.0,20.0,-9.0,20.0,-9.0,20.0,-10.0,21.0,-10.0,21.0,-11.0,21.0,-11.0,21.0,-12.0,21.0,-12.0,21.0,-13.0,21.0,-14.0,22.0,-15.0,22.0
6.0,14.0,6.0,14.0,6.0,14.0,6.0,14.0,7.0,14.0,7.0,14.0,7.0,13.0,7.0,13.0,7.0,13.0,7.0,13.0,8.0,13.0,8.0,13.0,8.0,13.0,8.0,13.0,8.0,12.0,8.0,12.0,8.0,12.0,8.0,12.0,9.0,12.0,9.0,13.0,10.0,12.0,10.0,12.0,10.0,12.0,11.0,12.0,12.0,12.0,12.0,12.0,12.0,13.0,12.0,13.0,12.0,13.0,12.0,13.0,13.0,13.0,13.0,13.0,14.0,14.0,13.0,14.0,14.0,14.0,14.0,14.0,15.0,14.0,15.0,15.0,14.0,15.0,14.0,15.0,14.0,16.0,15.0,16.0,15.0,17.0,15.0,17.0,15.0,18.0,15.0,19.0,15.0,19.0,14.0,19.0,14.0,20.0,14.0,21.0,14.0,21.0,13.0,22.0
-11.0,13.0,-11.0,14.0,-11.0,14.0,-11.0,14.0,-11.0,14.0,-11.0,14.0,-11.0,14.0,-10.0,14.0,-10.0,14.0,-10.0,14.0,-9.0,15.0,-9.0,15.0,-9.0,15.0,-9.0,15.0,-9.0,15.0,-9.0,15.0,-9.0,15.0,-9.0,15.0,-9.0,15.0,-9.0,16.0,-8.0,16.0,-8.0,16.0,-8.0,17.0,-7.0,18.0,-7.0,18.0,-7.0,19.0,-8.0,19.0,-8.0,19.0,-8.0,19.0,-7.0,19.0,-7.0,19.0,-8.0,20.0,-8.0,20.0,-8.0,21.0,-8.0,21.0,-7.0,21.0,-7.0,22.0,-8.0,22.0,-8.0,22.0,-9.0,22.0,-9.0,22.0,-10.0,23.0,-10.0,23.0,-10.0,24.0,-11.0,24.0,-11.0,24.0,-12.0,24.0,-12.0,24.0,-13.0,24.0,-13.0,24.0,-14.0,24.0,-15.0,24.0
5.0,-18.0,5.0,-18.0,5.0,-18.0,5.0,-18.0,4.0,-18.0,4.0,-18.0,4.0,-18.0,3.0,-18.0,3.0,-18.0,3.0,-18.0,3.0,-18.0,3.0,-19.0,3.0,-18.0,2.0,-18.0,2.0,-18.0,2.0,-18.0,2.0,-18.0,2.0,-18.0,1.0,-18.0,1.0,-19.0,0.0,-19.0,0.0,-19.0,0.0,-19.0,0.0,-20.0,-1.0,-20.0,-1.0,-21.0,-1.0,-20.0,-1.0,-20.0,-1.0,-21.0,-1.0,-21.0,-2.0,-22.0,-2.0,-22.0,-2.0,-22.0,-2.0,-22.0,-2.0,-23.0,-2.0,-23.0,-3.0,-24.0,-3.0,-24.0,-2.0,-24.0,-2.0,-24.0,-2.0,-25.0,-2.0,-25.0,-2.0,-25.0,-1.0,-26.0,-1.0,-27.0,-1.0,-27.0,0.0,-27.0,0.0,-27.0,1.0,-28.0,2.0,-29.0,2.0,-29.0,3.0,-29.0
-18.0,9.0,-18.0,9.0,-19.0,9.0,-19.0,9.0,-18.0,10.0,-18.0,10.0,-18.0,10.0,-18.0,10.0,-17.0,10.0,-17.0,10.0,-17.0,11.0,-17.0,11.0,-17.0,12.0,-17.0,12.0,-17.0,12.0,-16.0,12.0,-16.0,12.0,-16.0,12.0,-16.0,12.0,-16.0,13.0,-16.0,14.0,-16.0,14.0,-16.0,14.0,-16.0,15.0,-16.0,16.0,-16.0,16.0,-16.0,16.0,-16.0,16.0,-16.0,17.0,-16.0,17.0,-16.0,17.0,-16.0,18.0,-16.0,18.0,-16.0,18.0,-16.0,19.0,-17.0,19.0,-17.0,20.0,-17.0,20.0,-18.0,20.0,-18.0,20.0,-18.0,20.0,-19.0,21.0,-19.0,21.0,-20.0,21.0,-20.0,21.0,-20.0,20.0,-21.0,21.0,-22.0,21.0,-23.0,21.0,-24.0,20.0,-25.0,20.0,-26.0,20.0
-18.0,1.0,-19.0,2.0,-18.0,2.0,-18.0,2.0,-18.0,2.0,-19.0,2.0,-19.0,2.0,-18.0,2.0,-18.0,3.0,-17.0,3.0,-18.0,4.0,-18.0,4.0,-18.0,4.0,-18.0,4.0,-18.0,5.0,-18.0,5.0,-17.0,4.0,-17.0,5.0,-18.0,5.0,-18.0,6.0,-18.0,6.0,-18.0,7.0,-18.0,7.0,-18.0,8.0,-19.0,8.0,-19.0,9.0,-19.0,9.0,-19.0,8.0,-19.0,9.0,-19.0,9.0,-19.0,10.0,-19.0,10.0,-20.0,10.0,-20.0,10.0,-20.0,10.0,-20.0,11.0,-20.0,11.0,-21.0,12.0,-22.0,11.0,-22.0,11.0,-22.0,10.0,-22.0,11.0,-23.0,11.0,-23.0,11.0,-24.0,11.0,-24.0,11.0,-25.0,11.0,-25.0,11.0,-25.0,10.0,-26.0,10.0,-27.0,9.0,-28.0,9.0
-18.0,-4.0,-18.0,-5.0,-18.0,-5.0,-18.0,-4.0,-18.0,-4.0,-18.0,-4.0,-18.0,-4.0,-18.0,-3.0,-18.0,-3.0,-18.0,-3.0,-18.0,-3.0,-18.0,-3.0,-18.0,-2.0,-18.0,-2.0,-19.0,-2.0,-18.0,-2.0,-18.0,-2.0,-18.0,-2.0,-19.0,-2.0,-19.0,-1.0,-19.0,-1.0,-19.0,0.0,-19.0,0.0,-20.0,0.0,-20.0,0.0,-21.0,1.0,-20.0,0.0,-20.0,1.0,-21.0,1.0,-21.0,1.0,-21.0,1.0,-22.0,1.0,-22.0,2.0,-22.0,2.0,-22.0,2.0,-23.0,2.0,-24.0,2.0,-24.0,2.0,-24.0,2.0,-25.0,1.0,-25.0,1.0,-25.0,1.0,-25.0,1.0,-26.0,0.0,-27.0,0.0,-27.0,0.0,-27.0,-1.0,-27.0,-1.0,-28.0,-2.0,-28.0,-3.0,-29.0,-4.0,-29.0,-4.0
-15.0,-8.0,-15.0,-8.0,-15.0,-8.0,-15.0,-8.0,-15.0,-8.0,-15.0,-8.0,-15.0,-7.0,-15.0,-7.0,-15.0,-7.0,-15.0,-7.0,-15.0,-7.0,-15.0,-7.0,-16.0,-6.0,-16.0,-6.0,-16.0,-6.0,-16.0,-6.0,-16.0,-6.0,-15.0,-6.0,-16.0,-5.0,-16.0,-5.0,-17.0,-4.0,-17.0,-4.0,-17.0,-4.0,-17.0,-4.0,-18.0,-4.0,-18.0,-4.0,-18.0,-4.0,-18.0,-4.0,-18.0,-4.0,-19.0,-3.0,-19.0,-3.0,-20.0,-3.0,-20.0,-3.0,-20.0,-3.0,-20.0,-3.0,-21.0,-3.0,-21.0,-3.0,-21.0,-3.0,-22.0,-4.0,-22.0,-4.0,-22.0,-4.0,-22.0,-4.0,-22.0,-4.0,-23.0,-5.0,-24.0,-5.0,-24.0,-5.0,-24.0,-5.0,-24.0,-6.0,-24.0,-7.0,-25.0,-8.0,-25.0,-9.0,-25.0,-9.0
-14.0,-13.0,-14.0,-13.0,-14.0,-13.0,-14.0,-13.0,-14.0,-13.0,-14.0,-13.0,-14.0,-12.0,-14.0,-12.0,-14.0,-12.0,-14.0,-11.0,-14.0,-11.0,-15.0,-11.0,-15.0,-11.0,-15.0,-11.0,-15.0,-11.0,-15.0,-11.0,-15.0,-10.0,-15.0,-10.0,-16.0,-10.0,-16.0,-9.0,-16.0,-9.0,-16.0,-9.0,-16.0,-9.0,-17.0,-9.0,-18.0,-9.0,-18.0,-9.0,-18.0,-9.0,-19.0,-9.0,-19.0,-9.0,-19.0,-8.0,-20.0,-8.0,-20.0,-8.0,-21.0,-8.0,-21.0,-8.0,-21.0,-8.0,-21.0,-8.0,-22.0,-9.0,-22.0,-9.0,-22.0,-10.0,-22.0,-10.0,-23.0,-10.0,-23.0,-10.0,-23.0,-11.0,-24.0,-11.0,-24.0,-12.0,-24.0,-12.0,-24.0,-12.0,-24.0,-13.0,-24.0,-14.0,-24.0,-15.0,-24.0,-16.0,-24.0,-16.0
-11.0,-13.0,-11.0,-13.0,-11.0,-13.0,-11.0,-13.0,-11.0,-13.0,-11.0,-13.0,-11.0,-13.0,-11.0,-12.0,-11.0,-12.0,-11.0,-12.0,-12.0,-12.0,-12.0,-12.0,-12.0,-12.0,-12.0,-12.0,-12.0,-12.0,-12.0,-11.0,-12.0,-11.0,-12.0,-11.0,-12.0,-11.0,-13.0,-11.0,-13.0,-11.0,-13.0,-10.0,-14.0,-10.0,-14.0,-10.0,-15.0,-10.0,-16.0,-11.0,-15.0,-11.0,-15.0,-11.0,-15.0,-11.0,-16.0,-11.0,-16.0,-11.0,-16.0,-11.0,-17.0,-11.0,-17.0,-11.0,-17.0,-11.0,-18.0,-11.0,-18.0,-11.0,-18.0,-12.0,-19.0,-12.0,-18.0,-13.0,-18.0,-13.0,-18.0,-13.0,-18.0,-14.0,-19.0,-14.0,-19.0,-15.0,-19.0,-15.0,-19.0,-16.0,-19.0,-17.0,-19.0,-17.0,-19.0,-17.0,-19.0,-18.0,-19.0,-19.0
2.0,16.0,3.0,16.0,3.0,15.0,3.0,15.0,3.0,15.0,3.0,15.0,3.0,15.0,3.0,15.0,3.0,15.0,4.0,15.0,4.0,15.0,4.0,15.0,4.0,15.0,5.0,15.0,5.0,14.0,5.0,14.0,5.0,14.0,5.0,14.0,5.0,14.0,6.0,15.0,6.0,14.0,7.0,14.0,7.0,14.0,7.0,15.0,8.0,15.0,8.0,15.0,8.0,15.0,8.0,15.0,9.0,15.0,9.0,15.0,9.0,16.0,9.0,16.0,10.0,16.0,10.0,16.0,10.0,16.0,11.0,17.0,11.0,17.0,11.0,18.0,11.0,18.0,10.0,18.0,10.0,18.0,11.0,19.0,11.0,19.0,11.0,20.0,11.0,20.0,10.0,21.0,10.0,21.0,10.0,22.0,9.0,23.0,9.0,23.0,8.0,24.0,8.0,24.0
16.0,2.0,16.0,2.0,16.0,2.0,16.0,1.0,16.0,1.0,16.0,1.0,16.0,1.0,16.0,1.0,15.0,1.0,15.0,0.0,15.0,0.0,16.0,-1.0,16.0,-1.0,16.0,-1.0,16.0,-1.0,15.0,-2.0,15.0,-2.0,15.0,-2.0,15.0,-2.0,15.0,-2.0,16.0,-3.0,16.0,-3.0,16.0,-3.0,16.0,-4.0,17.0,-5.0,17.0,-5.0,17.0,-5.0,17.0,-5.0,17.0,-5.0,17.0,-6.0,17.0,-6.0,18.0,-6.0,18.0,-6.0,18.0,-6.0,19.0,-7.0,19.0,-7.0,19.0,-8.0,20.0,-8.0,20.0,-8.0,21.0,-7.0,21.0,-7.0,21.0,-7.0,21.0,-7.0,22.0,-7.0,22.0,-7.0,23.0,-7.0,23.0,-7.0,23.0,-6.0,24.0,-6.0,24.0,-6.0,25.0,-5.0,26.0,-5.0
-1.0,-17.0,-1.0,-17.0,-2.0,-17.0,-2.0,-17.0,-2.0,-17.0,-2.0,-17.0,-2.0,-16.0,-2.0,-16.0,-2.0,-16.0,-2.0,-16.0,-3.0,-16.0,-3.0,-16.0,-3.0,-16.0,-4.0,-16.0,-4.0,-16.0,-4.0,-16.0,-4.0,-16.0,-4.0,-16.0,-5.0,-16.0,-5.0,-16.0,-5.0,-16.0,-5.0,-16.0,-6.0,-16.0,-6.0,-17.0,-7.0,-17.0,-7.0,-18.0,-7.0,-17.0,-7.0,-17.0,-7.0,-17.0,-8.0,-17.0,-8.0,-18.0,-8.0,-18.0,-8.0,-18.0,-8.0,-18.0,-9.0,-18.0,-9.0,-19.0,-10.0,-19.0,-10.0,-20.0,-9.0,-20.0,-9.0,-21.0,-8.0,-21.0,-8.0,-21.0,-8.0,-21.0,-9.0,-22.0,-8.0,-23.0,-8.0,-23.0,-8.0,-23.0,-8.0,-23.0,-8.0,-24.0,-7.0,-24.0,-6.0,-25.0,-6.0,-26.0
14.0,-10.0,14.0,-10.0,14.0,-10.0,14.0,-11.0,14.0,-10.0,14.0,-10.0,14.0,-11.0,14.0,-11.0,14.0,-11.0,13.0,-11.0,13.0,-12.0,13.0,-12.0,13.0,-12.0,13.0,-12.0,13.0,-12.0,12.0,-12.0,12.0,-12.0,12.0,-12.0,12.0,-13.0,12.0,-13.0,12.0,-13.0,12.0,-14.0,11.0,-14.0,11.0,-15.0,12.0,-16.0,12.0,-16.0,12.0,-16.0,12.0,-16.0,12.0,-17.0,12.0,-17.0,12.0,-17.0,12.0,-18.0,12.0,-18.0,12.0,-18.0,12.0,-18.0,12.0,-19.0,13.0,-20.0,13.0,-20.0,13.0,-20.0,14.0,-20.0,14.0,-20.0,14.0,-20.0,15.0,-20.0,15.0,-21.0,16.0,-21.0,16.0,-21.0,17.0,-21.0,17.0,-20.0,18.0,-20.0,19.0,-21.0,20.0,-20.0,21.0,-21.0
9.0,-13.0,10.0,-13.0,9.0,-13.0,9.0,-14.0,9.0,-13.0,9.0,-13.0,9.0,-13.0,9.0,-13.0,8.0,-13.0,8.0,-13.0,8.0,-14.0,8.0,-14.0,8.0,-14.0,8.0,-14.0,7.0,-14.0,7.0,-14.0,7.0,-14.0,7.0,-14.0,7.0,-14.0,7.0,-15.0,7.0,-15.0,7.0,-15.0,6.0,-16.0,6.0,-16.0,6.0,-17.0,7.0,-17.0,6.0,-17.0,6.0,-17.0,6.0,-17.0,6.0,-18.0,6.0,-18.0,6.0,-18.0,7.0,-19.0,7.0,-19.0,7.0,-19.0,7.0,-20.0,7.0,-20.0,7.0,-21.0,7.0,-21.0,8.0,-21.0,8.0,-21.0,8.0,-21.0,9.0,-21.0,9.0,-22.0,10.0,-22.0,11.0,-22.0,11.0,-22.0,11.0,-22.0,12.0,-22.0,13.0,-22.0,13.0,-22.0,14.0,-22.0
-61.0,-20.0,-60.0,-20.0,-70.0,-21.0,-74.0,-21.0,-65.0,-17.0,-63.0,-13.0,-62.0,-13.0,-53.0,-11.0,-52.0,-8.0,-63.0,-6.0,-82.0,-8.0,-95.0,-10.0,-94.0,-10.0,-85.0,-9.0,-79.0,-9.0,-82.0,-10.0,-77.0,-9.0,-63.0,-4.0,-65.0,-2.0,-73.0,-7.0,-78.0,-10.0,-77.0,-9.0,-68.0,-9.0,-73.0,-13.0,-85.0,-13.0,-89.0,-13.0,-100.0,-9.0,-99.0,-3.0,-101.0,-5.0,-95.0,-9.0,-90.0,-12.0,-93.0,-10.0,-91.0,-6.0,-83.0,-5.0,-81.0,-2.0,-85.0,0.0,-85.0,-2.0,-80.0,-6.0,-81.0,-4.0,-84.0,-2.0,-88.0,-3.0,-98.0,-1.0,-97.0,3.0,-87.0,0.0,-80.0,-1.0,-77.0,1.0,-80.0,-2.0,-73.0,-7.0,-64.0,-7.0,-64.0,-4.0,-63.0,-7.0,-58.0,-13.0
-15.0,-12.0,-15.0,-12.0,-15.0,-12.0,-15.0,-12.0,-15.0,-12.0,-15.0,-12.0,-15.0,-12.0,-15.0,-11.0,-15.0,-11.0,-15.0,-11.0,-15.0,-11.0,-15.0,-11.0,-15.0,-11.0,-15.0,-10.0,-16.0,-10.0,-16.0,-10.0,-16.0,-10.0,-15.0,-9.0,-16.0,-9.0,-17.0,-9.0,-17.0,-9.0,-17.0,-8.0,-17.0,-8.0,-18.0,-8.0,-19.0,-8.0,-19.0,-8.0,-18.0,-8.0,-19.0,-8.0,-19.0,-8.0,-19.0,-8.0,-20.0,-8.0,-20.0,-8.0,-21.0,-8.0,-21.0,-8.0,-21.0,-8.0,-21.0,-8.0,-22.0,-8.0,-23.0,-8.0,-23.0,-8.0,-23.0,-9.0,-23.0,-9.0,-23.0,-9.0,-23.0,-10.0,-24.0,-10.0,-24.0,-11.0,-24.0,-11.0,-25.0,-12.0,-25.0,-12.0,-25.0,-12.0,-25.0,-13.0,-25.0,-14.0,-25.0,-15.0
18.0,-3.0,18.0,-3.0,18.0,-3.0,17.0,-4.0,17.0,-4.0,17.0,-4.0,17.0,-4.0,17.0,-4.0,17.0,-4.0,17.0,-5.0,17.0,-5.0,17.0,-5.0,17.0,-5.0,17.0,-5.0,17.0,-6.0,17.0,-6.0,16.0,-6.0,16.0,-6.0,16.0,-7.0,16.0,-7.0,16.0,-7.0,16.0,-8.0,16.0,-8.0,17.0,-8.0,18.0,-9.0,18.0,-10.0,17.0,-9.0,17.0,-10.0,17.0,-10.0,17.0,-10.0,18.0,-10.0,18.0,-10.0,18.0,-11.0,19.0,-11.0,19.0,-11.0,19.0,-12.0,19.0,-12.0,20.0,-12.0,21.0,-12.0,20.0,-12.0,21.0,-12.0,21.0,-12.0,22.0,-12.0,22.0,-12.0,23.0,-12.0,23.0,-11.0,24.0,-11.0,24.0,-11.0,25.0,-11.0,25.0,-11.0,26.0,-10.0,26.0,-9.0
9.0,17.0,9.0,17.0,9.0,17.0,10.0,17.0,10.0,17.0,10.0,16.0,10.0,16.0,10.0,16.0,10.0,16.0,11.0,15.0,11.0,15.0,11.0,15.0,12.0,15.0,12.0,14.0,12.0,15.0,12.0,14.0,12.0,14.0,12.0,14.0,12.0,14.0,13.0,14.0,14.0,14.0,14.0,14.0,14.0,13.0,15.0,13.0,16.0,13.0,16.0,14.0,16.0,14.0,16.0,14.0,17.0,13.0,17.0,13.0,18.0,14.0,18.0,14.0,19.0,14.0,19.0,14.0,19.0,14.0,20.0,14.0,21.0,14.0,21.0,15.0,21.0,15.0,21.0,16.0,21.0,16.0,21.0,16.0,21.0,17.0,21.0,17.0,22.0,18.0,22.0,19.0,22.0,19.0,22.0,20.0,22.0,20.0,22.0,21.0,22.0,22.0,21.0,23.0
0.0,20.0,0.0,20.0,0.0,20.0,0.0,20.0,0.0,20.0,0.0,20.0,1.0,19.0,1.0,19.0,1.0,19.0,1.0,19.0,2.0,19.0,2.0,19.0,2.0,19.0,2.0,18.0,3.0,18.0,3.0,18.0,3.0,18.0,3.0,18.0,3.0,18.0,4.0,19.0,4.0,18.0,5.0,18.0,5.0,18.0,6.0,19.0,6.0,20.0,7.0,20.0,6.0,19.0,7.0,19.0,7.0,20.0,7.0,20.0,8.0,20.0,9.0,21.0,9.0,21.0,9.0,21.0,9.0,21.0,9.0,22.0,9.0,22.0,9.0,23.0,9.0,23.0,9.0,24.0,9.0,24.0,9.0,25.0,9.0,25.0,9.0,26.0,8.0,27.0,8.0,27.0,8.0,27.0,8.0,28.0,7.0,28.0,6.0,29.0,5.0,30.0,5.0,30.0
16.0,7.0,16.0,7.0,16.0,7.0,16.0,7.0,16.0,7.0,16.0,7.0,16.0,6.0,16.0,6.0,16.0,6.0,16.0,5.0,16.0,5.0,16.0,5.0,16.0,5.0,17.0,4.0,17.0,4.0,16.0,4.0,16.0,4.0,16.0,4.0,16.0,4.0,17.0,3.0,17.0,3.0,17.0,3.0,17.0,2.0,17.0,2.0,18.0,2.0,19.0,1.0,18.0,1.0,18.0,1.0,19.0,1.0,19.0,1.0,19.0,1.0,20.0,1.0,20.0,1.0,20.0,1.0,20.0,1.0,20.0,0.0,21.0,0.0,22.0,0.0,22.0,0.0,22.0,1.0,22.0,2.0,23.0,2.0,23.0,2.0,23.0,2.0,24.0,2.0,24.0,3.0,25.0,3.0,25.0,3.0,25.0,4.0,26.0,4.0,26.0,5.0,26.0,6.0
10.0,12.0,10.0,12.0,10.0,12.0,10.0,12.0,10.0,12.0,10.0,12.0,10.0,12.0,10.0,12.0,10.0,11.0,11.0,11.0,11.0,11.0,11.0,11.0,11.0,10.0,11.0,10.0,11.0,10.0,12.0,10.0,11.0,10.0,11.0,10.0,12.0,10.0,12.0,10.0,12.0,9.0,12.0,9.0,13.0,9.0,14.0,9.0,14.0,9.0,15.0,9.0,14.0,9.0,14.0,9.0,14.0,8.0,14.0,8.0,15.0,9.0,16.0,9.0,16.0,9.0,16.0,9.0,16.0,9.0,17.0,9.0,18.0,9.0,18.0,9.0,18.0,10.0,18.0,10.0,17.0,10.0,18.0,11.0,18.0,11.0,18.0,12.0,19.0,12.0,19.0,12.0,19.0,12.0,18.0,13.0,18.0,14.0,19.0,14.0,19.0,15.0,19.0,16.0
-12.0,12.0,-12.0,12.0,-12.0,12.0,-12.0,12.0,-12.0,12.0,-12.0,12.0,-12.0,12.0,-11.0,12.0,-11.0,12.0,-11.0,12.0,-11.0,12.0,-11.0,12.0,-10.0,12.0,-10.0,12.0,-10.0,12.0,-10.0,12.0,-10.0,12.0,-10.0,12.0,-10.0,12.0,-10.0,13.0,-10.0,13.0,-10.0,13.0,-9.0,14.0,-9.0,14.0,-9.0,15.0,-10.0,16.0,-10.0,15.0,-10.0,15.0,-10.0,15.0,-9.0,15.0,-9.0,16.0,-10.0,16.0,-10.0,16.0,-10.0,17.0,-10.0,16.0,-10.0,17.0,-10.0,17.0,-10.0,18.0,-11.0,18.0,-11.0,18.0,-11.0,18.0,-12.0,18.0,-12.0,18.0,-12.0,18.0,-13.0,18.0,-13.0,18.0,-14.0,18.0,-15.0,18.0,-15.0,18.0,-16.0,18.0,-17.0,18.0,-18.0,18.0
5.0,15.0,5.0,16.0,6.0,16.0,6.0,15.0,6.0,15.0,6.0,15.0,6.0,15.0,6.0,15.0,6.0,15.0,6.0,15.0,7.0,15.0,7.0,15.0,7.0,15.0,7.0,15.0,7.0,15.0,8.0,14.0,7.0,14.0,7.0,14.0,8.0,14.0,8.0,14.0,9.0,14.0,9.0,14.0,9.0,14.0,10.0,14.0,10.0,14.0,11.0,15.0,11.0,14.0,11.0,14.0,11.0,14.0,11.0,14.0,11.0,14.0,12.0,15.0,12.0,15.0,12.0,15.0,12.0,15.0,13.0,15.0,13.0,15.0,13.0,16.0,13.0,16.0,13.0,16.0,13.0,16.0,13.0,17.0,13.0,17.0,14.0,17.0,13.0,18.0,13.0,18.0,13.0,19.0,13.0,19.0,13.0,19.0,13.0,20.0,12.0,21.0,12.0,22.0
-13.0,11.0,-13.0,11.0,-13.0,11.0,-13.0,11.0,-13.0,11.0,-13.0,11.0,-13.0,11.0,-13.0,11.0,-13.0,11.0,-12.0,11.0,-12.0,11.0,-12.0,11.0,-12.0,12.0,-12.0,12.0,-12.0,12.0,-12.0,12.0,-12.0,12.0,-11.0,12.0,-12.0,12.0,-12.0,13.0,-11.0,13.0,-11.0,13.0,-11.0,13.0,-11.0,14.0,-11.0,14.0,-11.0,15.0,-12.0,14.0,-11.0,14.0,-11.0,15.0,-11.0,15.0,-11.0,15.0,-12.0,16.0,-12.0,16.0,-12.0,16.0,-12.0,16.0,-12.0,16.0,-12.0,17.0,-12.0,17.0,-13.0,17.0,-13.0,17.0,-13.0,17.0,-14.0,17.0,-14.0,17.0,-15.0,17.0,-15.0,18.0,-15.0,18.0,-16.0,17.0,-16.0,17.0,-16.0,17.0,-17.0,17.0,-18.0,17.0,-19.0,17.0
13.0,-10.0,13.0,-11.0,13.0,-11.0,13.0,-11.0,13.0,-11.0,13.0,-11.0,13.0,-11.0,13.0,-11.0,12.0,-11.0,12.0,-11.0,12.0,-11.0,12.0,-12.0,12.0,-12.0,12.0,-12.0,12.0,-12.0,11.0,-12.0,11.0,-12.0,11.0,-12.0,11.0,-13.0,11.0,-13.0,11.0,-13.0,11.0,-13.0,11.0,-14.0,11.0,-14.0,11.0,-15.0,11.0,-16.0,11.0,-15.0,11.0,-15.0,11.0,-15.0,11.0,-16.0,11.0,-16.0,11.0,-17.0,11.0,-17.0,11.0,-17.0,11.0,-17.0,12.0,-17.0,12.0,-18.0,12.0,-18.0,13.0,-18.0,13.0,-18.0,13.0,-18.0,13.0,-18.0,13.0,-18.0,14.0,-18.0,14.0,-19.0,14.0,-19.0,15.0,-19.0,15.0,-18.0,16.0,-18.0,17.0,-18.0,17.0,-18.0,18.0,-18.0
-17.0,-5.0,-17.0,-5.0,-17.0,-5.0,-17.0,-5.0,-17.0,-5.0,-17.0,-5.0,-17.0,-5.0,-17.0,-4.0,-17.0,-4.0,-17.0,-4.0,-17.0,-4.0,-17.0,-4.0,-17.0,-3.0,-17.0,-3.0,-17.0,-3.0,-17.0,-3.0,-17.0,-3.0,-17.0,-2.0,-17.0,-2.0,-18.0,-2.0,-18.0,-1.0,-18.0,-1.0,-18.0,-1.0,-19.0,-1.0,-19.0,0.0,-19.0,0.0,-19.0,0.0,-19.0,0.0,-20.0,0.0,-20.0,0.0,-20.0,0.0,-20.0,0.0,-21.0,1.0,-21.0,1.0,-21.0,0.0,-21.0,0.0,-22.0,1.0,-22.0,1.0,-22.0,0.0,-22.0,0.0,-22.0,0.0,-23.0,0.0,-23.0,0.0,-23.0,-1.0,-24.0,-1.0,-24.0,-1.0,-24.0,-2.0,-24.0,-2.0,-25.0,-2.0,-25.0,-3.0,-25.0,-3.0,-26.0,-4.0
-17.0,-4.0,-17.0,-3.0,-17.0,-3.0,-17.0,-3.0,-17.0,-3.0,-17.0,-3.0,-17.0,-3.0,-17.0,-2.0,-17.0,-2.0,-17.0,-2.0,-17.0,-2.0,-17.0,-2.0,-17.0,-1.0,-17.0,-1.0,-17.0,-1.0,-17.0,-1.0,-17.0,0.0,-17.0,0.0,-17.0,0.0,-18.0,0.0,-18.0,1.0,-18.0,1.0,-18.0,1.0,-18.0,1.0,-19.0,2.0,-19.0,2.0,-19.0,2.0,-19.0,2.0,-19.0,2.0,-19.0,2.0,-20.0,2.0,-20.0,3.0,-21.0,3.0,-21.0,3.0,-21.0,3.0,-21.0,3.0,-22.0,3.0,-22.0,3.0,-22.0,2.0,-22.0,2.0,-22.0,2.0,-23.0,2.0,-23.0,2.0,-24.0,2.0,-24.0,2.0,-24.0,1.0,-25.0,1.0,-25.0,1.0,-25.0,0.0,-25.0,-1.0,-25.0,-1.0,-26.0,-2.0
-17.0,2.0,-17.0,2.0,-17.0,2.0,-17.0,2.0,-17.0,2.0,-17.0,2.0,-17.0,2.0,-17.0,3.0,-17.0,3.0,-17.0,3.0,-17.0,3.0,-17.0,4.0,-17.0,4.0,-17.0,4.0,-17.0,4.0,-17.0,4.0,-16.0,4.0,-16.0,4.0,-17.0,4.0,-17.0,5.0,-17.0,5.0,-17.0,5.0,-17.0,6.0,-17.0,6.0,-18.0,7.0,-18.0,7.0,-18.0,7.0,-18.0,7.0,-18.0,7.0,-18.0,7.0,-19.0,7.0,-19.0,8.0,-19.0,8.0,-20.0,8.0,-20.0,8.0,-20.0,8.0,-20.0,8.0,-21.0,8.0,-22.0,8.0,-22.0,8.0,-22.0,7.0,-22.0,7.0,-22.0,7.0,-23.0,7.0,-24.0,6.0,-24.0,6.0,-24.0,6.0,-24.0,5.0,-24.0,5.0,-25.0,4.0,-26.0,4.0,-26.0,3.0
-13.0,-12.0,-13.0,-12.0,-13.0,-12.0,-13.0,-12.0,-13.0,-11.0,-13.0,-11.0,-13.0,-11.0,-13.0,-11.0,-13.0,-10.0,-13.0,-10.0,-14.0,-10.0,-14.0,-10.0,-14.0,-10.0,-14.0,-10.0,-15.0,-10.0,-14.0,-9.0,-14.0,-9.0,-14.0,-9.0,-15.0,-9.0,-16.0,-9.0,-16.0,-8.0,-16.0,-8.0,-16.0,-8.0,-17.0,-8.0,-17.0,-8.0,-18.0,-8.0,-18.0,-8.0,-18.0,-8.0,-18.0,-8.0,-18.0,-7.0,-19.0,-8.0,-20.0,-8.0,-20.0,-8.0,-20.0,-8.0,-20.0,-8.0,-21.0,-8.0,-21.0,-8.0,-21.0,-9.0,-22.0,-9.0,-22.0,-9.0,-22.0,-9.0,-22.0,-9.0,-22.0,-9.0,-22.0,-10.0,-23.0,-11.0,-23.0,-11.0,-23.0,-11.0,-23.0,-12.0,-23.0,-12.0,-23.0,-13.0,-22.0,-14.0,-23.0,-15.0
-4.0,-19.0,-4.0,-18.0,-4.0,-19.0,-4.0,-19.0,-5.0,-18.0,-5.0,-18.0,-5.0,-18.0,-6.0,-18.0,-6.0,-17.0,-6.0,-17.0,-6.0,-18.0,-7.0,-18.0,-7.0,-17.0,-7.0,-17.0,-7.0,-18.0,-8.0,-18.0,-8.0,-17.0,-8.0,-17.0,-8.0,-17.0,-9.0,-17.0,-10.0,-17.0,-10.0,-17.0,-10.0,-17.0,-11.0,-17.0,-11.0,-18.0,-12.0,-18.0,-12.0,-18.0,-12.0,-18.0,-12.0,-18.0,-13.0,-18.0,-13.0,-18.0,-14.0,-18.0,-14.0,-18.0,-14.0,-19.0,-14.0,-19.0,-15.0,-19.0,-15.0,-20.0,-15.0,-20.0,-15.0,-21.0,-15.0,-21.0,-15.0,-21.0,-15.0,-22.0,-15.0,-22.0,-15.0,-23.0,-15.0,-23.0,-15.0,-24.0,-15.0,-24.0,-14.0,-24.0,-14.0,-25.0,-13.0,-26.0,-13.0,-27.0,-12.0,-27.0
-15.0,-8.0,-15.0,-8.0,-15.0,-8.0,-15.0,-8.0,-15.0,-8.0,-15.0,-8.0,-15.0,-8.0,-16.0,-7.0,-15.0,-7.0,-15.0,-7.0,-16.0,-7.0,-16.0,-7.0,-16.0,-6.0,-16.0,-6.0,-16.0,-6.0,-16.0,-6.0,-16.0,-5.0,-16.0,-5.0,-16.0,-5.0,-17.0,-4.0,-17.0,-4.0,-17.0,-4.0,-17.0,-4.0,-18.0,-4.0,-18.0,-4.0,-19.0,-3.0,-19.0,-3.0,-19.0,-3.0,-19.0,-3.0,-19.0,-3.0,-20.0,-3.0,-20.0,-3.0,-20.0,-2.0,-21.0,-3.0,-21.0,-3.0,-21.0,-3.0,-22.0,-3.0,-22.0,-3.0,-23.0,-4.0,-23.0,-4.0,-23.0,-4.0,-23.0,-4.0,-23.0,-4.0,-24.0,-5.0,-25.0,-5.0,-24.0,-5.0,-25.0,-6.0,-24.0,-7.0,-25.0,-7.0,-25.0,-8.0,-25.0,-9.0,-25.0,-10.0
-17.0,1.0,-17.0,1.0,-17.0,1.0,-17.0,1.0,-17.0,2.0,-16.0,1.0,-17.0,1.0,-16.0,2.0,-16.0,2.0,-16.0,2.0,-16.0,3.0,-16.0,3.0,-16.0,4.0,-16.0,4.0,-16.0,4.0,-16.0,4.0,-16.0,4.0,-15.0,4.0,-16.0,5.0,-16.0,5.0,-16.0,5.0,-16.0,5.0,-16.0,6.0,-16.0,7.0,-16.0,7.0,-17.0,8.0,-17.0,7.0,-17.0,8.0,-17.0,8.0,-17.0,8.0,-17.0,8.0,-18.0,9.0,-18.0,9.0,-18.0,9.0,-19.0,9.0,-19.0,10.0,-19.0,11.0,-19.0,10.0,-20.0,10.0,-20.0,10.0,-20.0,10.0,-21.0,10.0,-21.0,10.0,-22.0,10.0,-22.0,9.0,-23.0,9.0,-23.0,9.0,-24.0,9.0,-24.0,8.0,-25.0,8.0,-25.0,8.0,-25.0,7.0
10.0,12.0,10.0,11.0,11.0,11.0,11.0,11.0,11.0,11.0,11.0,11.0,11.0,10.0,11.0,10.0,11.0,10.0,11.0,10.0,11.0,10.0,12.0,9.0,12.0,9.0,12.0,9.0,12.0,9.0,12.0,9.0,12.0,9.0,12.0,8.0,13.0,8.0,13.0,8.0,14.0,7.0,14.0,7.0,14.0,7.0,15.0,7.0,15.0,7.0,16.0,7.0,16.0,7.0,16.0,7.0,16.0,7.0,16.0,7.0,17.0,6.0,17.0,6.0,18.0,6.0,18.0,6.0,18.0,7.0,19.0,7.0,19.0,7.0,20.0,7.0,20.0,7.0,20.0,8.0,20.0,8.0,20.0,9.0,20.0,9.0,21.0,9.0,21.0,9.0,21.0,9.0,22.0,10.0,22.0,11.0,22.0,11.0,22.0,12.0,21.0,13.0,22.0,14.0
7.0,-15.0,7.0,-15.0,7.0,-15.0,6.0,-15.0,6.0,-15.0,6.0,-15.0,6.0,-15.0,5.0,-15.0,5.0,-15.0,5.0,-15.0,5.0,-15.0,5.0,-16.0,4.0,-16.0,4.0,-16.0,4.0,-16.0,4.0,-15.0,4.0,-15.0,4.0,-15.0,4.0,-16.0,3.0,-16.0,3.0,-16.0,2.0,-16.0,2.0,-17.0,2.0,-17.0,2.0,-18.0,1.0,-19.0,2.0,-18.0,2.0,-18.0,2.0,-19.0,1.0,-19.0,1.0,-19.0,1.0,-20.0,1.0,-20.0,1.0,-21.0,1.0,-21.0,1.0,-21.0,1.0,-22.0,1.0,-22.0,1.0,-23.0,2.0,-23.0,2.0,-23.0,3.0,-23.0,3.0,-24.0,3.0,-24.0,4.0,-25.0,4.0,-25.0,5.0,-25.0,5.0,-25.0,6.0,-25.0,7.0,-25.0,8.0,-26.0,8.0,-26.0
1.0,-19.0,1.0,-19.0,1.0,-19.0,1.0,-19.0,1.0,-18.0,0.0,-18.0,0.0,-18.0,-1.0,-18.0,-1.0,-18.0,-1.0,-18.0,-1.0,-18.0,-1.0,-18.0,-2.0,-18.0,-2.0,-18.0,-2.0,-18.0,-2.0,-18.0,-2.0,-18.0,-2.0,-18.0,-3.0,-18.0,-4.0,-18.0,-4.0,-18.0,-4.0,-18.0,-4.0,-18.0,-5.0,-19.0,-6.0,-20.0,-6.0,-20.0,-6.0,-20.0,-6.0,-20.0,-6.0,-20.0,-6.0,-20.0,-7.0,-21.0,-8.0,-21.0,-8.0,-21.0,-8.0,-22.0,-8.0,-22.0,-8.0,-22.0,-8.0,-23.0,-8.0,-24.0,-8.0,-24.0,-8.0,-24.0,-7.0,-25.0,-7.0,-25.0,-7.0,-25.0,-7.0,-26.0,-7.0,-27.0,-7.0,-27.0,-6.0,-28.0,-6.0,-28.0,-5.0,-29.0,-4.0,-29.0,-3.0,-30.0,-3.0,-30.0
17.0,2.0,17.0,2.0,17.0,2.0,17.0,2.0,17.0,1.0,17.0,1.0,17.0,1.0,17.0,1.0,17.0,1.0,17.0,0.0,17.0,0.0,17.0,0.0,17.0,0.0,17.0,-1.0,17.0,-1.0,17.0,-1.0,16.0,-2.0,16.0,-2.0,17.0,-2.0,17.0,-3.0,17.0,-3.0,17.0,-4.0,17.0,-4.0,18.0,-4.0,18.0,-5.0,19.0,-5.0,18.0,-5.0,18.0,-5.0,19.0,-6.0,19.0,-6.0,19.0,-7.0,20.0,-7.0,20.0,-7.0,20.0,-7.0,20.0,-7.0,21.0,-8.0,22.0,-8.0,22.0,-8.0,22.0,-8.0,23.0,-8.0,23.0,-7.0,23.0,-7.0,24.0,-8.0,24.0,-7.0,25.0,-7.0,26.0,-7.0,26.0,-7.0,26.0,-6.0,27.0,-6.0,28.0,-5.0,28.0,-4.0,29.0,-3.0
14.0,-7.0,14.0,-7.0,14.0,-8.0,14.0,-8.0,14.0,-8.0,13.0,-8.0,13.0,-8.0,13.0,-8.0,13.0,-8.0,13.0,-9.0,12.0,-9.0,12.0,-9.0,12.0,-9.0,12.0,-10.0,12.0,-10.0,12.0,-10.0,12.0,-10.0,12.0,-10.0,11.0,-10.0,11.0,-11.0,11.0,-11.0,11.0,-12.0,11.0,-12.0,11.0,-13.0,11.0,-13.0,11.0,-14.0,12.0,-14.0,11.0,-14.0,11.0,-14.0,11.0,-14.0,11.0,-15.0,11.0,-15.0,12.0,-15.0,12.0,-16.0,12.0,-16.0,12.0,-17.0,12.0,-17.0,12.0,-17.0,13.0,-18.0,13.0,-17.0,14.0,-17.0,14.0,-17.0,14.0,-18.0,15.0,-18.0,16.0,-18.0,16.0,-18.0,16.0,-18.0,17.0,-18.0,18.0,-18.0,18.0,-18.0,19.0,-17.0,20.0,-17.0
8.0,-16.0,8.0,-16.0,8.0,-16.0,7.0,-17.0,7.0,-16.0,7.0,-16.0,7.0,-16.0,7.0,-16.0,7.0,-16.0,6.0,-16.0,6.0,-17.0,6.0,-17.0,5.0,-17.0,5.0,-17.0,5.0,-17.0,4.0,-17.0,4.0,-17.0,4.0,-17.0,4.0,-17.0,3.0,-18.0,3.0,-18.0,3.0,-18.0,3.0,-18.0,2.0,-19.0,1.0,-20.0,1.0,-20.0,1.0,-20.0,1.0,-20.0,1.0,-20.0,1.0,-20.0,0.0,-21.0,0.0,-22.0,0.0,-22.0,0.0,-22.0,0.0,-22.0,0.0,-23.0,-1.0,-24.0,-1.0,-24.0,0.0,-24.0,0.0,-24.0,0.0,-25.0,1.0,-25.0,1.0,-26.0,1.0,-27.0,2.0,-27.0,2.0,-28.0,3.0,-28.0,3.0,-28.0,4.0,-28.0,5.0,-29.0,6.0,-29.0,6.0,-29.0
-19.0,6.0,-19.0,6.0,-19.0,7.0,-19.0,7.0,-19.0,6.0,-19.0,6.0,-18.0,7.0,-18.0,7.0,-18.0,7.0,-18.0,8.0,-18.0,8.0,-18.0,8.0,-18.0,9.0,-18.0,9.0,-17.0,9.0,-17.0,9.0,-17.0,9.0,-17.0,9.0,-17.0,10.0,-17.0,11.0,-17.0,11.0,-17.0,11.0,-17.0,12.0,-17.0,12.0,-17.0,13.0,-18.0,14.0,-17.0,14.0,-17.0,14.0,-17.0,15.0,-17.0,15.0,-17.0,15.0,-18.0,16.0,-18.0,16.0,-18.0,16.0,-18.0,17.0,-19.0,17.0,-19.0,18.0,-20.0,18.0,-20.0,18.0,-21.0,18.0,-21.0,18.0,-22.0,18.0,-22.0,18.0,-23.0,18.0,-23.0,18.0,-24.0,18.0,-25.0,18.0,-26.0,18.0,-26.0,17.0,-27.0,17.0,-28.0,16.0,-29.0,16.0
15.0,0.0,15.0,0.0,15.0,0.0,15.0,0.0,15.0,0.0,15.0,0.0,15.0,0.0,15.0,-1.0,15.0,-1.0,14.0,-1.0,15.0,-2.0,15.0,-2.0,15.0,-2.0,15.0,-2.0,15.0,-2.0,15.0,-3.0,15.0,-3.0,14.0,-3.0,15.0,-3.0,15.0,-4.0,15.0,-4.0,15.0,-4.0,15.0,-5.0,15.0,-5.0,16.0,-6.0,16.0,-6.0,16.0,-6.0,16.0,-6.0,16.0,-6.0,17.0,-7.0,17.0,-7.0,17.0,-7.0,18.0,-8.0,18.0,-8.0,18.0,-8.0,18.0,-8.0,19.0,-8.0,19.0,-9.0,20.0,-8.0,20.0,-8.0,20.0,-7.0,21.0,-7.0,21.0,-8.0,22.0,-8.0,23.0,-8.0,23.0,-8.0,23.0,-7.0,23.0,-7.0,23.0,-6.0,24.0,-6.0,25.0,-5.0,26.0,-4.0
17.0,3.0,17.0,2.0,17.0,2.0,17.0,2.0,17.0,2.0,17.0,2.0,17.0,1.0,17.0,1.0,16.0,1.0,16.0,0.0,17.0,0.0,17.0,0.0,17.0,-1.0,16.0,-1.0,17.0,-1.0,17.0,-1.0,16.0,-1.0,16.0,-1.0,16.0,-2.0,17.0,-3.0,17.0,-3.0,17.0,-3.0,17.0,-4.0,18.0,-4.0,18.0,-5.0,19.0,-5.0,19.0,-5.0,19.0,-5.0,19.0,-5.0,19.0,-5.0,19.0,-6.0,20.0,-6.0,20.0,-6.0,20.0,-7.0,21.0,-7.0,21.0,-7.0,22.0,-8.0,22.0,-8.0,23.0,-8.0,23.0,-7.0,23.0,-7.0,24.0,-6.0,24.0,-6.0,25.0,-6.0,26.0,-6.0,26.0,-6.0,26.0,-6.0,27.0,-5.0,27.0,-5.0,28.0,-4.0,28.0,-3.0,29.0,-3.0
-16.0,9.0,-16.0,9.0,-15.0,9.0,-15.0,9.0,-15.0,9.0,-15.0,9.0,-15.0,10.0,-14.0,10.0,-14.0,10.0,-14.0,10.0,-14.0,10.0,-14.0,11.0,-14.0,11.0,-13.0,11.0,-13.0,11.0,-13.0,11.0,-13.0,11.0,-13.0,12.0,-12.0,12.0,-12.0,13.0,-12.0,14.0,-12.0,14.0,-12.0,14.0,-12.0,15.0,-12.0,16.0,-12.0,16.0,-11.0,16.0,-11.0,16.0,-11.0,16.0,-11.0,17.0,-11.0,18.0,-11.0,18.0,-11.0,19.0,-11.0,19.0,-11.0,19.0,-12.0,19.0,-12.0,20.0,-13.0,20.0,-13.0,21.0,-13.0,21.0,-13.0,21.0,-14.0,21.0,-14.0,21.0,-15.0,22.0,-15.0,22.0,-16.0,22.0,-16.0,23.0,-17.0,22.0,-17.0,22.0,-19.0,22.0,-20.0,22.0,-21.0,22.0
12.0,10.0,12.0,10.0,12.0,10.0,12.0,9.0,12.0,9.0,12.0,9.0,12.0,9.0,12.0,9.0,12.0,8.0,12.0,8.0,13.0,8.0,13.0,7.0,13.0,7.0,13.0,7.0,13.0,7.0,13.0,7.0,13.0,6.0,13.0,6.0,14.0,6.0,14.0,6.0,15.0,6.0,15.0,6.0,15.0,5.0,16.0,5.0,16.0,4.0,17.0,4.0,17.0,4.0,17.0,4.0,17.0,4.0,17.0,4.0,18.0,4.0,18.0,4.0,19.0,4.0,19.0,4.0,19.0,4.0,20.0,3.0,20.0,3.0,21.0,3.0,21.0,4.0,21.0,5.0,21.0,5.0,21.0,5.0,22.0,6.0,22.0,6.0,23.0,7.0,23.0,7.0,23.0,7.0,23.0,8.0,23.0,8.0,23.0,8.0,23.0,9.0,24.0,10.0
-10.0,14.0,-10.0,14.0,-10.0,15.0,-10.0,15.0,-10.0,15.0,-10.0,15.0,-9.0,15.0,-9.0,15.0,-9.0,15.0,-8.0,14.0,-8.0,15.0,-8.0,15.0,-8.0,15.0,-8.0,15.0,-7.0,15.0,-6.0,15.0,-6.0,15.0,-6.0,16.0,-6.0,16.0,-5.0,17.0,-5.0,17.0,-5.0,17.0,-5.0,17.0,-5.0,18.0,-4.0,19.0,-4.0,19.0,-4.0,19.0,-3.0,19.0,-3.0,19.0,-3.0,20.0,-3.0,20.0,-3.0,21.0,-2.0,21.0,-2.0,22.0,-2.0,22.0,-2.0,22.0,-2.0,23.0,-3.0,23.0,-3.0,23.0,-3.0,24.0,-3.0,24.0,-3.0,25.0,-4.0,25.0,-4.0,26.0,-4.0,26.0,-4.0,26.0,-5.0,26.0,-6.0,26.0,-7.0,27.0,-8.0,27.0,-9.0,27.0,-10.0,28.0
-10.0,17.0,-10.0,17.0,-9.0,17.0,-9.0,17.0,-9.0,17.0,-9.0,17.0,-9.0,17.0,-9.0,17.0,-8.0,17.0,-8.0,17.0,-7.0,18.0,-7.0,18.0,-7.0,18.0,-7.0,18.0,-7.0,18.0,-6.0,18.0,-6.0,18.0,-6.0,18.0,-6.0,19.0,-6.0,19.0,-6.0,19.0,-5.0,20.0,-5.0,20.0,-4.0,21.0,-4.0,21.0,-4.0,22.0,-4.0,22.0,-4.0,22.0,-4.0,22.0,-3.0,23.0,-3.0,23.0,-4.0,24.0,-4.0,24.0,-4.0,24.0,-3.0,24.0,-3.0,25.0,-3.0,26.0,-3.0,26.0,-4.0,27.0,-4.0,27.0,-5.0,27.0,-5.0,28.0,-5.0,28.0,-6.0,29.0,-6.0,29.0,-7.0,29.0,-8.0,29.0,-9.0,29.0,-9.0,30.0,-10.0,30.0,-11.0,31.0,-12.0,31.0
16.0,7.0,16.0,7.0,16.0,7.0,16.0,7.0,16.0,7.0,16.0,7.0,16.0,7.0,15.0,6.0,15.0,6.0,16.0,5.0,16.0,5.0,16.0,5.0,16.0,5.0,17.0,5.0,17.0,4.0,17.0,4.0,16.0,4.0,16.0,4.0,17.0,4.0,17.0,3.0,17.0,3.0,18.0,3.0,18.0,3.0,19.0,2.0,19.0,2.0,20.0,1.0,20.0,2.0,20.0,2.0,20.0,1.0,20.0,1.0,21.0,1.0,21.0,1.0,22.0,1.0,22.0,1.0,22.0,1.0,23.0,1.0,23.0,1.0,24.0,1.0,24.0,2.0,24.0,2.0,24.0,2.0,25.0,2.0,25.0,2.0,26.0,3.0,26.0,4.0,26.0,4.0,27.0,5.0,27.0,5.0,27.0,6.0,27.0,6.0,28.0,7.0,28.0,8.0
-10.0,15.0,-10.0,15.0,-10.0,15.0,-9.0,15.0,-9.0,15.0,-9.0,15.0,-9.0,15.0,-9.0,15.0,-9.0,15.0,-8.0,15.0,-8.0,16.0,-8.0,16.0,-8.0,16.0,-7.0,16.0,-7.0,16.0,-7.0,16.0,-7.0,16.0,-7.0,16.0,-6.0,17.0,-6.0,17.0,-6.0,17.0,-5.0,17.0,-5.0,18.0,-5.0,18.0,-5.0,19.0,-4.0,20.0,-4.0,20.0,-4.0,19.0,-4.0,20.0,-4.0,20.0,-4.0,21.0,-4.0,21.0,-4.0,22.0,-4.0,22.0,-4.0,22.0,-3.0,22.0,-3.0,23.0,-3.0,24.0,-4.0,24.0,-5.0,24.0,-5.0,24.0,-5.0,25.0,-5.0,25.0,-6.0,26.0,-6.0,26.0,-7.0,26.0,-7.0,26.0,-8.0,27.0,-8.0,27.0,-9.0,27.0,-10.0,27.0,-11.0,28.0
-18.0,3.0,-18.0,3.0,-18.0,4.0,-18.0,4.0,-18.0,4.0,-18.0,4.0,-18.0,4.0,-18.0,5.0,-17.0,5.0,-17.0,5.0,-17.0,5.0,-18.0,5.0,-18.0,6.0,-17.0,6.0,-17.0,6.0,-17.0,6.0,-17.0,6.0,-17.0,7.0,-17.0,7.0,-17.0,8.0,-17.0,9.0,-17.0,9.0,-16.0,9.0,-17.0,10.0,-17.0,11.0,-18.0,11.0,-18.0,11.0,-18.0,11.0,-18.0,11.0,-18.0,11.0,-18.0,12.0,-18.0,12.0,-18.0,13.0,-19.0,13.0,-19.0,13.0,-19.0,14.0,-19.0,14.0,-20.0,14.0,-20.0,14.0,-20.0,14.0,-21.0,14.0,-21.0,14.0,-22.0,14.0,-22.0,14.0,-23.0,14.0,-23.0,14.0,-24.0,14.0,-24.0,14.0,-25.0,13.0,-26.0,13.0,-27.0,12.0,-27.0,12.0
-19.0,3.0,-19.0,3.0,-19.0,3.0,-19.0,3.0,-19.0,4.0,-19.0,3.0,-19.0,3.0,-18.0,4.0,-18.0,4.0,-18.0,4.0,-18.0,5.0,-18.0,5.0,-18.0,5.0,-18.0,6.0,-17.0,6.0,-17.0,6.0,-17.0,6.0,-17.0,6.0,-17.0,7.0,-18.0,7.0,-18.0,8.0,-17.0,8.0,-17.0,8.0,-17.0,9.0,-18.0,10.0,-18.0,10.0,-18.0,10.0,-18.0,10.0,-18.0,11.0,-18.0,11.0,-19.0,11.0,-19.0,12.0,-19.0,12.0,-19.0,13.0,-19.0,12.0,-20.0,13.0,-20.0,14.0,-20.0,14.0,-21.0,14.0,-21.0,14.0,-21.0,14.0,-21.0,14.0,-22.0,14.0,-23.0,14.0,-24.0,14.0,-24.0,14.0,-24.0,13.0,-25.0,13.0,-25.0,13.0,-26.0,13.0,-27.0,12.0,-27.0,12.0
-8.0,-17.0,-8.0,-18.0,-8.0,-18.0,-9.0,-18.0,-9.0,-17.0,-9.0,-17.0,-9.0,-17.0,-9.0,-17.0,-9.0,-17.0,-9.0,-16.0,-10.0,-16.0,-10.0,-16.0,-10.0,-16.0,-10.0,-16.0,-10.0,-16.0,-10.0,-16.0,-10.0,-16.0,-11.0,-15.0,-11.0,-15.0,-12.0,-16.0,-12.0,-16.0,-12.0,-15.0,-13.0,-15.0,-13.0,-16.0,-14.0,-16.0,-15.0,-16.0,-14.0,-16.0,-14.0,-16.0,-15.0,-16.0,-15.0,-16.0,-15.0,-16.0,-16.0,-17.0,-16.0,-17.0,-16.0,-17.0,-16.0,-17.0,-17.0,-17.0,-17.0,-18.0,-18.0,-18.0,-18.0,-19.0,-17.0,-19.0,-17.0,-19.0,-17.0,-20.0,-17.0,-20.0,-18.0,-21.0,-17.0,-22.0,-17.0,-22.0,-17.0,-23.0,-17.0,-23.0,-17.0,-23.0,-17.0,-24.0,-16.0,-25.0,-16.0,-26.0
-6.0,-19.0,-6.0,-19.0,-5.0,-19.0,-6.0,-19.0,-6.0,-19.0,-6.0,-19.0,-6.0,-19.0,-6.0,-18.0,-6.0,-18.0,-7.0,-18.0,-7.0,-18.0,-7.0,-18.0,-8.0,-18.0,-8.0,-18.0,-8.0,-18.0,-8.0,-18.0,-8.0,-17.0,-8.0,-17.0,-8.0,-18.0,-9.0,-18.0,-9.0,-17.0,-10.0,-17.0,-10.0,-18.0,-11.0,-18.0,-11.0,-18.0,-12.0,-18.0,-11.0,-19.0,-12.0,-18.0,-12.0,-18.0,-12.0,-18.0,-13.0,-18.0,-13.0,-19.0,-13.0,-19.0,-13.0,-19.0,-13.0,-20.0,-14.0,-20.0,-15.0,-20.0,-15.0,-20.0,-15.0,-21.0,-14.0,-21.0,-14.0,-21.0,-14.0,-22.0,-14.0,-22.0,-14.0,-23.0,-14.0,-24.0,-14.0,-24.0,-14.0,-24.0,-13.0,-25.0,-13.0,-25.0,-13.0,-26.0,-12.0,-27.0,-12.0,-28.0
-17.0,-11.0,-17.0,-10.0,-17.0,-11.0,-17.0,-11.0,-17.0,-11.0,-17.0,-10.0,-17.0,-10.0,-17.0,-10.0,-17.0,-10.0,-17.0,-9.0,-18.0,-8.0,-18.0,-8.0,-18.0,-8.0,-18.0,-8.0,-18.0,-9.0,-18.0,-8.0,-18.0,-8.0,-17.0,-8.0,-18.0,-8.0,-19.0,-8.0,-19.0,-7.0,-19.0,-7.0,-19.0,-7.0,-20.0,-6.0,-21.0,-6.0,-21.0,-6.0,-21.0,-6.0,-21.0,-6.0,-21.0,-6.0,-21.0,-6.0,-22.0,-6.0,-22.0,-6.0,-22.0,-7.0,-23.0,-7.0,-23.0,-6.0,-23.0,-6.0,-24.0,-5.0,-24.0,-6.0,-25.0,-6.0,-25.0,-7.0,-25.0,-8.0,-25.0,-8.0,-25.0,-8.0,-26.0,-9.0,-26.0,-9.0,-26.0,-10.0,-26.0,-10.0,-26.0,-11.0,-26.0,-11.0,-27.0,-11.0,-27.0,-12.0,-27.0,-13.0
6.0,-19.0,6.0,-19.0,6.0,-19.0,6.0,-19.0,6.0,-19.0,6.0,-19.0,6.0,-19.0,6.0,-19.0,5.0,-18.0,5.0,-18.0,5.0,-19.0,5.0,-19.0,4.0,-19.0,4.0,-19.0,4.0,-19.0,4.0,-19.0,4.0,-18.0,4.0,-18.0,4.0,-19.0,3.0,-19.0,3.0,-19.0,3.0,-19.0,2.0,-20.0,2.0,-20.0,2.0,-21.0,2.0,-22.0,3.0,-21.0,2.0,-21.0,2.0,-22.0,2.0,-22.0,2.0,-22.0,2.0,-22.0,2.0,-23.0,2.0,-23.0,2.0,-23.0,1.0,-24.0,1.0,-24.0,1.0,-25.0,2.0,-25.0,2.0,-25.0,3.0,-25.0,4.0,-25.0,4.0,-25.0,4.0,-26.0,4.0,-26.0,4.0,-26.0,5.0,-27.0,5.0,-27.0,6.0,-27.0,7.0,-27.0,8.0,-27.0,8.0,-28.0
9.0,-15.0,9.0,-16.0,9.0,-16.0,8.0,-16.0,8.0,-16.0,8.0,-16.0,8.0,-16.0,7.0,-16.0,7.0,-15.0,7.0,-15.0,8.0,-16.0,7.0,-16.0,7.0,-16.0,7.0,-16.0,7.0,-16.0,7.0,-16.0,7.0,-16.0,6.0,-16.0,6.0,-16.0,5.0,-17.0,5.0,-17.0,5.0,-17.0,5.0,-17.0,5.0,-17.0,5.0,-18.0,5.0,-19.0,5.0,-19.0,5.0,-18.0,5.0,-18.0,5.0,-19.0,5.0,-19.0,4.0,-19.0,4.0,-20.0,4.0,-20.0,4.0,-20.0,4.0,-20.0,5.0,-21.0,5.0,-21.0,5.0,-22.0,6.0,-21.0,6.0,-21.0,6.0,-21.0,6.0,-22.0,7.0,-22.0,7.0,-22.0,7.0,-23.0,7.0,-23.0,8.0,-23.0,8.0,-23.0,9.0,-23.0,10.0,-23.0,11.0,-23.0
0.0,-18.0,0.0,-18.0,0.0,-18.0,0.0,-18.0,0.0,-18.0,0.0,-18.0,-1.0,-18.0,-1.0,-18.0,-1.0,-17.0,-1.0,-17.0,-1.0,-18.0,-1.0,-18.0,-1.0,-18.0,-1.0,-18.0,-2.0,-18.0,-2.0,-18.0,-2.0,-17.0,-2.0,-17.0,-2.0,-17.0,-2.0,-17.0,-3.0,-17.0,-3.0,-17.0,-3.0,-17.0,-3.0,-18.0,-4.0,-19.0,-4.0,-19.0,-4.0,-19.0,-4.0,-19.0,-4.0,-19.0,-4.0,-19.0,-4.0,-19.0,-5.0,-19.0,-5.0,-19.0,-5.0,-20.0,-4.0,-20.0,-5.0,-20.0,-5.0,-21.0,-5.0,-21.0,-5.0,-21.0,-5.0,-21.0,-4.0,-21.0,-4.0,-22.0,-4.0,-22.0,-4.0,-22.0,-4.0,-23.0,-4.0,-23.0,-4.0,-23.0,-3.0,-24.0,-2.0,-24.0,-2.0,-24.0,-1.0,-25.0,0.0,-26.0
-19.0,4.0,-19.0,4.0,-19.0,4.0,-19.0,4.0,-19.0,4.0,-19.0,4.0,-19.0,4.0,-19.0,4.0,-19.0,5.0,-18.0,5.0,-18.0,5.0,-19.0,5.0,-18.0,5.0,-18.0,6.0,-18.0,6.0,-18.0,6.0,-18.0,5.0,-17.0,5.0,-17.0,6.0,-17.0,7.0,-17.0,7.0,-17.0,7.0,-17.0,7.0,-18.0,8.0,-18.0,9.0,-18.0,9.0,-18.0,9.0,-18.0,9.0,-18.0,9.0,-18.0,9.0,-18.0,10.0,-19.0,10.0,-19.0,10.0,-19.0,10.0,-19.0,10.0,-19.0,11.0,-19.0,11.0,-19.0,12.0,-20.0,11.0,-20.0,11.0,-20.0,11.0,-21.0,11.0,-21.0,11.0,-21.0,11.0,-22.0,11.0,-22.0,11.0,-23.0,11.0,-23.0,11.0,-24.0,11.0,-24.0,10.0,-25.0,10.0,-26.0,10.0
18.0,4.0,18.0,4.0,18.0,4.0,18.0,4.0,18.0,3.0,18.0,3.0,18.0,3.0,18.0,3.0,17.0,3.0,17.0,2.0,18.0,2.0,18.0,2.0,18.0,2.0,18.0,2.0,17.0,2.0,17.0,1.0,17.0,1.0,17.0,1.0,17.0,1.0,17.0,0.0,18.0,0.0,18.0,0.0,18.0,-1.0,18.0,-1.0,19.0,-1.0,19.0,-2.0,19.0,-1.0,19.0,-2.0,19.0,-2.0,19.0,-2.0,19.0,-2.0,20.0,-2.0,20.0,-3.0,20.0,-2.0,21.0,-2.0,21.0,-3.0,22.0,-3.0,22.0,-3.0,22.0,-3.0,22.0,-2.0,22.0,-2.0,22.0,-2.0,23.0,-2.0,23.0,-2.0,24.0,-2.0,24.0,-2.0,25.0,-1.0,25.0,-1.0,25.0,0.0,25.0,1.0,26.0,1.0,27.0,2.0
17.0,4.0,18.0,4.0,18.0,4.0,18.0,3.0,18.0,3.0,17.0,3.0,18.0,3.0,17.0,3.0,17.0,3.0,17.0,3.0,17.0,3.0,17.0,3.0,18.0,2.0,17.0,2.0,17.0,2.0,17.0,1.0,17.0,1.0,17.0,1.0,17.0,1.0,18.0,0.0,18.0,0.0,18.0,0.0,18.0,0.0,18.0,0.0,19.0,-1.0,20.0,-1.0,19.0,-1.0,19.0,-2.0,19.0,-2.0,19.0,-2.0,20.0,-2.0,20.0,-2.0,20.0,-2.0,21.0,-2.0,21.0,-3.0,21.0,-3.0,22.0,-3.0,22.0,-3.0,22.0,-3.0,22.0,-2.0,23.0,-2.0,23.0,-2.0,23.0,-2.0,24.0,-2.0,24.0,-2.0,25.0,-1.0,25.0,-1.0,25.0,-1.0,26.0,0.0,26.0,1.0,26.0,2.0,27.0,2.0
16.0,3.0,16.0,3.0,16.0,3.0,16.0,3.0,16.0,2.0,16.0,2.0,16.0,2.0,15.0,2.0,15.0,2.0,15.0,2.0,15.0,1.0,16.0,1.0,16.0,1.0,16.0,1.0,16.0,1.0,15.0,1.0,15.0,1.0,15.0,1.0,15.0,0.0,16.0,0.0,16.0,0.0,16.0,0.0,16.0,-1.0,17.0,-1.0,17.0,-1.0,18.0,-2.0,17.0,-2.0,17.0,-2.0,17.0,-2.0,17.0,-2.0,17.0,-2.0,18.0,-2.0,18.0,-2.0,18.0,-2.0,18.0,-3.0,18.0,-3.0,19.0,-3.0,20.0,-3.0,20.0,-3.0,20.0,-2.0,20.0,-2.0,20.0,-2.0,21.0,-2.0,21.0,-2.0,22.0,-2.0,22.0,-1.0,22.0,-1.0,23.0,-1.0,23.0,0.0,23.0,0.0,24.0,1.0,25.0,2.0
-18.0,-6.0,-18.0,-6.0,-17.0,-7.0,-17.0,-6.0,-17.0,-6.0,-17.0,-6.0,-17.0,-6.0,-17.0,-6.0,-17.0,-6.0,-17.0,-5.0,-17.0,-5.0,-17.0,-5.0,-18.0,-5.0,-17.0,-5.0,-17.0,-4.0,-17.0,-4.0,-17.0,-4.0,-17.0,-4.0,-17.0,-4.0,-18.0,-3.0,-18.0,-3.0,-18.0,-3.0,-18.0,-3.0,-19.0,-2.0,-19.0,-2.0,-20.0,-2.0,-19.0,-2.0,-19.0,-2.0,-20.0,-2.0,-20.0,-2.0,-20.0,-2.0,-21.0,-1.0,-21.0,-1.0,-21.0,-1.0,-21.0,-1.0,-22.0,-1.0,-22.0,-1.0,-23.0,-1.0,-23.0,-1.0,-23.0,-2.0,-23.0,-2.0,-24.0,-2.0,-24.0,-2.0,-25.0,-3.0,-25.0,-3.0,-25.0,-4.0,-26.0,-4.0,-26.0,-4.0,-26.0,-5.0,-27.0,-6.0,-27.0,-7.0,-27.0,-7.0
-18.0,-2.0,-18.0,-2.0,-18.0,-2.0,-18.0,-2.0,-18.0,-1.0,-18.0,-1.0,-18.0,-1.0,-18.0,-1.0,-18.0,-1.0,-18.0,0.0,-18.0,0.0,-18.0,0.0,-18.0,0.0,-18.0,1.0,-18.0,1.0,-17.0,1.0,-17.0,1.0,-17.0,1.0,-17.0,1.0,-18.0,2.0,-18.0,2.0,-18.0,3.0,-18.0,3.0,-18.0,3.0,-19.0,4.0,-19.0,5.0,-19.0,4.0,-19.0,4.0,-19.0,4.0,-19.0,5.0,-20.0,5.0,-20.0,6.0,-20.0,6.0,-21.0,6.0,-21.0,6.0,-21.0,6.0,-21.0,7.0,-22.0,7.0,-22.0,6.0,-23.0,6.0,-23.0,6.0,-24.0,5.0,-24.0,5.0,-25.0,5.0,-25.0,5.0,-26.0,5.0,-26.0,5.0,-26.0,5.0,-27.0,4.0,-28.0,4.0,-29.0,3.0,-29.0,2.0
18.0,-7.0,18.0,-7.0,18.0,-7.0,18.0,-8.0,18.0,-8.0,18.0,-8.0,17.0,-8.0,17.0,-8.0,17.0,-8.0,17.0,-9.0,17.0,-9.0,17.0,-10.0,17.0,-10.0,16.0,-10.0,16.0,-10.0,16.0,-10.0,16.0,-10.0,16.0,-10.0,16.0,-11.0,16.0,-12.0,15.0,-12.0,15.0,-12.0,15.0,-13.0,16.0,-14.0,16.0,-15.0,16.0,-15.0,16.0,-15.0,16.0,-15.0,16.0,-15.0,16.0,-16.0,16.0,-16.0,17.0,-17.0,17.0,-17.0,17.0,-18.0,17.0,-18.0,17.0,-18.0,17.0,-19.0,18.0,-19.0,19.0,-19.0,19.0,-19.0,19.0,-19.0,20.0,-19.0,20.0,-20.0,21.0,-20.0,22.0,-20.0,22.0,-20.0,23.0,-20.0,23.0,-20.0,24.0,-20.0,25.0,-19.0,26.0,-19.0,27.0,-19.0
4.0,16.0,4.0,16.0,4.0,16.0,4.0,16.0,5.0,16.0,5.0,16.0,5.0,16.0,5.0,16.0,5.0,16.0,5.0,16.0,6.0,16.0,6.0,16.0,6.0,16.0,6.0,16.0,6.0,16.0,7.0,16.0,7.0,15.0,7.0,15.0,7.0,15.0,8.0,16.0,8.0,15.0,8.0,15.0,9.0,15.0,9.0,16.0,10.0,16.0,10.0,17.0,10.0,16.0,11.0,16.0,11.0,16.0,11.0,16.0,11.0,17.0,12.0,17.0,12.0,17.0,12.0,18.0,12.0,18.0,13.0,18.0,13.0,19.0,13.0,19.0,13.0,19.0,13.0,20.0,13.0,20.0,13.0,20.0,13.0,21.0,13.0,21.0,13.0,22.0,13.0,22.0,13.0,23.0,13.0,23.0,12.0,24.0,12.0,25.0,11.0,26.0,11.0,27.0
6.0,14.0,6.0,14.0,6.0,14.0,6.0,15.0,6.0,14.0,6.0,15.0,6.0,14.0,6.0,14.0,6.0,14.0,7.0,13.0,7.0,13.0,7.0,13.0,8.0,13.0,8.0,13.0,8.0,13.0,8.0,13.0,8.0,13.0,8.0,13.0,8.0,13.0,9.0,13.0,9.0,13.0,9.0,13.0,10.0,13.0,10.0,13.0,11.0,13.0,12.0,13.0,11.0,13.0,12.0,13.0,12.0,13.0,12.0,13.0,12.0,13.0,13.0,14.0,13.0,14.0,13.0,14.0,13.0,14.0,14.0,14.0,14.0,14.0,15.0,15.0,15.0,15.0,14.0,15.0,14.0,15.0,14.0,16.0,14.0,16.0,15.0,17.0,15.0,18.0,15.0,18.0,15.0,18.0,14.0,19.0,14.0,19.0,14.0,20.0,14.0,21.0,14.0,21.0
17.0,-1.0,18.0,-1.0,18.0,-1.0,18.0,-1.0,18.0,-2.0,18.0,-2.0,18.0,-2.0,17.0,-2.0,17.0,-2.0,17.0,-2.0,17.0,-3.0,17.0,-3.0,17.0,-3.0,17.0,-3.0,17.0,-4.0,17.0,-4.0,17.0,-4.0,17.0,-4.0,17.0,-4.0,17.0,-5.0,17.0,-5.0,17.0,-5.0,17.0,-6.0,18.0,-6.0,18.0,-7.0,19.0,-7.0,19.0,-7.0,18.0,-7.0,18.0,-7.0,18.0,-7.0,19.0,-8.0,20.0,-8.0,20.0,-8.0,20.0,-8.0,20.0,-8.0,20.0,-9.0,21.0,-9.0,21.0,-9.0,22.0,-9.0,22.0,-9.0,22.0,-8.0,23.0,-8.0,23.0,-8.0,24.0,-8.0,25.0,-8.0,25.0,-8.0,25.0,-8.0,25.0,-7.0,26.0,-7.0,27.0,-6.0,27.0,-6.0,28.0,-5.0
-5.0,17.0,-5.0,17.0,-5.0,17.0,-4.0,17.0,-4.0,17.0,-4.0,17.0,-4.0,17.0,-4.0,17.0,-3.0,17.0,-3.0,17.0,-3.0,17.0,-3.0,17.0,-3.0,17.0,-3.0,17.0,-2.0,17.0,-2.0,17.0,-2.0,17.0,-2.0,17.0,-2.0,18.0,-1.0,18.0,-1.0,18.0,-1.0,18.0,-1.0,18.0,0.0,19.0,0.0,20.0,0.0,20.0,0.0,19.0,0.0,19.0,0.0,20.0,0.0,20.0,1.0,20.0,1.0,21.0,1.0,21.0,1.0,21.0,1.0,21.0,2.0,22.0,2.0,22.0,2.0,23.0,1.0,23.0,1.0,23.0,0.0,23.0,0.0,24.0,0.0,24.0,0.0,25.0,0.0,26.0,-1.0,26.0,-1.0,26.0,-1.0,26.0,-2.0,27.0,-3.0,27.0,-4.0,28.0,-5.0,28.0
-11.0,15.0,-11.0,14.0,-11.0,15.0,-11.0,15.0,-11.0,15.0,-11.0,15.0,-10.0,15.0,-10.0,15.0,-10.0,15.0,-9.0,15.0,-9.0,15.0,-9.0,15.0,-9.0,16.0,-9.0,15.0,-9.0,15.0,-8.0,16.0,-8.0,15.0,-8.0,15.0,-8.0,16.0,-8.0,16.0,-8.0,17.0,-7.0,17.0,-7.0,17.0,-7.0,18.0,-7.0,18.0,-7.0,19.0,-6.0,19.0,-6.0,19.0,-7.0,19.0,-6.0,19.0,-6.0,20.0,-6.0,20.0,-6.0,21.0,-6.0,21.0,-6.0,21.0,-6.0,21.0,-6.0,22.0,-6.0,22.0,-7.0,23.0,-7.0,23.0,-8.0,22.0,-8.0,23.0,-8.0,23.0,-8.0,24.0,-9.0,24.0,-9.0,24.0,-10.0,24.0,-10.0,24.0,-11.0,25.0,-12.0,25.0,-13.0,25.0,-14.0,25.0
-13.0,-12.0,-13.0,-12.0,-13.0,-12.0,-13.0,-12.0,-13.0,-12.0,-13.0,-11.0,-14.0,-11.0,-14.0,-11.0,-13.0,-11.0,-13.0,-10.0,-14.0,-10.0,-14.0,-10.0,-14.0,-10.0,-14.0,-10.0,-14.0,-10.0,-14.0,-10.0,-14.0,-10.0,-14.0,-9.0,-14.0,-9.0,-15.0,-8.0,-15.0,-8.0,-15.0,-8.0,-16.0,-8.0,-16.0,-8.0,-17.0,-8.0,-17.0,-8.0,-17.0,-8.0,-17.0,-8.0,-17.0,-8.0,-18.0,-8.0,-18.0,-8.0,-19.0,-7.0,-19.0,-7.0,-19.0,-7.0,-19.0,-8.0,-20.0,-7.0,-20.0,-8.0,-21.0,-8.0,-21.0,-9.0,-21.0,-9.0,-21.0,-9.0,-21.0,-9.0,-21.0,-9.0,-22.0,-10.0,-22.0,-10.0,-23.0,-10.0,-23.0,-11.0,-23.0,-12.0,-23.0,-12.0,-23.0,-13.0,-23.0,-14.0,-22.0,-15.0
-15.0,-9.0,-15.0,-9.0,-15.0,-9.0,-15.0,-9.0,-15.0,-9.0,-15.0,-9.0,-15.0,-9.0,-15.0,-8.0,-15.0,-8.0,-15.0,-8.0,-15.0,-8.0,-15.0,-7.0,-15.0,-7.0,-15.0,-7.0,-16.0,-7.0,-16.0,-6.0,-16.0,-6.0,-15.0,-6.0,-16.0,-6.0,-16.0,-6.0,-16.0,-5.0,-16.0,-5.0,-17.0,-5.0,-17.0,-5.0,-18.0,-5.0,-19.0,-4.0,-18.0,-4.0,-18.0,-4.0,-19.0,-4.0,-19.0,-4.0,-19.0,-4.0,-20.0,-4.0,-20.0,-4.0,-20.0,-4.0,-20.0,-4.0,-21.0,-4.0,-22.0,-4.0,-22.0,-4.0,-22.0,-4.0,-22.0,-5.0,-23.0,-5.0,-23.0,-4.0,-23.0,-5.0,-24.0,-5.0,-24.0,-6.0,-24.0,-6.0,-24.0,-7.0,-24.0,-7.0,-24.0,-8.0,-25.0,-9.0,-25.0,-9.0,-25.0,-10.0
-19.0,-4.0,-19.0,-4.0,-19.0,-4.0,-19.0,-4.0,-19.0,-4.0,-19.0,-4.0,-19.0,-3.0,-18.0,-3.0,-18.0,-2.0,-18.0,-2.0,-18.0,-2.0,-18.0,-2.0,-19.0,-2.0,-19.0,-1.0,-19.0,-1.0,-18.0,-1.0,-18.0,-1.0,-18.0,0.0,-18.0,0.0,-19.0,1.0,-19.0,1.0,-19.0,1.0,-19.0,1.0,-20.0,2.0,-20.0,2.0,-21.0,3.0,-21.0,3.0,-21.0,3.0,-21.0,3.0,-21.0,3.0,-21.0,4.0,-22.0,5.0,-22.0,5.0,-22.0,5.0,-22.0,5.0,-23.0,5.0,-24.0,5.0,-24.0,5.0,-25.0,5.0,-25.0,4.0,-25.0,4.0,-25.0,4.0,-26.0,4.0,-26.0,4.0,-27.0,4.0,-27.0,4.0,-28.0,4.0,-28.0,3.0,-28.0,2.0,-29.0,1.0,-30.0,1.0,-30.0,0.0
-9.0,-17.0,-9.0,-17.0,-9.0,-17.0,-9.0,-17.0,-9.0,-16.0,-9.0,-16.0,-10.0,-16.0,-10.0,-16.0,-10.0,-15.0,-9.0,-15.0,-10.0,-15.0,-10.0,-16.0,-10.0,-15.0,-11.0,-15.0,-11.0,-15.0,-11.0,-15.0,-11.0,-15.0,-11.0,-14.0,-12.0,-14.0,-13.0,-14.0,-13.0,-14.0,-13.0,-14.0,-13.0,-14.0,-14.0,-14.0,-15.0,-15.0,-15.0,-15.0,-15.0,-14.0,-15.0,-14.0,-15.0,-14.0,-16.0,-14.0,-16.0,-15.0,-17.0,-15.0,-17.0,-14.0,-17.0,-15.0,-17.0,-15.0,-18.0,-15.0,-18.0,-16.0,-18.0,-16.0,-18.0,-17.0,-19.0,-17.0,-18.0,-18.0,-19.0,-18.0,-19.0,-18.0,-19.0,-19.0,-19.0,-19.0,-19.0,-19.0,-19.0,-20.0,-19.0,-21.0,-18.0,-21.0,-18.0,-23.0,-18.0,-24.0,-18.0,-25.0
5.0,-18.0,5.0,-18.0,5.0,-18.0,5.0,-18.0,5.0,-18.0,4.0,-18.0,4.0,-18.0,4.0,-18.0,4.0,-17.0,3.0,-18.0,3.0,-18.0,2.0,-18.0,2.0,-18.0,2.0,-18.0,2.0,-18.0,2.0,-18.0,2.0,-18.0,2.0,-18.0,1.0,-18.0,1.0,-18.0,1.0,-18.0,0.0,-18.0,0.0,-19.0,0.0,-19.0,-1.0,-20.0,-1.0,-21.0,-1.0,-20.0,-1.0,-20.0,-1.0,-20.0,-1.0,-21.0,-2.0,-21.0,-2.0,-22.0,-2.0,-22.0,-2.0,-22.0,-2.0,-22.0,-2.0,-23.0,-2.0,-24.0,-2.0,-24.0,-2.0,-25.0,-2.0,-25.0,-1.0,-25.0,-1.0,-25.0,-1.0,-25.0,0.0,-26.0,0.0,-27.0,0.0,-27.0,1.0,-28.0,1.0,-28.0,2.0,-28.0,2.0,-29.0,4.0,-29.0,4.0,-30.0
-11.0,-16.0,-11.0,-16.0,-11.0,-16.0,-11.0,-16.0,-11.0,-16.0,-11.0,-15.0,-12.0,-15.0,-12.0,-15.0,-12.0,-14.0,-12.0,-14.0,-12.0,-15.0,-12.0,-15.0,-12.0,-14.0,-12.0,-14.0,-13.0,-14.0,-13.0,-14.0,-13.0,-13.0,-13.0,-13.0,-14.0,-13.0,-14.0,-13.0,-15.0,-13.0,-15.0,-12.0,-15.0,-12.0,-15.0,-13.0,-16.0,-13.0,-17.0,-13.0,-17.0,-12.0,-17.0,-13.0,-17.0,-13.0,-17.0,-13.0,-18.0,-13.0,-19.0,-13.0,-19.0,-13.0,-19.0,-13.0,-19.0,-13.0,-19.0,-13.0,-20.0,-13.0,-20.0,-14.0,-21.0,-15.0,-21.0,-15.0,-21.0,-15.0,-21.0,-15.0,-21.0,-16.0,-22.0,-16.0,-22.0,-17.0,-22.0,-17.0,-22.0,-17.0,-22.0,-18.0,-22.0,-19.0,-22.0,-20.0,-21.0,-21.0,-21.0,-22.0
-5.0,-18.0,-6.0,-18.0,-6.0,-18.0,-6.0,-18.0,-6.0,-18.0,-6.0,-18.0,-7.0,-18.0,-7.0,-17.0,-7.0,-17.0,-7.0,-17.0,-7.0,-17.0,-7.0,-17.0,-8.0,-17.0,-8.0,-17.0,-8.0,-17.0,-8.0,-17.0,-8.0,-17.0,-8.0,-16.0,-9.0,-16.0,-10.0,-16.0,-10.0,-16.0,-10.0,-16.0,-10.0,-16.0,-11.0,-17.0,-11.0,-17.0,-12.0,-17.0,-12.0,-17.0,-12.0,-17.0,-12.0,-17.0,-12.0,-17.0,-13.0,-17.0,-13.0,-18.0,-14.0,-17.0,-14.0,-18.0,-14.0,-18.0,-14.0,-18.0,-14.0,-19.0,-15.0,-19.0,-15.0,-20.0,-14.0,-20.0,-14.0,-20.0,-14.0,-21.0,-15.0,-21.0,-15.0,-22.0,-15.0,-23.0,-14.0,-23.0,-14.0,-23.0,-14.0,-24.0,-14.0,-24.0,-13.0,-25.0,-13.0,-26.0,-12.0,-27.0
0.0,18.0,0.0,17.0,1.0,18.0,1.0,18.0,1.0,18.0,1.0,18.0,1.0,18.0,1.0,18.0,1.0,17.0,2.0,17.0,2.0,17.0,2.0,18.0,2.0,17.0,3.0,17.0,3.0,17.0,3.0,17.0,3.0,16.0,3.0,16.0,4.0,17.0,4.0,18.0,5.0,17.0,5.0,17.0,5.0,18.0,5.0,18.0,6.0,19.0,6.0,19.0,6.0,18.0,6.0,18.0,6.0,18.0,6.0,18.0,7.0,19.0,7.0,20.0,7.0,20.0,8.0,20.0,8.0,20.0,8.0,20.0,8.0,21.0,8.0,22.0,8.0,22.0,8.0,22.0,7.0,22.0,7.0,23.0,7.0,23.0,8.0,24.0,7.0,25.0,7.0,25.0,7.0,25.0,6.0,26.0,6.0,26.0,5.0,27.0,4.0,28.0,4.0,28.0
-15.0,-15.0,-15.0,-15.0,-15.0,-15.0,-15.0,-15.0,-15.0,-15.0,-15.0,-14.0,-16.0,-14.0,-16.0,-13.0,-16.0,-13.0,-16.0,-13.0,-16.0,-13.0,-16.0,-13.0,-16.0,-13.0,-16.0,-13.0,-17.0,-12.0,-17.0,-12.0,-17.0,-12.0,-17.0,-11.0,-18.0,-11.0,-19.0,-11.0,-19.0,-10.0,-18.0,-10.0,-19.0,-10.0,-19.0,-11.0,-20.0,-11.0,-21.0,-11.0,-21.0,-10.0,-21.0,-10.0,-21.0,-10.0,-21.0,-10.0,-22.0,-9.0,-23.0,-9.0,-23.0,-9.0,-23.0,-9.0,-24.0,-9.0,-24.0,-10.0,-25.0,-10.0,-25.0,-11.0,-25.0,-11.0,-25.0,-11.0,-25.0,-11.0,-26.0,-11.0,-26.0,-12.0,-27.0,-12.0,-27.0,-13.0,-27.0,-13.0,-28.0,-13.0,-28.0,-14.0,-27.0,-15.0,-27.0,-17.0,-27.0,-18.0,-27.0,-18.0
