0,1,2,3,4,5,6,7,8,9,10,11,12,13,14,15,16,17,18,19,20,21,22,23,24,25,26,27,28,29,30,31,32,33,34,35,36,37,38,39,40,41,42,43,44,45,46,47,48,49,50,51,52,53,54,55,56,57,58,59,60,61,62,63,64,65,66,67,68,69,70,71,72,73,74,75,76,77,78,79,80,81,82,83,84,85,86,87,88,89,90,91,92,93,94,95,96,97,98,99,100,101,102,103
-2.0,-14.0,-3.0,-14.0,-3.0,-14.0,-2.0,-15.0,-2.0,-14.0,-2.0,-13.0,-3.0,-12.0,-4.0,-12.0,-4.0,-11.0,-4.0,-11.0,-5.0,-12.0,-5.0,-12.0,-5.0,-11.0,-5.0,-10.0,-6.0,-10.0,-7.0,-9.0,-8.0,-8.0,-7.0,-7.0,-8.0,-7.0,-8.0,-7.0,-9.0,-7.0,-10.0,-7.0,-10.0,-7.0,-12.0,-6.0,-13.0,-6.0,-14.0,-7.0,-16.0,-5.0,-17.0,-5.0,-18.0,-5.0,-18.0,-5.0,-17.0,-5.0,-18.0,-5.0,-19.0,-5.0,-20.0,-5.0,-21.0,-5.0,-21.0,-5.0,-21.0,-5.0,-20.0,-6.0,-21.0,-6.0,-22.0,-6.0,-23.0,-6.0,-24.0,-6.0,-25.0,-6.0,-24.0,-6.0,-24.0,-6.0,-24.0,-7.0,-24.0,-8.0,-24.0,-8.0,-23.0,-9.0,-23.0,-10.0,-21.0,-12.0,-20.0,-12.0
10.0,6.0,11.0,5.0,11.0,5.0,11.0,5.0,10.0,5.0,9.0,5.0,9.0,4.0,9.0,3.0,9.0,3.0,9.0,3.0,10.0,3.0,11.0,2.0,10.0,1.0,9.0,1.0,9.0,0.0,9.0,-1.0,9.0,-2.0,8.0,-2.0,8.0,-3.0,8.0,-4.0,9.0,-4.0,9.0,-5.0,9.0,-6.0,9.0,-7.0,10.0,-8.0,10.0,-9.0,10.0,-11.0,10.0,-12.0,11.0,-13.0,11.0,-13.0,11.0,-13.0,11.0,-14.0,10.0,-14.0,11.0,-15.0,11.0,-15.0,11.0,-16.0,12.0,-16.0,12.0,-15.0,12.0,-16.0,12.0,-17.0,12.0,-18.0,13.0,-19.0,13.0,-19.0,14.0,-19.0,13.0,-19.0,14.0,-18.0,14.0,-18.0,14.0,-18.0,15.0,-17.0,16.0,-16.0,17.0,-14.0,17.0,-13.0
0.0,13.0,1.0,13.0,1.0,13.0,1.0,14.0,0.0,13.0,1.0,12.0,2.0,11.0,2.0,11.0,2.0,10.0,3.0,10.0,3.0,11.0,4.0,11.0,4.0,10.0,4.0,9.0,5.0,9.0,7.0,8.0,7.0,7.0,7.0,6.0,7.0,6.0,8.0,6.0,9.0,6.0,9.0,6.0,10.0,5.0,11.0,4.0,13.0,5.0,14.0,5.0,16.0,2.0,17.0,3.0,18.0,2.0,18.0,2.0,17.0,2.0,18.0,2.0,19.0,1.0,20.0,1.0,21.0,0.0,22.0,0.0,22.0,1.0,21.0,2.0,22.0,2.0,23.0,1.0,24.0,1.0,25.0,0.0,26.0,0.0,26.0,1.0,25.0,1.0,25.0,1.0,25.0,2.0,25.0,3.0,25.0,4.0,24.0,6.0,23.0,7.0,22.0,8.0
-11.0,-11.0,-11.0,-10.0,-12.0,-9.0,-12.0,-10.0,-10.0,-10.0,-10.0,-9.0,-10.0,-8.0,-10.0,-7.0,-10.0,-7.0,-11.0,-7.0,-11.0,-7.0,-12.0,-6.0,-11.0,-5.0,-11.0,-5.0,-11.0,-4.0,-12.0,-3.0,-12.0,-1.0,-11.0,-1.0,-11.0,0.0,-11.0,0.0,-12.0,0.0,-13.0,1.0,-12.0,2.0,-13.0,3.0,-15.0,4.0,-16.0,5.0,-16.0,7.0,-17.0,8.0,-17.0,9.0,-17.0,9.0,-17.0,8.0,-17.0,10.0,-18.0,10.0,-18.0,11.0,-19.0,11.0,-19.0,12.0,-20.0,11.0,-20.0,10.0,-20.0,11.0,-21.0,12.0,-21.0,13.0,-22.0,14.0,-23.0,14.0,-23.0,13.0,-22.0,12.0,-23.0,11.0,-23.0,11.0,-23.0,11.0,-24.0,10.0,-24.0,8.0,-24.0,6.0,-23.0,4.0
1.0,-12.0,0.0,-12.0,0.0,-13.0,1.0,-13.0,1.0,-12.0,0.0,-11.0,0.0,-11.0,-1.0,-10.0,-1.0,-10.0,-1.0,-10.0,-2.0,-11.0,-3.0,-11.0,-3.0,-10.0,-3.0,-10.0,-3.0,-9.0,-5.0,-9.0,-5.0,-9.0,-5.0,-8.0,-6.0,-7.0,-6.0,-8.0,-7.0,-8.0,-7.0,-8.0,-8.0,-7.0,-9.0,-7.0,-10.0,-8.0,-11.0,-8.0,-13.0,-7.0,-13.0,-8.0,-14.0,-8.0,-14.0,-8.0,-13.0,-8.0,-14.0,-8.0,-15.0,-7.0,-15.0,-8.0,-16.0,-8.0,-17.0,-7.0,-17.0,-8.0,-16.0,-9.0,-16.0,-9.0,-17.0,-9.0,-18.0,-9.0,-19.0,-9.0,-20.0,-9.0,-19.0,-10.0,-19.0,-10.0,-18.0,-10.0,-18.0,-10.0,-17.0,-11.0,-17.0,-12.0,-16.0,-12.0,-15.0,-13.0,-14.0,-13.0
-13.0,-2.0,-13.0,-2.0,-13.0,-1.0,-14.0,-2.0,-12.0,-2.0,-11.0,-2.0,-11.0,-1.0,-11.0,0.0,-11.0,0.0,-11.0,0.0,-11.0,0.0,-11.0,1.0,-11.0,1.0,-10.0,1.0,-10.0,2.0,-9.0,4.0,-9.0,4.0,-8.0,4.0,-8.0,5.0,-8.0,5.0,-9.0,6.0,-9.0,7.0,-8.0,7.0,-8.0,8.0,-9.0,10.0,-9.0,10.0,-8.0,12.0,-9.0,13.0,-9.0,14.0,-9.0,13.0,-9.0,13.0,-9.0,14.0,-9.0,15.0,-9.0,15.0,-9.0,15.0,-9.0,16.0,-10.0,16.0,-11.0,15.0,-11.0,15.0,-10.0,16.0,-10.0,17.0,-10.0,18.0,-11.0,18.0,-11.0,17.0,-11.0,16.0,-11.0,16.0,-12.0,16.0,-12.0,16.0,-14.0,16.0,-14.0,14.0,-14.0,12.0,-14.0,11.0
1.0,-14.0,1.0,-13.0,0.0,-14.0,1.0,-14.0,1.0,-13.0,1.0,-12.0,0.0,-12.0,-1.0,-11.0,-1.0,-11.0,-1.0,-11.0,-2.0,-12.0,-2.0,-12.0,-3.0,-11.0,-2.0,-11.0,-3.0,-10.0,-5.0,-10.0,-6.0,-9.0,-6.0,-9.0,-6.0,-8.0,-6.0,-9.0,-7.0,-9.0,-7.0,-9.0,-8.0,-8.0,-9.0,-8.0,-11.0,-9.0,-12.0,-10.0,-14.0,-8.0,-14.0,-9.0,-15.0,-9.0,-15.0,-9.0,-14.0,-9.0,-15.0,-9.0,-16.0,-9.0,-16.0,-9.0,-17.0,-9.0,-18.0,-9.0,-18.0,-10.0,-17.0,-10.0,-17.0,-10.0,-18.0,-10.0,-19.0,-10.0,-20.0,-10.0,-20.0,-11.0,-20.0,-11.0,-19.0,-11.0,-19.0,-12.0,-18.0,-12.0,-18.0,-12.0,-17.0,-13.0,-17.0,-14.0,-15.0,-14.0,-14.0,-14.0
10.0,-9.0,9.0,-10.0,9.0,-10.0,10.0,-10.0,9.0,-9.0,8.0,-9.0,7.0,-9.0,6.0,-9.0,6.0,-9.0,6.0,-9.0,6.0,-10.0,6.0,-10.0,5.0,-10.0,5.0,-10.0,4.0,-10.0,3.0,-11.0,1.0,-11.0,1.0,-10.0,1.0,-10.0,1.0,-11.0,1.0,-11.0,0.0,-12.0,-1.0,-12.0,-1.0,-13.0,-2.0,-14.0,-2.0,-15.0,-5.0,-16.0,-5.0,-17.0,-5.0,-17.0,-5.0,-17.0,-5.0,-16.0,-5.0,-17.0,-6.0,-17.0,-6.0,-18.0,-7.0,-19.0,-7.0,-19.0,-6.0,-20.0,-5.0,-19.0,-5.0,-19.0,-6.0,-20.0,-7.0,-21.0,-8.0,-22.0,-8.0,-22.0,-7.0,-22.0,-7.0,-21.0,-6.0,-22.0,-6.0,-22.0,-5.0,-22.0,-3.0,-23.0,-2.0,-22.0,-1.0,-21.0,0.0,-20.0
0.0,-14.0,0.0,-13.0,-1.0,-14.0,0.0,-14.0,0.0,-13.0,0.0,-12.0,-1.0,-12.0,-2.0,-11.0,-2.0,-11.0,-2.0,-11.0,-3.0,-12.0,-4.0,-12.0,-4.0,-11.0,-4.0,-10.0,-4.0,-10.0,-6.0,-10.0,-6.0,-9.0,-6.0,-8.0,-7.0,-8.0,-7.0,-8.0,-8.0,-8.0,-8.0,-8.0,-9.0,-8.0,-10.0,-7.0,-12.0,-8.0,-13.0,-8.0,-15.0,-7.0,-15.0,-8.0,-16.0,-7.0,-16.0,-7.0,-15.0,-7.0,-16.0,-7.0,-17.0,-7.0,-17.0,-7.0,-18.0,-7.0,-19.0,-7.0,-19.0,-7.0,-18.0,-8.0,-19.0,-7.0,-20.0,-7.0,-21.0,-8.0,-22.0,-7.0,-22.0,-8.0,-22.0,-8.0,-21.0,-9.0,-21.0,-9.0,-21.0,-9.0,-21.0,-10.0,-21.0,-11.0,-20.0,-12.0,-19.0,-13.0,-17.0,-13.0
-13.0,4.0,-12.0,5.0,-13.0,6.0,-13.0,6.0,-12.0,5.0,-11.0,5.0,-11.0,5.0,-10.0,6.0,-10.0,6.0,-10.0,6.0,-10.0,7.0,-10.0,8.0,-9.0,8.0,-9.0,7.0,-8.0,8.0,-7.0,9.0,-5.0,9.0,-5.0,9.0,-4.0,9.0,-5.0,10.0,-5.0,10.0,-4.0,11.0,-3.0,11.0,-3.0,12.0,-3.0,14.0,-2.0,14.0,1.0,16.0,0.0,17.0,0.0,18.0,1.0,18.0,0.0,17.0,1.0,18.0,2.0,19.0,2.0,19.0,3.0,19.0,3.0,20.0,2.0,21.0,1.0,20.0,1.0,21.0,2.0,22.0,3.0,22.0,4.0,24.0,3.0,25.0,3.0,24.0,3.0,23.0,3.0,23.0,2.0,24.0,1.0,24.0,-1.0,25.0,-3.0,24.0,-4.0,23.0,-5.0,22.0
-11.0,-1.0,-11.0,0.0,-11.0,0.0,-12.0,0.0,-11.0,-1.0,-10.0,0.0,-10.0,0.0,-9.0,1.0,-9.0,1.0,-9.0,1.0,-10.0,2.0,-10.0,2.0,-10.0,3.0,-9.0,3.0,-9.0,3.0,-8.0,5.0,-8.0,5.0,-7.0,5.0,-7.0,5.0,-7.0,6.0,-8.0,7.0,-7.0,7.0,-7.0,8.0,-6.0,9.0,-7.0,10.0,-7.0,11.0,-6.0,13.0,-7.0,14.0,-6.0,14.0,-6.0,14.0,-6.0,14.0,-6.0,15.0,-6.0,15.0,-6.0,16.0,-6.0,16.0,-5.0,17.0,-6.0,17.0,-7.0,17.0,-7.0,17.0,-7.0,18.0,-6.0,19.0,-6.0,20.0,-6.0,21.0,-7.0,20.0,-7.0,19.0,-7.0,19.0,-8.0,19.0,-9.0,19.0,-10.0,19.0,-11.0,18.0,-11.0,17.0,-11.0,16.0
1.0,-12.0,0.0,-11.0,0.0,-12.0,1.0,-12.0,1.0,-11.0,0.0,-10.0,-1.0,-10.0,-1.0,-10.0,-2.0,-10.0,-2.0,-10.0,-2.0,-11.0,-3.0,-11.0,-3.0,-10.0,-3.0,-10.0,-3.0,-10.0,-5.0,-10.0,-5.0,-9.0,-5.0,-8.0,-5.0,-8.0,-6.0,-8.0,-6.0,-9.0,-7.0,-9.0,-7.0,-9.0,-8.0,-9.0,-10.0,-10.0,-11.0,-10.0,-13.0,-9.0,-13.0,-10.0,-13.0,-10.0,-13.0,-10.0,-13.0,-10.0,-13.0,-10.0,-14.0,-10.0,-14.0,-10.0,-15.0,-10.0,-16.0,-10.0,-16.0,-11.0,-15.0,-12.0,-15.0,-12.0,-16.0,-12.0,-17.0,-12.0,-18.0,-12.0,-18.0,-12.0,-18.0,-13.0,-17.0,-13.0,-17.0,-13.0,-17.0,-13.0,-16.0,-14.0,-15.0,-15.0,-15.0,-15.0,-13.0,-16.0,-12.0,-15.0
6.0,-12.0,6.0,-12.0,6.0,-13.0,7.0,-13.0,6.0,-12.0,5.0,-12.0,4.0,-12.0,3.0,-12.0,3.0,-11.0,3.0,-12.0,3.0,-13.0,3.0,-14.0,2.0,-13.0,2.0,-13.0,2.0,-13.0,0.0,-13.0,-1.0,-13.0,-1.0,-13.0,-2.0,-13.0,-2.0,-13.0,-2.0,-14.0,-3.0,-14.0,-4.0,-14.0,-5.0,-14.0,-6.0,-16.0,-6.0,-17.0,-9.0,-17.0,-9.0,-18.0,-10.0,-19.0,-10.0,-19.0,-9.0,-18.0,-10.0,-18.0,-11.0,-19.0,-11.0,-19.0,-12.0,-19.0,-13.0,-20.0,-12.0,-21.0,-10.0,-21.0,-10.0,-21.0,-12.0,-21.0,-13.0,-22.0,-14.0,-23.0,-14.0,-24.0,-13.0,-24.0,-13.0,-23.0,-13.0,-23.0,-12.0,-24.0,-11.0,-24.0,-10.0,-25.0,-8.0,-25.0,-7.0,-24.0,-6.0,-24.0
-9.0,7.0,-8.0,8.0,-8.0,8.0,-9.0,8.0,-9.0,7.0,-8.0,7.0,-7.0,7.0,-6.0,7.0,-6.0,7.0,-6.0,8.0,-6.0,9.0,-6.0,9.0,-6.0,9.0,-6.0,8.0,-5.0,9.0,-4.0,9.0,-2.0,9.0,-2.0,9.0,-2.0,9.0,-2.0,10.0,-2.0,10.0,-2.0,11.0,-1.0,11.0,0.0,11.0,0.0,13.0,1.0,14.0,3.0,14.0,3.0,15.0,3.0,16.0,3.0,15.0,3.0,15.0,3.0,15.0,4.0,16.0,4.0,16.0,5.0,16.0,6.0,17.0,5.0,17.0,4.0,17.0,4.0,17.0,5.0,18.0,6.0,19.0,7.0,20.0,6.0,20.0,6.0,20.0,6.0,19.0,6.0,19.0,5.0,20.0,4.0,20.0,3.0,20.0,2.0,20.0,1.0,20.0,0.0,19.0
11.0,-4.0,11.0,-5.0,11.0,-6.0,12.0,-5.0,11.0,-4.0,10.0,-4.0,9.0,-5.0,9.0,-6.0,8.0,-6.0,9.0,-6.0,9.0,-7.0,9.0,-8.0,9.0,-8.0,8.0,-7.0,8.0,-8.0,6.0,-9.0,5.0,-9.0,5.0,-9.0,5.0,-9.0,5.0,-10.0,6.0,-11.0,5.0,-11.0,4.0,-11.0,4.0,-12.0,4.0,-14.0,4.0,-14.0,2.0,-16.0,3.0,-17.0,2.0,-17.0,2.0,-17.0,2.0,-17.0,2.0,-17.0,1.0,-18.0,1.0,-18.0,1.0,-19.0,0.0,-20.0,1.0,-20.0,2.0,-20.0,2.0,-20.0,2.0,-21.0,1.0,-21.0,1.0,-22.0,1.0,-23.0,1.0,-23.0,1.0,-22.0,2.0,-22.0,2.0,-22.0,3.0,-22.0,4.0,-23.0,5.0,-22.0,6.0,-20.0,6.0,-19.0
-12.0,-3.0,-12.0,-2.0,-13.0,-2.0,-13.0,-2.0,-12.0,-3.0,-11.0,-2.0,-11.0,-1.0,-11.0,-1.0,-10.0,0.0,-11.0,0.0,-11.0,0.0,-12.0,1.0,-11.0,2.0,-11.0,1.0,-10.0,2.0,-10.0,3.0,-10.0,3.0,-9.0,3.0,-9.0,4.0,-10.0,4.0,-10.0,4.0,-10.0,5.0,-9.0,6.0,-9.0,7.0,-10.0,8.0,-11.0,9.0,-10.0,10.0,-11.0,11.0,-11.0,12.0,-11.0,11.0,-11.0,11.0,-11.0,12.0,-11.0,13.0,-11.0,13.0,-11.0,13.0,-11.0,14.0,-11.0,14.0,-12.0,13.0,-12.0,14.0,-12.0,14.0,-12.0,15.0,-13.0,16.0,-13.0,16.0,-13.0,15.0,-13.0,15.0,-14.0,14.0,-14.0,14.0,-15.0,14.0,-15.0,14.0,-16.0,13.0,-16.0,11.0,-15.0,10.0
-7.0,-12.0,-8.0,-11.0,-8.0,-11.0,-8.0,-12.0,-7.0,-11.0,-7.0,-10.0,-8.0,-9.0,-8.0,-9.0,-8.0,-8.0,-8.0,-9.0,-9.0,-9.0,-9.0,-9.0,-9.0,-8.0,-9.0,-7.0,-9.0,-7.0,-10.0,-6.0,-10.0,-5.0,-10.0,-4.0,-10.0,-3.0,-11.0,-3.0,-11.0,-4.0,-12.0,-3.0,-12.0,-3.0,-12.0,-2.0,-14.0,-1.0,-15.0,-1.0,-16.0,1.0,-17.0,1.0,-17.0,1.0,-17.0,2.0,-17.0,1.0,-17.0,2.0,-18.0,3.0,-18.0,3.0,-19.0,3.0,-20.0,4.0,-20.0,3.0,-20.0,2.0,-20.0,2.0,-21.0,3.0,-21.0,4.0,-22.0,4.0,-23.0,4.0,-23.0,4.0,-22.0,3.0,-22.0,3.0,-23.0,3.0,-23.0,2.0,-23.0,1.0,-23.0,0.0,-22.0,-2.0,-22.0,-3.0
-1.0,11.0,-1.0,11.0,0.0,11.0,-1.0,11.0,-1.0,11.0,-1.0,10.0,0.0,9.0,1.0,9.0,1.0,9.0,1.0,9.0,1.0,10.0,2.0,10.0,2.0,9.0,2.0,8.0,3.0,8.0,4.0,8.0,5.0,7.0,4.0,7.0,5.0,6.0,5.0,6.0,6.0,7.0,6.0,7.0,7.0,6.0,8.0,6.0,9.0,7.0,10.0,7.0,12.0,5.0,12.0,6.0,13.0,6.0,13.0,6.0,12.0,6.0,13.0,6.0,14.0,5.0,14.0,5.0,15.0,5.0,16.0,5.0,16.0,6.0,15.0,6.0,15.0,6.0,16.0,6.0,17.0,7.0,18.0,6.0,19.0,7.0,18.0,7.0,18.0,7.0,18.0,7.0,18.0,8.0,17.0,8.0,17.0,9.0,16.0,10.0,15.0,11.0,14.0,11.0
-5.0,9.0,-4.0,9.0,-4.0,10.0,-5.0,10.0,-5.0,9.0,-4.0,9.0,-3.0,9.0,-2.0,8.0,-2.0,8.0,-2.0,8.0,-2.0,9.0,-1.0,10.0,-1.0,9.0,-1.0,8.0,0.0,8.0,1.0,9.0,2.0,8.0,2.0,8.0,2.0,7.0,2.0,8.0,2.0,8.0,3.0,8.0,4.0,8.0,5.0,8.0,6.0,9.0,7.0,10.0,9.0,9.0,9.0,10.0,9.0,11.0,9.0,10.0,9.0,10.0,10.0,10.0,10.0,10.0,11.0,11.0,12.0,11.0,13.0,11.0,12.0,12.0,11.0,12.0,11.0,12.0,12.0,12.0,13.0,13.0,14.0,13.0,14.0,14.0,14.0,14.0,13.0,14.0,13.0,14.0,13.0,14.0,12.0,15.0,11.0,15.0,11.0,16.0,10.0,16.0,9.0,16.0
0.0,-14.0,0.0,-14.0,-1.0,-14.0,0.0,-14.0,0.0,-13.0,0.0,-12.0,-1.0,-12.0,-2.0,-12.0,-2.0,-11.0,-2.0,-11.0,-3.0,-12.0,-4.0,-12.0,-4.0,-12.0,-4.0,-11.0,-4.0,-11.0,-6.0,-10.0,-7.0,-9.0,-7.0,-9.0,-7.0,-8.0,-7.0,-8.0,-8.0,-9.0,-9.0,-9.0,-9.0,-8.0,-11.0,-7.0,-12.0,-8.0,-13.0,-9.0,-16.0,-7.0,-16.0,-8.0,-17.0,-8.0,-17.0,-8.0,-16.0,-8.0,-17.0,-8.0,-18.0,-7.0,-19.0,-7.0,-20.0,-7.0,-20.0,-7.0,-20.0,-8.0,-20.0,-9.0,-20.0,-9.0,-21.0,-9.0,-22.0,-9.0,-24.0,-9.0,-24.0,-9.0,-23.0,-10.0,-23.0,-10.0,-23.0,-10.0,-23.0,-11.0,-23.0,-11.0,-22.0,-12.0,-21.0,-13.0,-19.0,-15.0,-18.0,-15.0
9.0,-7.0,8.0,-7.0,9.0,-8.0,9.0,-8.0,9.0,-7.0,8.0,-7.0,7.0,-7.0,6.0,-7.0,6.0,-7.0,6.0,-8.0,6.0,-9.0,6.0,-9.0,5.0,-9.0,5.0,-8.0,5.0,-9.0,3.0,-10.0,2.0,-10.0,2.0,-9.0,1.0,-9.0,1.0,-10.0,2.0,-11.0,1.0,-11.0,0.0,-11.0,-1.0,-12.0,-1.0,-13.0,-2.0,-14.0,-4.0,-15.0,-4.0,-16.0,-4.0,-16.0,-4.0,-16.0,-4.0,-15.0,-5.0,-16.0,-5.0,-16.0,-6.0,-17.0,-6.0,-18.0,-7.0,-18.0,-6.0,-19.0,-5.0,-19.0,-5.0,-19.0,-6.0,-20.0,-7.0,-20.0,-8.0,-21.0,-8.0,-22.0,-7.0,-21.0,-7.0,-21.0,-7.0,-21.0,-6.0,-22.0,-5.0,-22.0,-4.0,-22.0,-2.0,-22.0,-1.0,-21.0,-1.0,-21.0
-11.0,-9.0,-11.0,-8.0,-12.0,-8.0,-12.0,-8.0,-11.0,-8.0,-10.0,-7.0,-10.0,-6.0,-10.0,-6.0,-10.0,-5.0,-11.0,-5.0,-11.0,-5.0,-12.0,-4.0,-12.0,-3.0,-11.0,-3.0,-11.0,-3.0,-11.0,-1.0,-11.0,0.0,-11.0,0.0,-11.0,1.0,-11.0,1.0,-11.0,2.0,-12.0,2.0,-12.0,3.0,-12.0,4.0,-14.0,5.0,-15.0,6.0,-15.0,8.0,-16.0,9.0,-16.0,9.0,-15.0,9.0,-15.0,9.0,-15.0,10.0,-16.0,11.0,-16.0,11.0,-17.0,12.0,-17.0,12.0,-18.0,12.0,-18.0,11.0,-18.0,12.0,-19.0,13.0,-19.0,13.0,-19.0,14.0,-20.0,15.0,-20.0,14.0,-20.0,13.0,-20.0,13.0,-21.0,13.0,-21.0,13.0,-22.0,12.0,-22.0,10.0,-22.0,8.0,-22.0,7.0
8.0,-8.0,7.0,-9.0,7.0,-9.0,8.0,-9.0,7.0,-8.0,6.0,-8.0,6.0,-8.0,5.0,-8.0,5.0,-8.0,5.0,-9.0,5.0,-9.0,4.0,-10.0,4.0,-10.0,4.0,-9.0,3.0,-9.0,1.0,-10.0,0.0,-10.0,0.0,-9.0,0.0,-10.0,0.0,-10.0,-1.0,-11.0,-1.0,-11.0,-2.0,-11.0,-3.0,-11.0,-4.0,-13.0,-4.0,-14.0,-7.0,-14.0,-7.0,-15.0,-7.0,-16.0,-8.0,-15.0,-7.0,-15.0,-7.0,-15.0,-8.0,-16.0,-9.0,-16.0,-10.0,-16.0,-11.0,-17.0,-10.0,-18.0,-9.0,-18.0,-9.0,-18.0,-10.0,-19.0,-11.0,-19.0,-12.0,-20.0,-12.0,-20.0,-11.0,-20.0,-11.0,-20.0,-11.0,-20.0,-10.0,-21.0,-9.0,-21.0,-8.0,-22.0,-7.0,-22.0,-6.0,-21.0,-5.0,-21.0
-13.0,-3.0,-13.0,-2.0,-14.0,-1.0,-14.0,-2.0,-13.0,-2.0,-12.0,-2.0,-12.0,-1.0,-11.0,0.0,-11.0,0.0,-11.0,1.0,-12.0,1.0,-12.0,2.0,-12.0,3.0,-11.0,3.0,-10.0,3.0,-10.0,5.0,-10.0,5.0,-9.0,5.0,-9.0,6.0,-9.0,6.0,-10.0,7.0,-10.0,8.0,-9.0,8.0,-8.0,10.0,-9.0,12.0,-10.0,12.0,-8.0,15.0,-10.0,16.0,-10.0,16.0,-9.0,16.0,-9.0,16.0,-9.0,17.0,-8.0,18.0,-9.0,18.0,-9.0,19.0,-8.0,19.0,-9.0,19.0,-10.0,19.0,-11.0,20.0,-11.0,21.0,-11.0,22.0,-10.0,23.0,-11.0,24.0,-11.0,23.0,-11.0,22.0,-12.0,22.0,-13.0,22.0,-14.0,22.0,-14.0,21.0,-15.0,20.0,-16.0,18.0,-16.0,17.0
-7.0,11.0,-6.0,11.0,-6.0,12.0,-7.0,12.0,-7.0,11.0,-6.0,10.0,-4.0,10.0,-3.0,10.0,-3.0,10.0,-3.0,10.0,-3.0,11.0,-2.0,11.0,-2.0,11.0,-2.0,11.0,-1.0,10.0,1.0,11.0,2.0,10.0,2.0,10.0,3.0,10.0,3.0,10.0,3.0,11.0,4.0,11.0,5.0,11.0,6.0,11.0,7.0,13.0,8.0,14.0,11.0,13.0,11.0,14.0,12.0,15.0,12.0,14.0,11.0,14.0,13.0,14.0,14.0,14.0,14.0,14.0,15.0,15.0,16.0,15.0,16.0,16.0,14.0,17.0,14.0,17.0,16.0,17.0,17.0,18.0,19.0,18.0,19.0,19.0,18.0,19.0,18.0,19.0,17.0,19.0,17.0,19.0,16.0,20.0,15.0,21.0,13.0,22.0,12.0,22.0,11.0,21.0
3.0,-11.0,2.0,-11.0,2.0,-12.0,2.0,-12.0,2.0,-11.0,1.0,-10.0,1.0,-10.0,0.0,-10.0,0.0,-9.0,0.0,-10.0,-1.0,-11.0,-2.0,-11.0,-2.0,-10.0,-2.0,-10.0,-2.0,-10.0,-4.0,-10.0,-5.0,-9.0,-5.0,-9.0,-5.0,-8.0,-5.0,-9.0,-6.0,-9.0,-6.0,-9.0,-7.0,-9.0,-8.0,-9.0,-10.0,-10.0,-10.0,-10.0,-12.0,-10.0,-13.0,-11.0,-13.0,-11.0,-13.0,-11.0,-13.0,-10.0,-14.0,-10.0,-14.0,-10.0,-15.0,-11.0,-16.0,-11.0,-17.0,-11.0,-16.0,-12.0,-15.0,-12.0,-15.0,-12.0,-17.0,-12.0,-18.0,-12.0,-19.0,-13.0,-19.0,-13.0,-18.0,-14.0,-18.0,-14.0,-17.0,-14.0,-17.0,-14.0,-17.0,-15.0,-16.0,-16.0,-15.0,-16.0,-14.0,-17.0,-13.0,-16.0
-7.0,-9.0,-7.0,-8.0,-7.0,-8.0,-7.0,-9.0,-6.0,-8.0,-6.0,-8.0,-7.0,-7.0,-7.0,-6.0,-7.0,-6.0,-7.0,-6.0,-8.0,-6.0,-9.0,-6.0,-9.0,-5.0,-8.0,-5.0,-8.0,-4.0,-9.0,-3.0,-9.0,-3.0,-9.0,-2.0,-9.0,-2.0,-9.0,-2.0,-10.0,-2.0,-10.0,-1.0,-10.0,-1.0,-11.0,1.0,-12.0,1.0,-13.0,1.0,-14.0,2.0,-15.0,2.0,-15.0,3.0,-15.0,3.0,-15.0,2.0,-15.0,3.0,-15.0,4.0,-16.0,4.0,-16.0,4.0,-17.0,5.0,-17.0,4.0,-17.0,4.0,-17.0,4.0,-18.0,4.0,-18.0,4.0,-19.0,5.0,-20.0,5.0,-20.0,4.0,-19.0,3.0,-19.0,3.0,-20.0,3.0,-20.0,2.0,-20.0,2.0,-20.0,1.0,-19.0,0.0,-18.0,-1.0
-9.0,9.0,-8.0,9.0,-8.0,10.0,-8.0,10.0,-8.0,9.0,-7.0,9.0,-6.0,9.0,-5.0,9.0,-5.0,9.0,-5.0,9.0,-5.0,10.0,-4.0,11.0,-4.0,10.0,-4.0,10.0,-3.0,10.0,-1.0,10.0,0.0,10.0,0.0,10.0,0.0,10.0,0.0,10.0,1.0,11.0,1.0,11.0,2.0,11.0,3.0,12.0,4.0,13.0,5.0,14.0,8.0,14.0,7.0,15.0,8.0,16.0,8.0,16.0,7.0,15.0,8.0,16.0,9.0,16.0,9.0,17.0,10.0,17.0,11.0,17.0,10.0,18.0,9.0,18.0,9.0,18.0,10.0,19.0,11.0,20.0,12.0,20.0,12.0,21.0,11.0,21.0,11.0,21.0,10.0,21.0,10.0,21.0,9.0,21.0,8.0,22.0,7.0,22.0,5.0,22.0,4.0,21.0
-1.0,-15.0,-2.0,-14.0,-3.0,-15.0,-2.0,-15.0,-1.0,-14.0,-2.0,-13.0,-3.0,-12.0,-4.0,-12.0,-4.0,-12.0,-4.0,-12.0,-5.0,-13.0,-6.0,-13.0,-6.0,-12.0,-6.0,-11.0,-6.0,-11.0,-8.0,-10.0,-9.0,-9.0,-9.0,-9.0,-9.0,-8.0,-9.0,-8.0,-10.0,-9.0,-11.0,-9.0,-11.0,-8.0,-13.0,-8.0,-15.0,-9.0,-16.0,-9.0,-18.0,-7.0,-19.0,-8.0,-20.0,-8.0,-19.0,-8.0,-18.0,-8.0,-19.0,-7.0,-20.0,-7.0,-21.0,-7.0,-23.0,-7.0,-23.0,-7.0,-23.0,-8.0,-22.0,-9.0,-22.0,-9.0,-24.0,-8.0,-25.0,-8.0,-26.0,-8.0,-27.0,-9.0,-26.0,-9.0,-25.0,-9.0,-25.0,-10.0,-25.0,-10.0,-25.0,-11.0,-24.0,-12.0,-23.0,-13.0,-22.0,-14.0,-20.0,-15.0
-10.0,7.0,-10.0,7.0,-10.0,8.0,-10.0,8.0,-10.0,7.0,-9.0,7.0,-8.0,7.0,-7.0,7.0,-7.0,7.0,-7.0,8.0,-7.0,9.0,-6.0,9.0,-6.0,9.0,-6.0,8.0,-5.0,8.0,-4.0,9.0,-3.0,9.0,-2.0,9.0,-2.0,10.0,-2.0,10.0,-2.0,11.0,-2.0,11.0,-1.0,11.0,0.0,12.0,1.0,13.0,2.0,14.0,4.0,15.0,3.0,16.0,4.0,17.0,4.0,16.0,3.0,16.0,4.0,16.0,5.0,17.0,5.0,17.0,6.0,18.0,7.0,18.0,6.0,19.0,4.0,19.0,4.0,19.0,5.0,20.0,7.0,20.0,7.0,22.0,7.0,22.0,6.0,22.0,6.0,21.0,5.0,21.0,5.0,21.0,4.0,22.0,3.0,22.0,2.0,22.0,1.0,21.0,0.0,20.0
1.0,10.0,2.0,10.0,2.0,10.0,1.0,11.0,1.0,10.0,1.0,9.0,2.0,9.0,3.0,8.0,3.0,8.0,3.0,8.0,4.0,8.0,4.0,8.0,4.0,8.0,4.0,7.0,4.0,7.0,6.0,6.0,6.0,6.0,6.0,5.0,6.0,5.0,7.0,5.0,7.0,5.0,8.0,5.0,8.0,4.0,9.0,4.0,11.0,4.0,12.0,5.0,13.0,3.0,14.0,4.0,15.0,3.0,15.0,3.0,14.0,3.0,15.0,3.0,15.0,3.0,16.0,3.0,17.0,3.0,17.0,3.0,18.0,3.0,17.0,4.0,17.0,4.0,18.0,4.0,19.0,4.0,20.0,4.0,20.0,4.0,20.0,4.0,20.0,4.0,19.0,5.0,19.0,5.0,19.0,6.0,19.0,6.0,18.0,7.0,17.0,8.0,16.0,9.0
4.0,10.0,5.0,9.0,6.0,9.0,5.0,10.0,4.0,9.0,4.0,8.0,5.0,8.0,5.0,7.0,6.0,7.0,6.0,7.0,7.0,7.0,7.0,7.0,7.0,6.0,7.0,6.0,7.0,5.0,8.0,4.0,8.0,3.0,8.0,3.0,8.0,2.0,8.0,2.0,9.0,2.0,10.0,2.0,10.0,1.0,11.0,0.0,13.0,0.0,14.0,0.0,14.0,-3.0,15.0,-2.0,16.0,-2.0,16.0,-3.0,16.0,-2.0,16.0,-3.0,16.0,-4.0,17.0,-4.0,18.0,-4.0,18.0,-5.0,19.0,-4.0,18.0,-3.0,18.0,-4.0,19.0,-4.0,20.0,-4.0,21.0,-5.0,22.0,-5.0,21.0,-4.0,21.0,-4.0,21.0,-4.0,21.0,-3.0,21.0,-3.0,21.0,-2.0,21.0,-1.0,20.0,1.0,20.0,1.0
-13.0,-3.0,-13.0,-2.0,-13.0,-1.0,-14.0,-2.0,-13.0,-2.0,-12.0,-2.0,-11.0,-1.0,-11.0,0.0,-11.0,0.0,-11.0,0.0,-12.0,1.0,-12.0,2.0,-12.0,2.0,-11.0,2.0,-11.0,3.0,-10.0,5.0,-10.0,5.0,-9.0,5.0,-9.0,6.0,-9.0,6.0,-10.0,7.0,-10.0,8.0,-9.0,8.0,-9.0,10.0,-10.0,11.0,-10.0,12.0,-9.0,14.0,-10.0,15.0,-10.0,16.0,-10.0,16.0,-10.0,15.0,-10.0,16.0,-9.0,17.0,-10.0,17.0,-9.0,18.0,-9.0,18.0,-10.0,19.0,-11.0,18.0,-11.0,18.0,-11.0,20.0,-10.0,20.0,-11.0,22.0,-11.0,22.0,-11.0,21.0,-11.0,20.0,-11.0,20.0,-12.0,21.0,-13.0,20.0,-14.0,20.0,-15.0,19.0,-15.0,17.0,-15.0,16.0
-11.0,-4.0,-11.0,-3.0,-12.0,-3.0,-12.0,-3.0,-11.0,-3.0,-10.0,-3.0,-10.0,-2.0,-10.0,-1.0,-10.0,-1.0,-10.0,-1.0,-11.0,-1.0,-11.0,0.0,-11.0,1.0,-10.0,1.0,-10.0,1.0,-9.0,3.0,-9.0,3.0,-9.0,3.0,-8.0,4.0,-9.0,4.0,-9.0,5.0,-9.0,5.0,-9.0,6.0,-9.0,7.0,-10.0,8.0,-10.0,9.0,-9.0,11.0,-10.0,12.0,-10.0,13.0,-10.0,12.0,-10.0,12.0,-10.0,13.0,-10.0,14.0,-10.0,14.0,-10.0,14.0,-10.0,15.0,-11.0,15.0,-12.0,14.0,-12.0,15.0,-12.0,16.0,-11.0,16.0,-12.0,18.0,-12.0,18.0,-12.0,17.0,-12.0,16.0,-12.0,16.0,-13.0,16.0,-14.0,16.0,-15.0,16.0,-16.0,14.0,-16.0,12.0,-15.0,11.0
-9.0,-8.0,-10.0,-7.0,-10.0,-7.0,-10.0,-7.0,-9.0,-7.0,-9.0,-6.0,-9.0,-5.0,-9.0,-5.0,-9.0,-4.0,-9.0,-4.0,-10.0,-4.0,-11.0,-4.0,-10.0,-3.0,-10.0,-3.0,-10.0,-2.0,-10.0,-1.0,-10.0,0.0,-10.0,0.0,-9.0,1.0,-10.0,1.0,-11.0,1.0,-11.0,1.0,-11.0,2.0,-11.0,4.0,-12.0,4.0,-13.0,4.0,-13.0,7.0,-14.0,7.0,-14.0,8.0,-14.0,8.0,-14.0,7.0,-14.0,8.0,-14.0,9.0,-15.0,9.0,-15.0,10.0,-16.0,10.0,-16.0,10.0,-16.0,9.0,-17.0,9.0,-17.0,10.0,-17.0,10.0,-18.0,12.0,-19.0,12.0,-19.0,11.0,-18.0,11.0,-19.0,10.0,-19.0,10.0,-19.0,9.0,-20.0,9.0,-20.0,7.0,-19.0,6.0,-19.0,5.0
3.0,-13.0,2.0,-13.0,2.0,-13.0,3.0,-14.0,2.0,-13.0,2.0,-12.0,1.0,-11.0,0.0,-11.0,0.0,-11.0,-1.0,-11.0,-1.0,-12.0,-2.0,-12.0,-2.0,-12.0,-2.0,-11.0,-2.0,-11.0,-4.0,-11.0,-5.0,-11.0,-5.0,-10.0,-6.0,-9.0,-6.0,-10.0,-6.0,-10.0,-7.0,-10.0,-8.0,-10.0,-9.0,-10.0,-11.0,-11.0,-11.0,-11.0,-14.0,-10.0,-15.0,-11.0,-16.0,-12.0,-15.0,-11.0,-15.0,-11.0,-15.0,-11.0,-16.0,-11.0,-17.0,-11.0,-18.0,-12.0,-19.0,-12.0,-19.0,-13.0,-17.0,-13.0,-17.0,-13.0,-19.0,-13.0,-20.0,-14.0,-21.0,-14.0,-22.0,-14.0,-21.0,-14.0,-20.0,-14.0,-20.0,-15.0,-19.0,-15.0,-19.0,-16.0,-18.0,-17.0,-17.0,-17.0,-15.0,-18.0,-14.0,-18.0
-3.0,-13.0,-3.0,-13.0,-4.0,-13.0,-3.0,-14.0,-3.0,-13.0,-3.0,-12.0,-4.0,-11.0,-5.0,-11.0,-5.0,-10.0,-5.0,-10.0,-6.0,-11.0,-7.0,-11.0,-7.0,-10.0,-6.0,-10.0,-7.0,-9.0,-9.0,-9.0,-9.0,-8.0,-9.0,-7.0,-9.0,-7.0,-9.0,-7.0,-10.0,-7.0,-11.0,-7.0,-11.0,-6.0,-12.0,-6.0,-14.0,-6.0,-16.0,-7.0,-17.0,-4.0,-18.0,-5.0,-19.0,-5.0,-19.0,-5.0,-18.0,-5.0,-19.0,-4.0,-20.0,-4.0,-20.0,-4.0,-21.0,-4.0,-22.0,-4.0,-22.0,-5.0,-21.0,-6.0,-21.0,-6.0,-23.0,-5.0,-24.0,-5.0,-25.0,-5.0,-26.0,-5.0,-25.0,-5.0,-24.0,-5.0,-24.0,-6.0,-24.0,-6.0,-23.0,-7.0,-23.0,-8.0,-22.0,-10.0,-21.0,-11.0,-20.0,-11.0
4.0,9.0,5.0,9.0,5.0,9.0,5.0,9.0,4.0,9.0,4.0,8.0,5.0,7.0,5.0,7.0,5.0,6.0,6.0,6.0,6.0,7.0,7.0,6.0,7.0,6.0,6.0,6.0,7.0,5.0,8.0,4.0,8.0,3.0,8.0,3.0,8.0,2.0,8.0,2.0,9.0,2.0,9.0,2.0,9.0,1.0,10.0,1.0,12.0,0.0,13.0,0.0,14.0,-2.0,14.0,-1.0,15.0,-2.0,15.0,-2.0,14.0,-1.0,15.0,-2.0,15.0,-2.0,16.0,-2.0,17.0,-3.0,17.0,-3.0,17.0,-3.0,17.0,-2.0,17.0,-2.0,18.0,-2.0,19.0,-3.0,20.0,-3.0,20.0,-3.0,20.0,-2.0,19.0,-2.0,19.0,-1.0,19.0,-1.0,19.0,-1.0,19.0,0.0,19.0,1.0,18.0,2.0,17.0,3.0
9.0,4.0,9.0,3.0,10.0,3.0,10.0,4.0,9.0,4.0,9.0,3.0,8.0,2.0,8.0,2.0,8.0,1.0,9.0,1.0,10.0,1.0,10.0,0.0,10.0,0.0,9.0,0.0,9.0,-1.0,9.0,-2.0,9.0,-3.0,8.0,-3.0,8.0,-4.0,8.0,-4.0,9.0,-4.0,9.0,-5.0,9.0,-5.0,9.0,-7.0,10.0,-8.0,10.0,-8.0,10.0,-10.0,11.0,-11.0,11.0,-11.0,11.0,-11.0,11.0,-11.0,11.0,-12.0,11.0,-13.0,11.0,-13.0,11.0,-13.0,12.0,-14.0,12.0,-13.0,13.0,-13.0,13.0,-13.0,13.0,-14.0,13.0,-14.0,14.0,-15.0,14.0,-15.0,14.0,-14.0,14.0,-14.0,14.0,-14.0,15.0,-14.0,15.0,-13.0,16.0,-13.0,16.0,-11.0,16.0,-9.0,15.0,-8.0
-11.0,-5.0,-11.0,-4.0,-12.0,-4.0,-12.0,-4.0,-12.0,-4.0,-11.0,-4.0,-11.0,-3.0,-10.0,-2.0,-10.0,-2.0,-11.0,-2.0,-12.0,-2.0,-12.0,-1.0,-11.0,0.0,-11.0,0.0,-10.0,0.0,-11.0,2.0,-10.0,3.0,-10.0,3.0,-9.0,4.0,-10.0,4.0,-10.0,4.0,-11.0,5.0,-10.0,6.0,-10.0,7.0,-11.0,8.0,-12.0,9.0,-11.0,11.0,-13.0,12.0,-13.0,12.0,-12.0,12.0,-12.0,11.0,-12.0,13.0,-12.0,13.0,-13.0,14.0,-13.0,14.0,-13.0,15.0,-14.0,14.0,-14.0,14.0,-15.0,14.0,-15.0,15.0,-15.0,16.0,-15.0,17.0,-16.0,17.0,-16.0,16.0,-16.0,15.0,-16.0,15.0,-17.0,15.0,-17.0,15.0,-18.0,14.0,-18.0,13.0,-18.0,11.0,-18.0,9.0
-8.0,8.0,-7.0,9.0,-7.0,10.0,-8.0,10.0,-8.0,9.0,-7.0,8.0,-6.0,8.0,-5.0,9.0,-5.0,9.0,-5.0,9.0,-5.0,10.0,-4.0,11.0,-4.0,10.0,-4.0,10.0,-3.0,10.0,-1.0,10.0,0.0,10.0,0.0,10.0,0.0,10.0,0.0,10.0,0.0,11.0,1.0,11.0,2.0,11.0,3.0,11.0,4.0,13.0,5.0,14.0,7.0,14.0,7.0,15.0,7.0,15.0,8.0,15.0,7.0,15.0,8.0,15.0,8.0,16.0,8.0,16.0,9.0,16.0,11.0,17.0,10.0,17.0,9.0,17.0,8.0,17.0,9.0,18.0,11.0,19.0,12.0,20.0,11.0,20.0,11.0,20.0,10.0,20.0,10.0,20.0,9.0,20.0,8.0,21.0,7.0,21.0,6.0,21.0,5.0,20.0,4.0,20.0
12.0,2.0,12.0,1.0,12.0,0.0,12.0,1.0,11.0,1.0,10.0,1.0,10.0,0.0,10.0,-1.0,10.0,-1.0,10.0,-1.0,11.0,-2.0,11.0,-3.0,11.0,-3.0,10.0,-3.0,10.0,-4.0,9.0,-5.0,9.0,-6.0,8.0,-6.0,8.0,-6.0,9.0,-7.0,9.0,-7.0,9.0,-8.0,9.0,-8.0,8.0,-10.0,9.0,-12.0,9.0,-12.0,9.0,-14.0,10.0,-15.0,10.0,-16.0,9.0,-16.0,9.0,-15.0,10.0,-16.0,9.0,-17.0,9.0,-17.0,9.0,-18.0,9.0,-18.0,10.0,-18.0,11.0,-18.0,11.0,-18.0,12.0,-19.0,11.0,-20.0,11.0,-21.0,12.0,-21.0,13.0,-20.0,13.0,-19.0,13.0,-19.0,14.0,-19.0,14.0,-19.0,15.0,-18.0,16.0,-17.0,16.0,-15.0,15.0,-14.0
6.0,-10.0,5.0,-11.0,5.0,-11.0,6.0,-11.0,5.0,-11.0,4.0,-10.0,4.0,-10.0,3.0,-10.0,2.0,-10.0,2.0,-10.0,2.0,-11.0,2.0,-12.0,1.0,-11.0,1.0,-11.0,1.0,-11.0,-1.0,-11.0,-2.0,-11.0,-2.0,-10.0,-2.0,-10.0,-3.0,-11.0,-3.0,-11.0,-3.0,-11.0,-4.0,-11.0,-5.0,-11.0,-6.0,-13.0,-7.0,-14.0,-9.0,-13.0,-9.0,-14.0,-10.0,-15.0,-10.0,-15.0,-9.0,-14.0,-10.0,-15.0,-11.0,-15.0,-11.0,-15.0,-12.0,-16.0,-13.0,-16.0,-12.0,-17.0,-11.0,-17.0,-11.0,-17.0,-12.0,-17.0,-13.0,-18.0,-14.0,-19.0,-14.0,-19.0,-13.0,-19.0,-13.0,-19.0,-12.0,-19.0,-12.0,-19.0,-11.0,-19.0,-10.0,-19.0,-9.0,-20.0,-8.0,-20.0,-7.0,-19.0
-1.0,11.0,-1.0,11.0,0.0,12.0,-1.0,12.0,-1.0,11.0,-1.0,10.0,0.0,10.0,1.0,10.0,1.0,9.0,1.0,10.0,2.0,10.0,3.0,10.0,3.0,10.0,3.0,9.0,3.0,9.0,5.0,8.0,6.0,8.0,5.0,7.0,6.0,7.0,6.0,7.0,7.0,8.0,7.0,8.0,7.0,7.0,9.0,7.0,11.0,8.0,12.0,8.0,14.0,7.0,14.0,7.0,15.0,7.0,15.0,7.0,14.0,7.0,15.0,7.0,15.0,7.0,16.0,7.0,17.0,7.0,18.0,7.0,18.0,8.0,17.0,8.0,17.0,8.0,18.0,9.0,19.0,9.0,20.0,9.0,20.0,9.0,19.0,10.0,19.0,10.0,18.0,10.0,18.0,11.0,18.0,11.0,17.0,12.0,17.0,12.0,15.0,13.0,14.0,13.0
12.0,4.0,12.0,3.0,12.0,3.0,13.0,3.0,12.0,3.0,11.0,3.0,11.0,2.0,10.0,1.0,10.0,1.0,11.0,1.0,12.0,0.0,12.0,-1.0,11.0,-1.0,11.0,-1.0,10.0,-2.0,11.0,-4.0,10.0,-4.0,10.0,-4.0,9.0,-5.0,10.0,-6.0,10.0,-6.0,11.0,-6.0,10.0,-7.0,10.0,-9.0,12.0,-10.0,12.0,-10.0,11.0,-13.0,13.0,-14.0,13.0,-15.0,13.0,-14.0,12.0,-14.0,12.0,-15.0,12.0,-16.0,13.0,-16.0,13.0,-16.0,13.0,-17.0,14.0,-17.0,15.0,-16.0,15.0,-16.0,15.0,-17.0,15.0,-18.0,16.0,-19.0,16.0,-19.0,16.0,-18.0,16.0,-18.0,16.0,-17.0,17.0,-17.0,18.0,-17.0,18.0,-16.0,19.0,-14.0,19.0,-13.0,18.0,-11.0
8.0,-9.0,7.0,-10.0,7.0,-11.0,8.0,-10.0,7.0,-10.0,6.0,-9.0,5.0,-9.0,5.0,-9.0,4.0,-9.0,4.0,-10.0,4.0,-11.0,3.0,-11.0,3.0,-11.0,3.0,-10.0,2.0,-10.0,1.0,-11.0,0.0,-11.0,-1.0,-11.0,-1.0,-11.0,-1.0,-11.0,-1.0,-12.0,-2.0,-12.0,-3.0,-12.0,-4.0,-12.0,-4.0,-14.0,-5.0,-14.0,-7.0,-15.0,-7.0,-16.0,-8.0,-17.0,-8.0,-16.0,-7.0,-16.0,-8.0,-16.0,-9.0,-17.0,-9.0,-17.0,-10.0,-17.0,-11.0,-18.0,-10.0,-18.0,-9.0,-18.0,-8.0,-19.0,-9.0,-19.0,-10.0,-20.0,-11.0,-20.0,-11.0,-21.0,-10.0,-21.0,-10.0,-20.0,-10.0,-20.0,-9.0,-21.0,-8.0,-21.0,-7.0,-21.0,-6.0,-21.0,-5.0,-21.0,-4.0,-20.0
-3.0,-13.0,-4.0,-12.0,-5.0,-12.0,-4.0,-13.0,-4.0,-12.0,-4.0,-11.0,-5.0,-10.0,-5.0,-10.0,-5.0,-9.0,-5.0,-10.0,-6.0,-10.0,-7.0,-10.0,-7.0,-9.0,-7.0,-9.0,-7.0,-9.0,-9.0,-8.0,-9.0,-7.0,-9.0,-6.0,-9.0,-6.0,-10.0,-6.0,-10.0,-6.0,-11.0,-6.0,-11.0,-5.0,-12.0,-4.0,-14.0,-5.0,-15.0,-5.0,-16.0,-3.0,-17.0,-4.0,-18.0,-4.0,-17.0,-3.0,-17.0,-4.0,-18.0,-3.0,-18.0,-3.0,-19.0,-3.0,-20.0,-2.0,-20.0,-2.0,-21.0,-3.0,-20.0,-4.0,-20.0,-4.0,-21.0,-4.0,-22.0,-4.0,-23.0,-3.0,-23.0,-4.0,-23.0,-4.0,-23.0,-4.0,-22.0,-5.0,-22.0,-5.0,-22.0,-6.0,-21.0,-6.0,-21.0,-8.0,-20.0,-9.0,-19.0,-9.0
12.0,-2.0,11.0,-3.0,12.0,-3.0,12.0,-3.0,11.0,-2.0,10.0,-3.0,9.0,-3.0,9.0,-4.0,9.0,-4.0,9.0,-4.0,10.0,-5.0,10.0,-6.0,9.0,-6.0,9.0,-6.0,8.0,-6.0,7.0,-8.0,7.0,-8.0,6.0,-8.0,6.0,-8.0,6.0,-9.0,7.0,-9.0,6.0,-10.0,6.0,-10.0,5.0,-11.0,6.0,-13.0,6.0,-14.0,5.0,-16.0,6.0,-16.0,6.0,-17.0,5.0,-17.0,5.0,-17.0,5.0,-17.0,5.0,-18.0,5.0,-18.0,5.0,-19.0,5.0,-20.0,6.0,-20.0,7.0,-19.0,7.0,-19.0,7.0,-20.0,7.0,-21.0,7.0,-22.0,7.0,-22.0,8.0,-21.0,8.0,-21.0,8.0,-21.0,9.0,-21.0,10.0,-20.0,11.0,-20.0,11.0,-19.0,11.0,-17.0,11.0,-16.0
4.0,-12.0,4.0,-12.0,3.0,-12.0,4.0,-13.0,4.0,-12.0,3.0,-11.0,2.0,-11.0,2.0,-11.0,1.0,-11.0,1.0,-11.0,1.0,-12.0,0.0,-12.0,-1.0,-12.0,0.0,-11.0,-1.0,-11.0,-3.0,-11.0,-4.0,-11.0,-4.0,-10.0,-4.0,-10.0,-4.0,-10.0,-5.0,-11.0,-5.0,-11.0,-6.0,-11.0,-7.0,-11.0,-9.0,-12.0,-10.0,-13.0,-12.0,-13.0,-12.0,-13.0,-13.0,-14.0,-12.0,-13.0,-12.0,-13.0,-13.0,-14.0,-13.0,-14.0,-14.0,-14.0,-15.0,-14.0,-16.0,-15.0,-15.0,-15.0,-14.0,-15.0,-14.0,-15.0,-15.0,-16.0,-16.0,-16.0,-17.0,-17.0,-17.0,-17.0,-16.0,-17.0,-16.0,-17.0,-16.0,-17.0,-15.0,-18.0,-14.0,-18.0,-13.0,-18.0,-13.0,-19.0,-11.0,-19.0,-10.0,-19.0
-13.0,-1.0,-13.0,0.0,-13.0,1.0,-14.0,1.0,-13.0,0.0,-12.0,0.0,-11.0,1.0,-11.0,2.0,-10.0,2.0,-11.0,3.0,-11.0,3.0,-11.0,4.0,-11.0,5.0,-10.0,4.0,-10.0,5.0,-9.0,6.0,-9.0,6.0,-8.0,6.0,-8.0,7.0,-8.0,7.0,-8.0,8.0,-9.0,9.0,-8.0,9.0,-7.0,11.0,-8.0,12.0,-8.0,13.0,-7.0,15.0,-8.0,16.0,-8.0,16.0,-7.0,16.0,-7.0,16.0,-7.0,17.0,-7.0,17.0,-7.0,18.0,-7.0,18.0,-7.0,19.0,-8.0,19.0,-8.0,18.0,-8.0,18.0,-8.0,20.0,-8.0,20.0,-8.0,21.0,-9.0,22.0,-9.0,21.0,-9.0,20.0,-9.0,20.0,-10.0,20.0,-11.0,20.0,-11.0,19.0,-12.0,18.0,-13.0,17.0,-13.0,16.0
-8.0,10.0,-6.0,10.0,-6.0,11.0,-7.0,11.0,-7.0,10.0,-6.0,9.0,-5.0,9.0,-4.0,9.0,-4.0,9.0,-4.0,10.0,-4.0,11.0,-3.0,11.0,-2.0,11.0,-3.0,10.0,-2.0,10.0,0.0,11.0,1.0,10.0,1.0,10.0,1.0,10.0,1.0,10.0,1.0,11.0,2.0,11.0,3.0,11.0,4.0,11.0,5.0,13.0,6.0,13.0,8.0,13.0,8.0,14.0,9.0,15.0,9.0,15.0,8.0,14.0,9.0,14.0,10.0,15.0,10.0,15.0,11.0,16.0,12.0,16.0,11.0,17.0,10.0,17.0,10.0,17.0,11.0,17.0,12.0,18.0,13.0,19.0,13.0,19.0,12.0,19.0,12.0,18.0,11.0,19.0,11.0,19.0,10.0,20.0,9.0,20.0,8.0,20.0,7.0,20.0,6.0,19.0
-2.0,-13.0,-3.0,-13.0,-3.0,-13.0,-3.0,-14.0,-2.0,-13.0,-3.0,-12.0,-4.0,-11.0,-4.0,-11.0,-4.0,-11.0,-5.0,-11.0,-5.0,-11.0,-6.0,-11.0,-6.0,-11.0,-6.0,-10.0,-6.0,-10.0,-8.0,-9.0,-9.0,-8.0,-8.0,-8.0,-8.0,-7.0,-9.0,-7.0,-9.0,-8.0,-10.0,-8.0,-10.0,-7.0,-12.0,-6.0,-14.0,-7.0,-15.0,-8.0,-17.0,-6.0,-17.0,-7.0,-18.0,-6.0,-18.0,-6.0,-17.0,-6.0,-18.0,-6.0,-18.0,-5.0,-19.0,-5.0,-20.0,-5.0,-21.0,-6.0,-21.0,-7.0,-20.0,-7.0,-20.0,-7.0,-21.0,-7.0,-22.0,-7.0,-23.0,-6.0,-24.0,-7.0,-23.0,-7.0,-22.0,-7.0,-22.0,-8.0,-22.0,-8.0,-21.0,-9.0,-21.0,-10.0,-20.0,-11.0,-19.0,-12.0,-18.0,-12.0
6.0,-10.0,5.0,-10.0,6.0,-11.0,6.0,-11.0,6.0,-10.0,5.0,-9.0,4.0,-9.0,3.0,-9.0,3.0,-9.0,3.0,-10.0,3.0,-10.0,2.0,-11.0,2.0,-11.0,2.0,-10.0,1.0,-10.0,0.0,-11.0,-1.0,-11.0,-1.0,-10.0,-2.0,-10.0,-2.0,-10.0,-2.0,-11.0,-2.0,-11.0,-3.0,-11.0,-4.0,-11.0,-5.0,-13.0,-6.0,-13.0,-8.0,-14.0,-7.0,-15.0,-8.0,-15.0,-8.0,-15.0,-8.0,-14.0,-8.0,-15.0,-9.0,-15.0,-9.0,-15.0,-10.0,-15.0,-11.0,-16.0,-10.0,-17.0,-9.0,-17.0,-9.0,-17.0,-10.0,-17.0,-11.0,-18.0,-11.0,-18.0,-11.0,-19.0,-11.0,-18.0,-11.0,-18.0,-10.0,-18.0,-10.0,-19.0,-9.0,-19.0,-7.0,-19.0,-6.0,-19.0,-6.0,-19.0,-5.0,-18.0
-4.0,-14.0,-4.0,-13.0,-5.0,-13.0,-4.0,-14.0,-4.0,-13.0,-4.0,-12.0,-5.0,-11.0,-6.0,-11.0,-6.0,-10.0,-6.0,-10.0,-7.0,-11.0,-8.0,-11.0,-8.0,-10.0,-7.0,-10.0,-7.0,-9.0,-9.0,-9.0,-9.0,-8.0,-9.0,-7.0,-9.0,-6.0,-10.0,-6.0,-10.0,-7.0,-11.0,-7.0,-11.0,-6.0,-12.0,-5.0,-14.0,-6.0,-15.0,-6.0,-17.0,-4.0,-17.0,-5.0,-18.0,-5.0,-18.0,-4.0,-17.0,-5.0,-18.0,-4.0,-19.0,-4.0,-19.0,-4.0,-20.0,-4.0,-21.0,-4.0,-21.0,-5.0,-20.0,-6.0,-21.0,-5.0,-22.0,-5.0,-22.0,-5.0,-23.0,-5.0,-24.0,-5.0,-23.0,-6.0,-23.0,-6.0,-22.0,-6.0,-22.0,-7.0,-22.0,-7.0,-21.0,-8.0,-20.0,-9.0,-19.0,-10.0,-19.0,-11.0
-1.0,-14.0,-2.0,-14.0,-3.0,-15.0,-2.0,-15.0,-2.0,-14.0,-2.0,-13.0,-3.0,-12.0,-4.0,-12.0,-4.0,-12.0,-4.0,-12.0,-5.0,-13.0,-6.0,-13.0,-6.0,-12.0,-5.0,-12.0,-6.0,-11.0,-8.0,-11.0,-9.0,-10.0,-8.0,-9.0,-9.0,-8.0,-9.0,-9.0,-10.0,-9.0,-10.0,-9.0,-11.0,-8.0,-12.0,-8.0,-14.0,-9.0,-15.0,-9.0,-17.0,-7.0,-18.0,-8.0,-19.0,-8.0,-19.0,-8.0,-18.0,-8.0,-18.0,-7.0,-20.0,-7.0,-20.0,-7.0,-21.0,-7.0,-22.0,-7.0,-22.0,-8.0,-21.0,-9.0,-21.0,-9.0,-22.0,-9.0,-24.0,-8.0,-25.0,-8.0,-25.0,-9.0,-24.0,-9.0,-23.0,-9.0,-23.0,-10.0,-23.0,-10.0,-23.0,-11.0,-22.0,-12.0,-21.0,-13.0,-20.0,-14.0,-19.0,-14.0
8.0,-11.0,7.0,-11.0,7.0,-12.0,8.0,-12.0,7.0,-11.0,6.0,-10.0,5.0,-10.0,5.0,-10.0,4.0,-10.0,4.0,-11.0,4.0,-12.0,4.0,-12.0,3.0,-12.0,3.0,-11.0,3.0,-11.0,1.0,-12.0,0.0,-12.0,-1.0,-11.0,-1.0,-11.0,-1.0,-11.0,-1.0,-12.0,-2.0,-12.0,-3.0,-12.0,-4.0,-12.0,-5.0,-14.0,-5.0,-15.0,-8.0,-15.0,-8.0,-16.0,-8.0,-17.0,-8.0,-17.0,-8.0,-16.0,-8.0,-16.0,-9.0,-17.0,-10.0,-17.0,-10.0,-18.0,-11.0,-18.0,-11.0,-19.0,-9.0,-19.0,-9.0,-19.0,-10.0,-19.0,-11.0,-20.0,-12.0,-20.0,-12.0,-21.0,-11.0,-21.0,-11.0,-20.0,-11.0,-21.0,-10.0,-21.0,-9.0,-21.0,-8.0,-21.0,-7.0,-22.0,-5.0,-21.0,-5.0,-20.0
-3.0,11.0,-2.0,11.0,-2.0,11.0,-3.0,12.0,-3.0,11.0,-2.0,10.0,-1.0,10.0,-1.0,9.0,-1.0,9.0,0.0,10.0,0.0,10.0,1.0,10.0,1.0,10.0,1.0,9.0,1.0,9.0,3.0,9.0,4.0,9.0,3.0,8.0,3.0,8.0,4.0,8.0,4.0,8.0,5.0,9.0,5.0,8.0,6.0,8.0,8.0,9.0,8.0,9.0,10.0,9.0,10.0,10.0,11.0,10.0,11.0,10.0,10.0,10.0,11.0,10.0,12.0,10.0,12.0,10.0,13.0,11.0,14.0,11.0,14.0,11.0,13.0,11.0,12.0,11.0,13.0,12.0,14.0,12.0,15.0,13.0,15.0,13.0,14.0,13.0,14.0,13.0,13.0,14.0,13.0,14.0,12.0,14.0,12.0,15.0,11.0,15.0,10.0,15.0,9.0,15.0
9.0,9.0,10.0,8.0,10.0,8.0,10.0,9.0,9.0,8.0,9.0,8.0,9.0,7.0,9.0,6.0,9.0,6.0,9.0,6.0,10.0,6.0,11.0,5.0,10.0,4.0,10.0,4.0,10.0,4.0,10.0,2.0,10.0,2.0,10.0,1.0,10.0,0.0,10.0,0.0,11.0,0.0,11.0,0.0,11.0,-1.0,12.0,-2.0,13.0,-3.0,14.0,-3.0,15.0,-5.0,16.0,-5.0,17.0,-6.0,16.0,-5.0,16.0,-5.0,16.0,-6.0,17.0,-7.0,17.0,-7.0,18.0,-7.0,18.0,-7.0,19.0,-7.0,19.0,-6.0,19.0,-6.0,20.0,-7.0,20.0,-7.0,21.0,-8.0,21.0,-7.0,21.0,-6.0,21.0,-6.0,21.0,-5.0,21.0,-5.0,21.0,-5.0,22.0,-4.0,21.0,-3.0,20.0,-1.0,20.0,0.0
-4.0,-15.0,-5.0,-14.0,-5.0,-14.0,-5.0,-15.0,-4.0,-14.0,-4.0,-13.0,-5.0,-12.0,-5.0,-12.0,-6.0,-12.0,-6.0,-12.0,-7.0,-12.0,-8.0,-12.0,-8.0,-11.0,-7.0,-11.0,-7.0,-10.0,-9.0,-9.0,-10.0,-8.0,-9.0,-8.0,-10.0,-7.0,-10.0,-7.0,-11.0,-7.0,-11.0,-7.0,-11.0,-6.0,-13.0,-5.0,-15.0,-6.0,-16.0,-6.0,-17.0,-4.0,-18.0,-5.0,-19.0,-4.0,-19.0,-4.0,-18.0,-4.0,-19.0,-4.0,-20.0,-3.0,-21.0,-3.0,-22.0,-3.0,-22.0,-3.0,-22.0,-4.0,-22.0,-5.0,-22.0,-4.0,-23.0,-4.0,-24.0,-4.0,-25.0,-4.0,-26.0,-4.0,-25.0,-5.0,-24.0,-5.0,-24.0,-5.0,-24.0,-6.0,-24.0,-6.0,-24.0,-7.0,-23.0,-8.0,-22.0,-10.0,-21.0,-10.0
2.0,13.0,3.0,12.0,4.0,13.0,3.0,13.0,2.0,12.0,2.0,11.0,3.0,11.0,3.0,10.0,4.0,10.0,4.0,10.0,4.0,11.0,5.0,10.0,5.0,10.0,5.0,9.0,5.0,9.0,7.0,8.0,7.0,7.0,7.0,7.0,7.0,6.0,7.0,6.0,8.0,7.0,8.0,7.0,9.0,6.0,10.0,5.0,12.0,6.0,13.0,6.0,14.0,4.0,15.0,5.0,16.0,5.0,16.0,4.0,15.0,5.0,16.0,5.0,17.0,4.0,17.0,4.0,18.0,4.0,19.0,4.0,19.0,5.0,18.0,6.0,18.0,5.0,19.0,6.0,20.0,6.0,21.0,6.0,22.0,6.0,21.0,7.0,20.0,7.0,20.0,8.0,20.0,8.0,20.0,9.0,19.0,9.0,19.0,10.0,17.0,11.0,16.0,11.0
-14.0,5.0,-13.0,6.0,-14.0,7.0,-14.0,6.0,-13.0,5.0,-12.0,5.0,-12.0,5.0,-11.0,6.0,-11.0,6.0,-11.0,6.0,-11.0,7.0,-11.0,8.0,-10.0,8.0,-10.0,8.0,-9.0,8.0,-8.0,9.0,-7.0,9.0,-6.0,9.0,-6.0,9.0,-6.0,10.0,-6.0,10.0,-6.0,11.0,-4.0,11.0,-3.0,12.0,-3.0,14.0,-3.0,15.0,-1.0,16.0,-2.0,17.0,-2.0,18.0,-1.0,18.0,-2.0,18.0,-1.0,19.0,-1.0,19.0,-1.0,19.0,0.0,20.0,1.0,21.0,0.0,21.0,-1.0,21.0,-2.0,21.0,-1.0,22.0,0.0,23.0,0.0,24.0,0.0,25.0,-1.0,24.0,-1.0,24.0,-1.0,23.0,-2.0,24.0,-3.0,24.0,-4.0,24.0,-5.0,23.0,-6.0,22.0,-7.0,21.0
1.0,-14.0,0.0,-14.0,-1.0,-14.0,0.0,-15.0,1.0,-14.0,0.0,-13.0,-1.0,-12.0,-2.0,-12.0,-2.0,-12.0,-2.0,-12.0,-2.0,-13.0,-3.0,-13.0,-3.0,-12.0,-3.0,-11.0,-3.0,-11.0,-5.0,-11.0,-6.0,-10.0,-6.0,-9.0,-6.0,-9.0,-6.0,-9.0,-7.0,-9.0,-8.0,-9.0,-8.0,-8.0,-9.0,-8.0,-11.0,-9.0,-12.0,-10.0,-14.0,-8.0,-14.0,-9.0,-15.0,-9.0,-15.0,-9.0,-15.0,-8.0,-16.0,-8.0,-17.0,-8.0,-17.0,-8.0,-18.0,-8.0,-19.0,-9.0,-18.0,-10.0,-18.0,-10.0,-18.0,-10.0,-19.0,-10.0,-20.0,-10.0,-21.0,-10.0,-21.0,-10.0,-21.0,-11.0,-20.0,-11.0,-20.0,-11.0,-20.0,-12.0,-20.0,-12.0,-19.0,-13.0,-18.0,-14.0,-16.0,-15.0,-15.0,-15.0
2.0,-12.0,1.0,-12.0,1.0,-12.0,2.0,-13.0,2.0,-12.0,1.0,-11.0,0.0,-11.0,0.0,-10.0,0.0,-10.0,0.0,-10.0,-1.0,-11.0,-2.0,-11.0,-2.0,-11.0,-1.0,-10.0,-2.0,-10.0,-3.0,-10.0,-4.0,-10.0,-4.0,-9.0,-4.0,-8.0,-4.0,-9.0,-5.0,-9.0,-5.0,-9.0,-6.0,-8.0,-8.0,-8.0,-9.0,-9.0,-10.0,-10.0,-11.0,-9.0,-11.0,-10.0,-12.0,-10.0,-12.0,-9.0,-12.0,-9.0,-13.0,-9.0,-13.0,-9.0,-14.0,-10.0,-14.0,-10.0,-15.0,-10.0,-15.0,-10.0,-14.0,-11.0,-14.0,-11.0,-15.0,-11.0,-16.0,-11.0,-17.0,-12.0,-17.0,-12.0,-17.0,-12.0,-16.0,-12.0,-16.0,-13.0,-16.0,-13.0,-15.0,-13.0,-14.0,-14.0,-14.0,-15.0,-13.0,-15.0,-12.0,-15.0
-14.0,2.0,-14.0,3.0,-14.0,3.0,-15.0,3.0,-14.0,2.0,-13.0,2.0,-12.0,3.0,-12.0,3.0,-11.0,4.0,-12.0,4.0,-12.0,5.0,-12.0,5.0,-12.0,6.0,-11.0,5.0,-10.0,6.0,-9.0,7.0,-8.0,7.0,-8.0,7.0,-7.0,8.0,-7.0,8.0,-8.0,9.0,-7.0,10.0,-6.0,10.0,-5.0,11.0,-6.0,13.0,-6.0,14.0,-4.0,16.0,-5.0,17.0,-4.0,18.0,-4.0,17.0,-4.0,17.0,-4.0,18.0,-3.0,19.0,-3.0,19.0,-3.0,20.0,-2.0,20.0,-3.0,21.0,-4.0,20.0,-4.0,21.0,-4.0,22.0,-3.0,23.0,-3.0,24.0,-3.0,25.0,-4.0,24.0,-4.0,23.0,-4.0,23.0,-5.0,23.0,-6.0,23.0,-7.0,23.0,-8.0,23.0,-9.0,21.0,-9.0,20.0
13.0,1.0,13.0,0.0,14.0,-1.0,14.0,0.0,13.0,1.0,12.0,0.0,11.0,-1.0,11.0,-1.0,11.0,-1.0,11.0,-2.0,12.0,-2.0,12.0,-3.0,11.0,-4.0,11.0,-3.0,10.0,-4.0,10.0,-6.0,9.0,-6.0,8.0,-6.0,8.0,-7.0,8.0,-7.0,9.0,-8.0,9.0,-8.0,8.0,-9.0,8.0,-10.0,9.0,-12.0,9.0,-12.0,8.0,-15.0,9.0,-15.0,9.0,-16.0,9.0,-16.0,9.0,-16.0,9.0,-17.0,8.0,-18.0,9.0,-18.0,9.0,-19.0,9.0,-19.0,10.0,-19.0,10.0,-19.0,10.0,-19.0,10.0,-20.0,10.0,-21.0,11.0,-22.0,11.0,-23.0,11.0,-21.0,11.0,-21.0,12.0,-20.0,13.0,-20.0,14.0,-20.0,15.0,-20.0,16.0,-19.0,16.0,-16.0,16.0,-15.0
-9.0,10.0,-8.0,11.0,-8.0,11.0,-9.0,11.0,-9.0,10.0,-8.0,9.0,-7.0,9.0,-6.0,9.0,-6.0,9.0,-6.0,10.0,-6.0,11.0,-5.0,11.0,-5.0,11.0,-5.0,10.0,-4.0,10.0,-2.0,11.0,-1.0,10.0,-1.0,10.0,0.0,10.0,-1.0,10.0,-1.0,11.0,0.0,11.0,1.0,11.0,3.0,11.0,4.0,13.0,4.0,14.0,7.0,14.0,6.0,15.0,7.0,16.0,7.0,16.0,6.0,15.0,7.0,16.0,8.0,16.0,8.0,17.0,9.0,17.0,10.0,18.0,10.0,18.0,8.0,18.0,8.0,19.0,9.0,19.0,10.0,20.0,11.0,21.0,11.0,21.0,10.0,21.0,10.0,21.0,9.0,21.0,8.0,22.0,8.0,22.0,7.0,22.0,6.0,22.0,4.0,22.0,3.0,21.0
-13.0,-4.0,-13.0,-3.0,-14.0,-2.0,-14.0,-3.0,-13.0,-3.0,-13.0,-3.0,-12.0,-2.0,-12.0,-1.0,-11.0,-1.0,-12.0,-1.0,-13.0,0.0,-13.0,1.0,-12.0,1.0,-12.0,1.0,-11.0,2.0,-11.0,3.0,-10.0,4.0,-10.0,4.0,-10.0,5.0,-10.0,5.0,-10.0,6.0,-10.0,7.0,-10.0,7.0,-10.0,9.0,-10.0,10.0,-11.0,11.0,-10.0,13.0,-11.0,14.0,-11.0,15.0,-10.0,15.0,-11.0,14.0,-11.0,15.0,-10.0,16.0,-11.0,16.0,-10.0,17.0,-10.0,18.0,-11.0,18.0,-12.0,17.0,-12.0,17.0,-12.0,18.0,-12.0,19.0,-12.0,20.0,-13.0,21.0,-13.0,20.0,-12.0,19.0,-13.0,19.0,-14.0,19.0,-15.0,19.0,-16.0,18.0,-17.0,17.0,-17.0,15.0,-16.0,14.0
-8.0,-12.0,-8.0,-11.0,-9.0,-11.0,-8.0,-12.0,-8.0,-11.0,-8.0,-10.0,-8.0,-10.0,-8.0,-9.0,-8.0,-8.0,-9.0,-8.0,-10.0,-9.0,-10.0,-8.0,-10.0,-7.0,-10.0,-7.0,-10.0,-7.0,-11.0,-5.0,-11.0,-4.0,-10.0,-4.0,-10.0,-3.0,-11.0,-3.0,-12.0,-3.0,-12.0,-2.0,-12.0,-1.0,-13.0,0.0,-15.0,0.0,-15.0,0.0,-16.0,2.0,-17.0,2.0,-18.0,3.0,-18.0,3.0,-18.0,3.0,-18.0,4.0,-18.0,5.0,-19.0,5.0,-20.0,5.0,-20.0,5.0,-21.0,5.0,-21.0,4.0,-21.0,4.0,-22.0,5.0,-22.0,5.0,-23.0,6.0,-24.0,6.0,-23.0,5.0,-23.0,5.0,-23.0,4.0,-23.0,4.0,-23.0,3.0,-23.0,3.0,-23.0,1.0,-23.0,0.0,-22.0,-1.0
-2.0,-15.0,-3.0,-15.0,-3.0,-15.0,-3.0,-16.0,-2.0,-15.0,-2.0,-14.0,-4.0,-13.0,-4.0,-13.0,-4.0,-12.0,-5.0,-12.0,-6.0,-13.0,-6.0,-13.0,-6.0,-12.0,-6.0,-11.0,-6.0,-11.0,-8.0,-10.0,-9.0,-9.0,-9.0,-9.0,-9.0,-8.0,-10.0,-8.0,-11.0,-9.0,-11.0,-8.0,-12.0,-8.0,-13.0,-7.0,-15.0,-7.0,-16.0,-8.0,-18.0,-6.0,-19.0,-6.0,-20.0,-6.0,-20.0,-6.0,-19.0,-6.0,-20.0,-6.0,-21.0,-5.0,-21.0,-5.0,-22.0,-5.0,-23.0,-5.0,-24.0,-6.0,-23.0,-7.0,-23.0,-7.0,-24.0,-6.0,-25.0,-6.0,-26.0,-6.0,-27.0,-6.0,-26.0,-7.0,-25.0,-7.0,-25.0,-7.0,-25.0,-8.0,-25.0,-8.0,-24.0,-9.0,-24.0,-11.0,-22.0,-12.0,-21.0,-12.0
0.0,13.0,1.0,12.0,1.0,13.0,0.0,13.0,0.0,12.0,0.0,11.0,1.0,11.0,2.0,10.0,2.0,10.0,2.0,10.0,3.0,11.0,4.0,11.0,4.0,10.0,4.0,10.0,4.0,9.0,6.0,9.0,7.0,8.0,6.0,7.0,7.0,7.0,7.0,7.0,8.0,7.0,8.0,7.0,9.0,7.0,10.0,6.0,12.0,7.0,13.0,7.0,15.0,5.0,15.0,6.0,16.0,6.0,16.0,5.0,15.0,6.0,16.0,5.0,17.0,5.0,18.0,5.0,19.0,5.0,20.0,5.0,20.0,6.0,19.0,6.0,19.0,6.0,20.0,6.0,21.0,6.0,22.0,6.0,22.0,6.0,21.0,7.0,21.0,7.0,21.0,8.0,21.0,8.0,21.0,8.0,20.0,9.0,19.0,10.0,18.0,11.0,17.0,11.0
-13.0,-8.0,-14.0,-7.0,-14.0,-6.0,-14.0,-7.0,-13.0,-7.0,-12.0,-6.0,-12.0,-5.0,-12.0,-5.0,-12.0,-4.0,-13.0,-4.0,-13.0,-4.0,-14.0,-3.0,-14.0,-2.0,-13.0,-2.0,-13.0,-2.0,-13.0,0.0,-13.0,1.0,-12.0,1.0,-12.0,2.0,-12.0,2.0,-13.0,2.0,-14.0,3.0,-13.0,4.0,-14.0,6.0,-15.0,7.0,-16.0,7.0,-16.0,10.0,-17.0,10.0,-18.0,11.0,-17.0,11.0,-17.0,10.0,-17.0,11.0,-17.0,12.0,-18.0,12.0,-18.0,13.0,-18.0,14.0,-19.0,13.0,-20.0,12.0,-20.0,13.0,-21.0,13.0,-21.0,14.0,-21.0,15.0,-22.0,16.0,-21.0,14.0,-21.0,13.0,-21.0,13.0,-22.0,13.0,-23.0,12.0,-23.0,11.0,-23.0,10.0,-23.0,8.0,-22.0,7.0
-2.0,13.0,-1.0,12.0,-1.0,13.0,-2.0,13.0,-2.0,12.0,-1.0,11.0,0.0,11.0,0.0,11.0,1.0,10.0,1.0,10.0,1.0,11.0,2.0,11.0,2.0,11.0,2.0,10.0,2.0,10.0,4.0,9.0,5.0,9.0,5.0,8.0,5.0,8.0,5.0,8.0,6.0,9.0,7.0,9.0,7.0,8.0,8.0,8.0,10.0,9.0,11.0,9.0,13.0,8.0,14.0,9.0,14.0,9.0,14.0,9.0,13.0,9.0,14.0,9.0,15.0,9.0,16.0,9.0,17.0,9.0,18.0,9.0,17.0,10.0,16.0,10.0,16.0,10.0,17.0,11.0,18.0,11.0,19.0,11.0,19.0,12.0,19.0,12.0,18.0,12.0,18.0,13.0,18.0,13.0,17.0,13.0,16.0,14.0,16.0,14.0,14.0,15.0,13.0,15.0
9.0,-9.0,8.0,-10.0,8.0,-10.0,9.0,-10.0,9.0,-9.0,8.0,-9.0,7.0,-9.0,6.0,-9.0,6.0,-9.0,6.0,-9.0,6.0,-10.0,5.0,-11.0,5.0,-11.0,5.0,-10.0,4.0,-10.0,3.0,-11.0,1.0,-11.0,1.0,-11.0,1.0,-11.0,1.0,-11.0,1.0,-12.0,0.0,-12.0,-1.0,-12.0,-2.0,-13.0,-3.0,-15.0,-3.0,-16.0,-5.0,-16.0,-5.0,-17.0,-5.0,-18.0,-6.0,-17.0,-5.0,-17.0,-6.0,-18.0,-6.0,-18.0,-6.0,-18.0,-7.0,-19.0,-8.0,-19.0,-7.0,-20.0,-6.0,-20.0,-6.0,-20.0,-7.0,-21.0,-8.0,-22.0,-8.0,-22.0,-8.0,-23.0,-7.0,-22.0,-7.0,-22.0,-7.0,-22.0,-6.0,-22.0,-5.0,-22.0,-4.0,-23.0,-3.0,-22.0,-2.0,-22.0,-1.0,-21.0
7.0,-11.0,6.0,-11.0,6.0,-12.0,7.0,-12.0,7.0,-11.0,6.0,-10.0,5.0,-10.0,4.0,-10.0,4.0,-10.0,4.0,-10.0,4.0,-11.0,3.0,-12.0,3.0,-12.0,3.0,-11.0,2.0,-11.0,0.0,-11.0,-1.0,-11.0,-1.0,-11.0,-2.0,-11.0,-1.0,-11.0,-1.0,-12.0,-2.0,-12.0,-3.0,-12.0,-4.0,-12.0,-5.0,-14.0,-5.0,-15.0,-8.0,-14.0,-8.0,-16.0,-9.0,-16.0,-9.0,-16.0,-8.0,-16.0,-9.0,-16.0,-10.0,-16.0,-10.0,-17.0,-11.0,-17.0,-12.0,-18.0,-11.0,-18.0,-9.0,-19.0,-9.0,-19.0,-11.0,-19.0,-12.0,-20.0,-13.0,-20.0,-12.0,-21.0,-12.0,-21.0,-11.0,-21.0,-11.0,-21.0,-10.0,-21.0,-9.0,-21.0,-8.0,-21.0,-7.0,-22.0,-6.0,-21.0,-5.0,-21.0
-11.0,7.0,-10.0,7.0,-10.0,8.0,-11.0,8.0,-10.0,7.0,-9.0,6.0,-8.0,7.0,-8.0,7.0,-8.0,7.0,-8.0,8.0,-8.0,9.0,-7.0,9.0,-7.0,9.0,-7.0,8.0,-6.0,8.0,-4.0,9.0,-3.0,10.0,-3.0,9.0,-2.0,10.0,-3.0,10.0,-3.0,11.0,-2.0,11.0,-1.0,11.0,0.0,12.0,0.0,13.0,1.0,14.0,3.0,15.0,3.0,16.0,3.0,17.0,3.0,16.0,3.0,16.0,3.0,17.0,4.0,17.0,4.0,18.0,5.0,18.0,6.0,19.0,6.0,19.0,4.0,19.0,4.0,19.0,5.0,20.0,6.0,21.0,6.0,22.0,6.0,22.0,5.0,22.0,5.0,21.0,5.0,21.0,4.0,22.0,3.0,22.0,2.0,22.0,1.0,22.0,0.0,21.0,-1.0,20.0
12.0,1.0,12.0,0.0,12.0,-1.0,13.0,0.0,11.0,0.0,11.0,0.0,10.0,-1.0,10.0,-1.0,10.0,-2.0,10.0,-2.0,11.0,-2.0,11.0,-3.0,10.0,-4.0,10.0,-3.0,9.0,-4.0,8.0,-5.0,8.0,-6.0,8.0,-6.0,7.0,-7.0,7.0,-7.0,8.0,-8.0,8.0,-8.0,7.0,-8.0,7.0,-10.0,8.0,-11.0,8.0,-12.0,7.0,-14.0,8.0,-15.0,8.0,-16.0,7.0,-15.0,7.0,-15.0,7.0,-16.0,7.0,-17.0,7.0,-17.0,7.0,-18.0,7.0,-19.0,8.0,-19.0,9.0,-18.0,9.0,-19.0,9.0,-19.0,9.0,-20.0,9.0,-21.0,9.0,-22.0,10.0,-21.0,10.0,-20.0,10.0,-20.0,11.0,-20.0,11.0,-20.0,12.0,-20.0,13.0,-19.0,14.0,-17.0,14.0,-16.0
-3.0,-14.0,-4.0,-14.0,-4.0,-14.0,-4.0,-15.0,-3.0,-14.0,-3.0,-12.0,-4.0,-12.0,-5.0,-11.0,-5.0,-11.0,-5.0,-11.0,-6.0,-11.0,-7.0,-11.0,-7.0,-10.0,-7.0,-10.0,-7.0,-9.0,-9.0,-9.0,-10.0,-8.0,-9.0,-7.0,-9.0,-6.0,-10.0,-7.0,-10.0,-7.0,-11.0,-7.0,-11.0,-6.0,-13.0,-5.0,-15.0,-5.0,-16.0,-6.0,-18.0,-3.0,-18.0,-4.0,-19.0,-4.0,-19.0,-4.0,-18.0,-4.0,-20.0,-4.0,-20.0,-3.0,-21.0,-3.0,-22.0,-3.0,-23.0,-2.0,-23.0,-3.0,-22.0,-4.0,-23.0,-4.0,-24.0,-4.0,-25.0,-3.0,-27.0,-3.0,-27.0,-4.0,-27.0,-5.0,-26.0,-5.0,-26.0,-5.0,-26.0,-6.0,-26.0,-7.0,-25.0,-8.0,-25.0,-9.0,-23.0,-10.0,-22.0,-11.0
-2.0,11.0,-1.0,11.0,-1.0,12.0,-2.0,12.0,-2.0,11.0,-1.0,10.0,0.0,10.0,1.0,9.0,1.0,9.0,1.0,9.0,1.0,10.0,2.0,10.0,2.0,9.0,2.0,9.0,3.0,8.0,5.0,8.0,5.0,7.0,5.0,7.0,5.0,6.0,6.0,7.0,6.0,7.0,7.0,7.0,7.0,6.0,9.0,6.0,10.0,7.0,11.0,7.0,14.0,5.0,14.0,6.0,15.0,6.0,15.0,5.0,14.0,6.0,15.0,5.0,16.0,5.0,17.0,5.0,18.0,5.0,19.0,5.0,19.0,6.0,18.0,7.0,18.0,6.0,19.0,6.0,21.0,6.0,22.0,6.0,22.0,6.0,22.0,7.0,21.0,7.0,21.0,7.0,21.0,8.0,21.0,8.0,20.0,9.0,20.0,11.0,18.0,12.0,17.0,12.0
8.0,-8.0,8.0,-8.0,8.0,-9.0,9.0,-9.0,8.0,-8.0,7.0,-8.0,6.0,-8.0,5.0,-8.0,5.0,-8.0,5.0,-8.0,5.0,-9.0,4.0,-10.0,4.0,-10.0,4.0,-9.0,3.0,-9.0,2.0,-10.0,1.0,-10.0,0.0,-10.0,0.0,-10.0,0.0,-10.0,0.0,-11.0,0.0,-11.0,-1.0,-11.0,-3.0,-12.0,-4.0,-13.0,-4.0,-14.0,-6.0,-14.0,-6.0,-16.0,-7.0,-16.0,-7.0,-16.0,-6.0,-16.0,-7.0,-16.0,-7.0,-17.0,-8.0,-17.0,-9.0,-18.0,-10.0,-18.0,-10.0,-19.0,-8.0,-19.0,-8.0,-19.0,-9.0,-20.0,-10.0,-21.0,-11.0,-22.0,-11.0,-22.0,-10.0,-22.0,-9.0,-22.0,-9.0,-22.0,-8.0,-23.0,-7.0,-23.0,-6.0,-23.0,-5.0,-23.0,-4.0,-23.0,-3.0,-22.0
-5.0,10.0,-4.0,10.0,-4.0,11.0,-5.0,11.0,-5.0,10.0,-4.0,9.0,-3.0,9.0,-2.0,9.0,-2.0,9.0,-2.0,9.0,-1.0,10.0,0.0,10.0,0.0,9.0,0.0,9.0,1.0,9.0,2.0,9.0,3.0,8.0,3.0,8.0,4.0,7.0,4.0,7.0,4.0,8.0,5.0,8.0,6.0,8.0,7.0,7.0,9.0,8.0,10.0,9.0,12.0,8.0,13.0,8.0,14.0,8.0,13.0,8.0,13.0,8.0,14.0,8.0,15.0,8.0,15.0,8.0,17.0,8.0,18.0,8.0,18.0,9.0,17.0,9.0,17.0,9.0,18.0,9.0,20.0,10.0,21.0,10.0,21.0,10.0,20.0,11.0,20.0,11.0,20.0,11.0,20.0,12.0,19.0,12.0,19.0,13.0,18.0,14.0,16.0,14.0,15.0,14.0
-12.0,5.0,-12.0,6.0,-12.0,7.0,-13.0,6.0,-12.0,6.0,-11.0,5.0,-10.0,6.0,-9.0,6.0,-9.0,6.0,-9.0,7.0,-9.0,8.0,-8.0,9.0,-8.0,9.0,-8.0,8.0,-7.0,8.0,-5.0,9.0,-4.0,9.0,-3.0,9.0,-3.0,10.0,-3.0,10.0,-4.0,11.0,-3.0,11.0,-1.0,11.0,0.0,12.0,0.0,14.0,1.0,15.0,3.0,16.0,3.0,17.0,4.0,18.0,4.0,18.0,3.0,18.0,4.0,18.0,5.0,19.0,5.0,19.0,6.0,20.0,7.0,20.0,7.0,21.0,5.0,21.0,5.0,21.0,6.0,23.0,7.0,23.0,8.0,25.0,7.0,25.0,6.0,25.0,6.0,24.0,6.0,24.0,5.0,25.0,4.0,25.0,3.0,26.0,2.0,25.0,1.0,24.0,0.0,23.0
-10.0,-9.0,-10.0,-8.0,-11.0,-8.0,-11.0,-9.0,-10.0,-8.0,-9.0,-7.0,-9.0,-7.0,-9.0,-6.0,-9.0,-5.0,-10.0,-5.0,-10.0,-5.0,-11.0,-5.0,-11.0,-4.0,-10.0,-4.0,-10.0,-3.0,-10.0,-2.0,-10.0,-1.0,-10.0,-1.0,-10.0,0.0,-10.0,1.0,-11.0,1.0,-11.0,1.0,-11.0,2.0,-11.0,4.0,-13.0,5.0,-13.0,5.0,-14.0,7.0,-15.0,8.0,-15.0,9.0,-15.0,8.0,-15.0,8.0,-15.0,9.0,-15.0,10.0,-15.0,10.0,-16.0,11.0,-16.0,11.0,-17.0,11.0,-18.0,10.0,-18.0,11.0,-18.0,11.0,-19.0,12.0,-19.0,13.0,-20.0,13.0,-20.0,12.0,-19.0,12.0,-19.0,11.0,-20.0,11.0,-20.0,11.0,-21.0,10.0,-21.0,9.0,-21.0,7.0,-20.0,6.0
-7.0,-10.0,-8.0,-10.0,-8.0,-10.0,-8.0,-11.0,-7.0,-10.0,-7.0,-9.0,-7.0,-8.0,-7.0,-8.0,-7.0,-7.0,-8.0,-7.0,-8.0,-7.0,-9.0,-7.0,-9.0,-7.0,-9.0,-6.0,-9.0,-6.0,-9.0,-5.0,-9.0,-4.0,-9.0,-3.0,-9.0,-3.0,-10.0,-3.0,-10.0,-3.0,-11.0,-2.0,-11.0,-2.0,-11.0,-1.0,-13.0,0.0,-13.0,0.0,-14.0,2.0,-15.0,2.0,-16.0,2.0,-16.0,2.0,-16.0,2.0,-16.0,2.0,-17.0,3.0,-17.0,3.0,-17.0,4.0,-18.0,5.0,-18.0,4.0,-19.0,3.0,-19.0,2.0,-20.0,3.0,-20.0,4.0,-21.0,4.0,-22.0,4.0,-21.0,3.0,-21.0,3.0,-21.0,3.0,-21.0,2.0,-21.0,1.0,-21.0,0.0,-21.0,-1.0,-20.0,-2.0,-19.0,-2.0
1.0,13.0,2.0,12.0,3.0,13.0,2.0,13.0,1.0,12.0,1.0,11.0,2.0,11.0,3.0,10.0,3.0,10.0,3.0,10.0,4.0,10.0,5.0,10.0,5.0,9.0,4.0,9.0,5.0,9.0,6.0,8.0,7.0,7.0,7.0,6.0,7.0,6.0,7.0,6.0,8.0,6.0,9.0,6.0,9.0,5.0,10.0,4.0,12.0,5.0,13.0,5.0,15.0,3.0,15.0,4.0,16.0,3.0,16.0,3.0,16.0,3.0,16.0,3.0,17.0,3.0,18.0,3.0,19.0,3.0,20.0,2.0,20.0,3.0,19.0,4.0,19.0,4.0,20.0,3.0,21.0,3.0,22.0,3.0,23.0,4.0,22.0,4.0,22.0,4.0,21.0,5.0,21.0,5.0,21.0,6.0,21.0,7.0,20.0,8.0,19.0,9.0,18.0,9.0
-3.0,-15.0,-4.0,-15.0,-4.0,-15.0,-4.0,-16.0,-3.0,-15.0,-3.0,-14.0,-4.0,-13.0,-5.0,-12.0,-5.0,-12.0,-5.0,-12.0,-6.0,-13.0,-7.0,-13.0,-7.0,-12.0,-6.0,-11.0,-7.0,-11.0,-9.0,-10.0,-9.0,-9.0,-9.0,-8.0,-9.0,-7.0,-10.0,-8.0,-10.0,-8.0,-11.0,-8.0,-11.0,-7.0,-13.0,-7.0,-15.0,-7.0,-16.0,-7.0,-18.0,-5.0,-19.0,-6.0,-20.0,-6.0,-19.0,-6.0,-19.0,-6.0,-20.0,-6.0,-21.0,-5.0,-21.0,-5.0,-22.0,-5.0,-23.0,-5.0,-23.0,-6.0,-22.0,-7.0,-22.0,-7.0,-23.0,-7.0,-25.0,-7.0,-26.0,-6.0,-26.0,-7.0,-25.0,-8.0,-24.0,-8.0,-24.0,-8.0,-24.0,-9.0,-24.0,-9.0,-24.0,-10.0,-23.0,-12.0,-21.0,-13.0,-20.0,-13.0
-13.0,4.0,-12.0,5.0,-13.0,6.0,-13.0,5.0,-12.0,4.0,-11.0,4.0,-11.0,5.0,-10.0,5.0,-10.0,5.0,-10.0,5.0,-10.0,6.0,-10.0,7.0,-9.0,7.0,-9.0,6.0,-8.0,7.0,-7.0,8.0,-6.0,8.0,-6.0,8.0,-5.0,8.0,-6.0,9.0,-6.0,10.0,-5.0,10.0,-4.0,10.0,-4.0,11.0,-4.0,13.0,-4.0,14.0,-2.0,15.0,-3.0,16.0,-2.0,17.0,-2.0,17.0,-2.0,17.0,-2.0,17.0,-1.0,18.0,-1.0,18.0,-1.0,19.0,-1.0,20.0,-2.0,20.0,-3.0,19.0,-3.0,19.0,-2.0,20.0,-2.0,21.0,-1.0,22.0,-2.0,23.0,-2.0,22.0,-2.0,22.0,-3.0,21.0,-3.0,21.0,-4.0,21.0,-6.0,21.0,-7.0,21.0,-7.0,19.0,-8.0,19.0
3.0,-14.0,3.0,-14.0,3.0,-15.0,4.0,-15.0,4.0,-14.0,3.0,-13.0,2.0,-13.0,1.0,-12.0,1.0,-12.0,0.0,-12.0,0.0,-13.0,-1.0,-13.0,-2.0,-13.0,-1.0,-12.0,-2.0,-12.0,-4.0,-12.0,-5.0,-11.0,-5.0,-11.0,-5.0,-11.0,-5.0,-11.0,-6.0,-11.0,-7.0,-11.0,-8.0,-11.0,-9.0,-11.0,-11.0,-12.0,-12.0,-13.0,-14.0,-12.0,-15.0,-13.0,-16.0,-14.0,-15.0,-13.0,-14.0,-13.0,-15.0,-13.0,-16.0,-13.0,-16.0,-14.0,-18.0,-14.0,-19.0,-14.0,-18.0,-15.0,-17.0,-15.0,-17.0,-15.0,-18.0,-16.0,-19.0,-16.0,-21.0,-17.0,-21.0,-17.0,-20.0,-17.0,-19.0,-17.0,-19.0,-17.0,-18.0,-18.0,-18.0,-19.0,-17.0,-19.0,-16.0,-20.0,-14.0,-19.0,-14.0,-19.0
12.0,-1.0,12.0,-2.0,12.0,-3.0,13.0,-2.0,11.0,-1.0,10.0,-2.0,10.0,-2.0,9.0,-3.0,9.0,-3.0,9.0,-4.0,10.0,-4.0,9.0,-5.0,9.0,-5.0,9.0,-5.0,8.0,-6.0,7.0,-7.0,6.0,-7.0,6.0,-7.0,5.0,-8.0,5.0,-9.0,6.0,-9.0,6.0,-10.0,5.0,-10.0,5.0,-11.0,5.0,-13.0,5.0,-14.0,3.0,-16.0,4.0,-17.0,4.0,-17.0,4.0,-17.0,4.0,-16.0,3.0,-17.0,3.0,-18.0,3.0,-19.0,3.0,-19.0,3.0,-20.0,4.0,-20.0,5.0,-20.0,5.0,-20.0,4.0,-21.0,4.0,-21.0,3.0,-22.0,4.0,-23.0,4.0,-22.0,4.0,-21.0,5.0,-21.0,5.0,-22.0,6.0,-22.0,7.0,-22.0,8.0,-21.0,9.0,-19.0,9.0,-18.0
-14.0,3.0,-13.0,4.0,-13.0,4.0,-14.0,4.0,-13.0,3.0,-12.0,3.0,-11.0,4.0,-10.0,4.0,-10.0,4.0,-10.0,5.0,-10.0,5.0,-10.0,6.0,-10.0,6.0,-9.0,6.0,-8.0,7.0,-7.0,8.0,-6.0,8.0,-6.0,8.0,-5.0,9.0,-6.0,9.0,-6.0,10.0,-5.0,11.0,-4.0,11.0,-4.0,12.0,-4.0,14.0,-4.0,15.0,-2.0,17.0,-3.0,18.0,-3.0,19.0,-3.0,18.0,-3.0,18.0,-3.0,19.0,-2.0,20.0,-2.0,20.0,-1.0,20.0,-1.0,21.0,-2.0,22.0,-4.0,21.0,-4.0,21.0,-3.0,22.0,-3.0,23.0,-2.0,24.0,-3.0,25.0,-3.0,24.0,-3.0,24.0,-3.0,24.0,-4.0,24.0,-5.0,24.0,-7.0,23.0,-8.0,23.0,-9.0,21.0,-9.0,20.0
0.0,10.0,1.0,10.0,1.0,11.0,1.0,11.0,0.0,10.0,1.0,9.0,1.0,8.0,2.0,8.0,2.0,7.0,2.0,8.0,3.0,8.0,4.0,8.0,4.0,7.0,3.0,7.0,4.0,6.0,6.0,6.0,6.0,5.0,6.0,4.0,6.0,4.0,7.0,4.0,7.0,5.0,8.0,5.0,8.0,4.0,9.0,4.0,11.0,4.0,11.0,4.0,13.0,2.0,14.0,3.0,14.0,3.0,15.0,2.0,14.0,3.0,15.0,3.0,15.0,2.0,16.0,2.0,17.0,2.0,18.0,1.0,18.0,2.0,17.0,3.0,17.0,3.0,18.0,3.0,19.0,2.0,20.0,2.0,20.0,2.0,19.0,3.0,19.0,3.0,19.0,3.0,19.0,4.0,19.0,5.0,19.0,6.0,18.0,6.0,17.0,7.0,16.0,7.0
-12.0,6.0,-11.0,7.0,-11.0,7.0,-12.0,7.0,-11.0,6.0,-10.0,6.0,-9.0,6.0,-8.0,7.0,-8.0,7.0,-8.0,7.0,-8.0,8.0,-7.0,9.0,-7.0,9.0,-6.0,9.0,-5.0,8.0,-4.0,9.0,-3.0,9.0,-2.0,9.0,-1.0,10.0,-2.0,10.0,-2.0,11.0,-2.0,12.0,0.0,11.0,1.0,12.0,1.0,14.0,2.0,15.0,4.0,16.0,4.0,17.0,4.0,18.0,5.0,17.0,4.0,17.0,5.0,18.0,5.0,18.0,5.0,18.0,6.0,19.0,7.0,19.0,7.0,20.0,5.0,20.0,5.0,20.0,6.0,21.0,7.0,22.0,8.0,23.0,8.0,24.0,7.0,23.0,7.0,23.0,6.0,23.0,5.0,23.0,4.0,24.0,3.0,24.0,2.0,24.0,1.0,23.0,0.0,22.0
6.0,10.0,7.0,9.0,7.0,9.0,7.0,9.0,6.0,9.0,6.0,8.0,6.0,7.0,7.0,6.0,6.0,6.0,7.0,5.0,8.0,6.0,8.0,5.0,8.0,4.0,8.0,4.0,8.0,3.0,9.0,2.0,9.0,1.0,9.0,1.0,9.0,0.0,9.0,0.0,10.0,0.0,10.0,-1.0,10.0,-1.0,10.0,-3.0,12.0,-3.0,13.0,-3.0,13.0,-6.0,14.0,-6.0,15.0,-7.0,14.0,-7.0,14.0,-7.0,14.0,-8.0,15.0,-8.0,15.0,-9.0,16.0,-9.0,16.0,-10.0,17.0,-9.0,17.0,-8.0,17.0,-9.0,18.0,-10.0,18.0,-10.0,19.0,-11.0,20.0,-11.0,20.0,-10.0,19.0,-10.0,19.0,-10.0,19.0,-9.0,19.0,-9.0,20.0,-8.0,20.0,-7.0,19.0,-5.0,19.0,-4.0
-4.0,-12.0,-5.0,-11.0,-5.0,-12.0,-5.0,-12.0,-4.0,-11.0,-5.0,-10.0,-5.0,-9.0,-5.0,-9.0,-6.0,-8.0,-6.0,-9.0,-6.0,-9.0,-7.0,-9.0,-7.0,-8.0,-7.0,-8.0,-7.0,-7.0,-9.0,-6.0,-9.0,-6.0,-8.0,-5.0,-8.0,-5.0,-9.0,-5.0,-9.0,-5.0,-10.0,-5.0,-10.0,-4.0,-11.0,-3.0,-13.0,-3.0,-14.0,-3.0,-15.0,-1.0,-16.0,-2.0,-16.0,-2.0,-16.0,-2.0,-16.0,-2.0,-17.0,-1.0,-17.0,-1.0,-18.0,-1.0,-18.0,0.0,-19.0,0.0,-19.0,-1.0,-19.0,-2.0,-19.0,-2.0,-20.0,-1.0,-21.0,-1.0,-22.0,-1.0,-23.0,-1.0,-22.0,-2.0,-22.0,-2.0,-22.0,-2.0,-22.0,-3.0,-21.0,-4.0,-21.0,-5.0,-21.0,-6.0,-20.0,-7.0,-19.0,-7.0
0.0,-12.0,0.0,-12.0,-1.0,-12.0,0.0,-12.0,0.0,-11.0,0.0,-10.0,-1.0,-10.0,-2.0,-10.0,-2.0,-9.0,-2.0,-10.0,-3.0,-10.0,-3.0,-10.0,-3.0,-10.0,-3.0,-9.0,-3.0,-9.0,-5.0,-8.0,-6.0,-8.0,-6.0,-7.0,-6.0,-7.0,-6.0,-7.0,-6.0,-7.0,-7.0,-7.0,-7.0,-7.0,-8.0,-7.0,-10.0,-7.0,-11.0,-7.0,-12.0,-6.0,-13.0,-7.0,-13.0,-7.0,-13.0,-7.0,-13.0,-7.0,-13.0,-7.0,-14.0,-6.0,-14.0,-7.0,-16.0,-7.0,-17.0,-6.0,-16.0,-7.0,-15.0,-8.0,-15.0,-8.0,-16.0,-8.0,-18.0,-8.0,-18.0,-8.0,-19.0,-8.0,-18.0,-9.0,-18.0,-9.0,-17.0,-9.0,-17.0,-10.0,-17.0,-10.0,-16.0,-11.0,-16.0,-11.0,-15.0,-12.0,-14.0,-12.0
7.0,9.0,7.0,8.0,8.0,8.0,8.0,9.0,7.0,8.0,7.0,7.0,7.0,7.0,7.0,6.0,7.0,6.0,7.0,6.0,8.0,6.0,8.0,5.0,8.0,4.0,8.0,4.0,8.0,3.0,8.0,2.0,9.0,1.0,8.0,1.0,8.0,0.0,9.0,0.0,9.0,0.0,10.0,0.0,9.0,-1.0,10.0,-2.0,12.0,-3.0,12.0,-3.0,13.0,-5.0,14.0,-5.0,14.0,-6.0,14.0,-6.0,14.0,-5.0,14.0,-6.0,14.0,-7.0,15.0,-7.0,15.0,-7.0,16.0,-8.0,17.0,-7.0,17.0,-7.0,17.0,-7.0,18.0,-7.0,18.0,-8.0,19.0,-8.0,19.0,-8.0,19.0,-7.0,19.0,-7.0,19.0,-7.0,19.0,-6.0,19.0,-6.0,20.0,-5.0,20.0,-4.0,19.0,-2.0,18.0,-2.0
-13.0,-2.0,-13.0,-1.0,-13.0,0.0,-13.0,-1.0,-12.0,-1.0,-11.0,-1.0,-11.0,0.0,-10.0,0.0,-10.0,1.0,-10.0,1.0,-11.0,1.0,-11.0,2.0,-10.0,2.0,-10.0,2.0,-9.0,3.0,-9.0,4.0,-8.0,4.0,-7.0,4.0,-7.0,5.0,-7.0,6.0,-8.0,6.0,-8.0,7.0,-7.0,7.0,-7.0,8.0,-7.0,10.0,-7.0,10.0,-6.0,12.0,-7.0,13.0,-7.0,14.0,-7.0,13.0,-7.0,13.0,-6.0,14.0,-6.0,15.0,-6.0,15.0,-6.0,16.0,-6.0,16.0,-7.0,16.0,-8.0,16.0,-8.0,16.0,-8.0,17.0,-8.0,18.0,-7.0,19.0,-8.0,19.0,-8.0,18.0,-8.0,18.0,-9.0,18.0,-9.0,18.0,-10.0,18.0,-11.0,18.0,-12.0,16.0,-12.0,15.0,-12.0,14.0
-13.0,6.0,-12.0,7.0,-12.0,8.0,-13.0,7.0,-12.0,6.0,-11.0,6.0,-10.0,6.0,-9.0,6.0,-8.0,7.0,-8.0,7.0,-9.0,8.0,-8.0,8.0,-8.0,8.0,-7.0,8.0,-7.0,8.0,-5.0,9.0,-4.0,9.0,-3.0,9.0,-3.0,9.0,-3.0,10.0,-3.0,10.0,-2.0,11.0,-1.0,11.0,-1.0,12.0,0.0,13.0,0.0,14.0,2.0,14.0,2.0,16.0,3.0,17.0,3.0,16.0,2.0,16.0,3.0,17.0,3.0,17.0,4.0,18.0,5.0,18.0,5.0,18.0,5.0,19.0,3.0,19.0,3.0,19.0,4.0,20.0,5.0,21.0,6.0,22.0,5.0,22.0,5.0,22.0,5.0,22.0,4.0,21.0,3.0,22.0,2.0,22.0,1.0,22.0,0.0,22.0,-1.0,21.0,-2.0,20.0
0.0,13.0,1.0,13.0,2.0,13.0,1.0,14.0,0.0,13.0,1.0,12.0,2.0,11.0,2.0,10.0,2.0,10.0,2.0,10.0,3.0,11.0,4.0,10.0,4.0,9.0,3.0,9.0,4.0,8.0,6.0,8.0,7.0,7.0,6.0,6.0,6.0,5.0,7.0,6.0,8.0,6.0,8.0,6.0,9.0,5.0,10.0,5.0,12.0,5.0,13.0,5.0,15.0,4.0,15.0,4.0,16.0,4.0,16.0,4.0,15.0,4.0,16.0,4.0,17.0,3.0,18.0,3.0,19.0,3.0,20.0,3.0,19.0,4.0,18.0,5.0,18.0,5.0,20.0,4.0,21.0,4.0,22.0,4.0,23.0,5.0,22.0,5.0,22.0,5.0,21.0,6.0,21.0,6.0,21.0,7.0,20.0,8.0,20.0,9.0,18.0,10.0,18.0,10.0
27.0,23.0,28.0,17.0,37.0,18.0,40.0,23.0,36.0,23.0,35.0,21.0,31.0,12.0,28.0,4.0,27.0,4.0,31.0,5.0,38.0,6.0,37.0,1.0,35.0,-5.0,33.0,-4.0,29.0,-4.0,29.0,-10.0,31.0,-10.0,32.0,-7.0,26.0,-14.0,24.0,-12.0,30.0,-12.0,32.0,-21.0,27.0,-24.0,22.0,-29.0,27.0,-32.0,36.0,-30.0,29.0,-48.0,30.0,-52.0,30.0,-56.0,31.0,-54.0,30.0,-50.0,19.0,-53.0,14.0,-56.0,22.0,-57.0,29.0,-58.0,33.0,-58.0,31.0,-57.0,27.0,-54.0,26.0,-51.0,24.0,-54.0,21.0,-60.0,22.0,-72.0,23.0,-73.0,24.0,-60.0,28.0,-57.0,30.0,-56.0,25.0,-55.0,20.0,-56.0,22.0,-58.0,21.0,-60.0,24.0,-49.0,38.0,-33.0
-8.0,-10.0,-9.0,-9.0,-9.0,-9.0,-9.0,-10.0,-8.0,-9.0,-8.0,-8.0,-8.0,-7.0,-8.0,-7.0,-8.0,-6.0,-8.0,-6.0,-9.0,-6.0,-9.0,-6.0,-9.0,-5.0,-8.0,-4.0,-8.0,-4.0,-9.0,-3.0,-9.0,-2.0,-9.0,-1.0,-9.0,0.0,-9.0,0.0,-10.0,0.0,-10.0,0.0,-10.0,1.0,-11.0,2.0,-12.0,3.0,-13.0,3.0,-13.0,5.0,-14.0,6.0,-15.0,6.0,-14.0,6.0,-14.0,6.0,-14.0,7.0,-14.0,8.0,-15.0,8.0,-15.0,8.0,-16.0,8.0,-17.0,8.0,-16.0,7.0,-17.0,8.0,-17.0,8.0,-17.0,9.0,-18.0,10.0,-19.0,10.0,-18.0,9.0,-18.0,9.0,-18.0,9.0,-18.0,8.0,-19.0,8.0,-19.0,7.0,-19.0,6.0,-19.0,4.0,-19.0,4.0
-14.0,0.0,-14.0,1.0,-14.0,1.0,-14.0,1.0,-13.0,0.0,-12.0,0.0,-12.0,1.0,-11.0,2.0,-11.0,2.0,-11.0,2.0,-11.0,2.0,-11.0,3.0,-11.0,4.0,-10.0,3.0,-9.0,4.0,-8.0,5.0,-8.0,6.0,-7.0,6.0,-7.0,6.0,-7.0,7.0,-8.0,8.0,-7.0,8.0,-7.0,9.0,-6.0,10.0,-7.0,11.0,-7.0,12.0,-5.0,14.0,-6.0,15.0,-6.0,16.0,-6.0,16.0,-6.0,15.0,-6.0,16.0,-5.0,17.0,-6.0,17.0,-5.0,18.0,-5.0,19.0,-6.0,19.0,-7.0,18.0,-7.0,19.0,-7.0,20.0,-6.0,21.0,-6.0,22.0,-7.0,23.0,-7.0,22.0,-7.0,21.0,-8.0,21.0,-8.0,21.0,-9.0,21.0,-11.0,21.0,-12.0,20.0,-12.0,18.0,-12.0,17.0
-11.0,5.0,-11.0,6.0,-11.0,6.0,-11.0,6.0,-11.0,5.0,-9.0,5.0,-9.0,5.0,-8.0,5.0,-8.0,5.0,-8.0,6.0,-8.0,6.0,-7.0,7.0,-7.0,7.0,-7.0,6.0,-6.0,6.0,-5.0,7.0,-3.0,7.0,-3.0,7.0,-3.0,7.0,-3.0,8.0,-3.0,8.0,-3.0,9.0,-2.0,9.0,-1.0,10.0,-1.0,11.0,0.0,12.0,2.0,13.0,1.0,14.0,2.0,14.0,2.0,14.0,1.0,14.0,2.0,14.0,3.0,15.0,3.0,15.0,3.0,16.0,4.0,17.0,4.0,17.0,2.0,17.0,2.0,17.0,3.0,18.0,3.0,18.0,4.0,19.0,4.0,20.0,3.0,20.0,3.0,20.0,3.0,20.0,2.0,20.0,1.0,20.0,0.0,20.0,-1.0,20.0,-2.0,19.0,-2.0,18.0
12.0,-6.0,11.0,-7.0,11.0,-8.0,12.0,-7.0,11.0,-6.0,10.0,-6.0,9.0,-6.0,8.0,-6.0,8.0,-7.0,8.0,-7.0,8.0,-8.0,8.0,-8.0,7.0,-8.0,7.0,-8.0,6.0,-8.0,4.0,-9.0,3.0,-9.0,3.0,-9.0,2.0,-9.0,2.0,-10.0,2.0,-10.0,2.0,-11.0,1.0,-11.0,0.0,-12.0,0.0,-13.0,-1.0,-14.0,-3.0,-15.0,-3.0,-16.0,-4.0,-17.0,-4.0,-17.0,-3.0,-17.0,-4.0,-17.0,-5.0,-18.0,-5.0,-18.0,-6.0,-19.0,-6.0,-20.0,-6.0,-21.0,-5.0,-20.0,-4.0,-20.0,-5.0,-21.0,-7.0,-22.0,-7.0,-23.0,-7.0,-23.0,-6.0,-23.0,-6.0,-23.0,-6.0,-23.0,-5.0,-23.0,-4.0,-23.0,-3.0,-24.0,-2.0,-24.0,-1.0,-23.0,0.0,-22.0
8.0,-11.0,7.0,-12.0,6.0,-12.0,7.0,-12.0,7.0,-11.0,6.0,-10.0,4.0,-10.0,3.0,-10.0,3.0,-10.0,4.0,-10.0,3.0,-11.0,3.0,-11.0,2.0,-11.0,2.0,-10.0,1.0,-10.0,-1.0,-10.0,-2.0,-10.0,-2.0,-10.0,-2.0,-10.0,-3.0,-10.0,-3.0,-10.0,-4.0,-11.0,-4.0,-10.0,-5.0,-10.0,-7.0,-12.0,-8.0,-12.0,-10.0,-12.0,-10.0,-13.0,-11.0,-14.0,-11.0,-13.0,-11.0,-13.0,-12.0,-13.0,-13.0,-13.0,-13.0,-13.0,-14.0,-14.0,-15.0,-14.0,-14.0,-16.0,-13.0,-16.0,-13.0,-16.0,-14.0,-16.0,-16.0,-17.0,-17.0,-17.0,-17.0,-18.0,-16.0,-18.0,-16.0,-17.0,-16.0,-18.0,-16.0,-18.0,-15.0,-19.0,-13.0,-20.0,-12.0,-21.0,-11.0,-21.0,-10.0,-20.0
-6.0,10.0,-6.0,10.0,-5.0,11.0,-6.0,11.0,-6.0,10.0,-5.0,9.0,-4.0,9.0,-3.0,9.0,-3.0,9.0,-3.0,9.0,-3.0,9.0,-2.0,10.0,-2.0,9.0,-2.0,8.0,-1.0,8.0,1.0,8.0,2.0,8.0,2.0,7.0,2.0,7.0,3.0,7.0,3.0,8.0,4.0,8.0,4.0,8.0,5.0,8.0,7.0,9.0,8.0,9.0,10.0,8.0,10.0,9.0,11.0,9.0,11.0,9.0,10.0,9.0,11.0,9.0,12.0,9.0,12.0,9.0,13.0,9.0,14.0,9.0,14.0,10.0,13.0,10.0,13.0,10.0,14.0,10.0,16.0,11.0,17.0,11.0,17.0,11.0,17.0,12.0,16.0,12.0,16.0,12.0,16.0,12.0,15.0,13.0,15.0,13.0,14.0,14.0,13.0,14.0,12.0,14.0
-9.0,-10.0,-9.0,-9.0,-10.0,-9.0,-9.0,-9.0,-9.0,-9.0,-8.0,-8.0,-8.0,-7.0,-8.0,-7.0,-8.0,-6.0,-8.0,-6.0,-9.0,-6.0,-10.0,-5.0,-10.0,-4.0,-9.0,-4.0,-9.0,-4.0,-9.0,-2.0,-9.0,-2.0,-9.0,-1.0,-9.0,0.0,-9.0,0.0,-10.0,0.0,-10.0,0.0,-10.0,1.0,-10.0,3.0,-12.0,3.0,-12.0,3.0,-13.0,5.0,-13.0,6.0,-14.0,7.0,-14.0,7.0,-14.0,6.0,-14.0,7.0,-14.0,8.0,-15.0,8.0,-15.0,9.0,-15.0,9.0,-16.0,9.0,-16.0,8.0,-16.0,9.0,-17.0,9.0,-17.0,10.0,-18.0,10.0,-18.0,11.0,-18.0,10.0,-18.0,10.0,-18.0,9.0,-19.0,9.0,-19.0,9.0,-20.0,8.0,-20.0,7.0,-19.0,5.0,-19.0,4.0
11.0,4.0,11.0,3.0,12.0,3.0,12.0,3.0,11.0,3.0,10.0,3.0,9.0,2.0,9.0,2.0,9.0,1.0,9.0,1.0,10.0,1.0,10.0,0.0,10.0,-1.0,9.0,-1.0,9.0,-1.0,8.0,-3.0,8.0,-3.0,7.0,-3.0,7.0,-4.0,8.0,-4.0,8.0,-5.0,8.0,-5.0,8.0,-6.0,8.0,-7.0,8.0,-9.0,9.0,-9.0,8.0,-11.0,9.0,-11.0,10.0,-12.0,9.0,-12.0,9.0,-11.0,9.0,-12.0,9.0,-13.0,10.0,-13.0,10.0,-14.0,10.0,-15.0,11.0,-15.0,11.0,-14.0,11.0,-15.0,12.0,-15.0,12.0,-16.0,12.0,-17.0,13.0,-17.0,13.0,-16.0,13.0,-15.0,13.0,-15.0,14.0,-15.0,14.0,-15.0,15.0,-15.0,15.0,-14.0,15.0,-12.0,15.0,-11.0
-5.0,-13.0,-5.0,-12.0,-6.0,-12.0,-5.0,-12.0,-4.0,-12.0,-4.0,-11.0,-5.0,-10.0,-5.0,-9.0,-5.0,-9.0,-5.0,-9.0,-6.0,-9.0,-7.0,-9.0,-7.0,-8.0,-6.0,-8.0,-6.0,-7.0,-7.0,-6.0,-8.0,-5.0,-8.0,-5.0,-8.0,-4.0,-8.0,-4.0,-9.0,-5.0,-10.0,-4.0,-10.0,-4.0,-11.0,-3.0,-12.0,-3.0,-13.0,-3.0,-14.0,-1.0,-15.0,-2.0,-16.0,-1.0,-16.0,-1.0,-15.0,-1.0,-16.0,-1.0,-16.0,0.0,-17.0,0.0,-18.0,0.0,-18.0,0.0,-19.0,-1.0,-18.0,-1.0,-18.0,-1.0,-19.0,-1.0,-20.0,-1.0,-21.0,-1.0,-21.0,-1.0,-21.0,-2.0,-21.0,-2.0,-21.0,-2.0,-21.0,-3.0,-21.0,-3.0,-21.0,-4.0,-20.0,-5.0,-19.0,-6.0,-18.0,-6.0
2.0,12.0,2.0,11.0,3.0,12.0,2.0,12.0,1.0,11.0,2.0,10.0,2.0,9.0,3.0,9.0,3.0,9.0,3.0,9.0,4.0,9.0,4.0,9.0,4.0,8.0,4.0,7.0,4.0,7.0,6.0,6.0,6.0,5.0,6.0,5.0,6.0,4.0,7.0,4.0,7.0,4.0,8.0,4.0,8.0,4.0,9.0,3.0,11.0,3.0,11.0,3.0,13.0,2.0,14.0,2.0,14.0,1.0,14.0,1.0,14.0,1.0,14.0,1.0,15.0,0.0,16.0,0.0,17.0,0.0,18.0,0.0,18.0,1.0,17.0,1.0,17.0,1.0,18.0,1.0,19.0,1.0,20.0,0.0,21.0,1.0,20.0,1.0,19.0,1.0,19.0,2.0,19.0,2.0,19.0,2.0,19.0,3.0,19.0,4.0,18.0,5.0,17.0,6.0
10.0,6.0,10.0,5.0,10.0,5.0,10.0,6.0,9.0,6.0,8.0,5.0,8.0,4.0,8.0,4.0,8.0,3.0,8.0,3.0,9.0,3.0,9.0,2.0,9.0,2.0,9.0,1.0,8.0,1.0,8.0,0.0,8.0,-1.0,8.0,-1.0,8.0,-2.0,8.0,-3.0,9.0,-3.0,9.0,-3.0,9.0,-4.0,9.0,-5.0,10.0,-6.0,11.0,-6.0,11.0,-8.0,12.0,-8.0,12.0,-9.0,12.0,-9.0,12.0,-9.0,12.0,-10.0,12.0,-10.0,12.0,-10.0,13.0,-11.0,13.0,-11.0,14.0,-11.0,14.0,-10.0,14.0,-11.0,15.0,-11.0,15.0,-12.0,15.0,-13.0,16.0,-13.0,16.0,-12.0,16.0,-11.0,16.0,-11.0,17.0,-10.0,17.0,-10.0,17.0,-10.0,18.0,-9.0,17.0,-7.0,17.0,-6.0
-13.0,-6.0,-13.0,-6.0,-14.0,-5.0,-14.0,-6.0,-12.0,-6.0,-11.0,-5.0,-11.0,-4.0,-11.0,-3.0,-11.0,-3.0,-11.0,-3.0,-12.0,-3.0,-12.0,-2.0,-12.0,-1.0,-11.0,-1.0,-10.0,-1.0,-10.0,1.0,-10.0,2.0,-9.0,2.0,-9.0,3.0,-10.0,3.0,-11.0,4.0,-11.0,4.0,-10.0,5.0,-10.0,6.0,-11.0,8.0,-12.0,8.0,-12.0,10.0,-13.0,11.0,-13.0,11.0,-12.0,11.0,-12.0,11.0,-13.0,12.0,-13.0,12.0,-13.0,13.0,-13.0,13.0,-13.0,14.0,-14.0,14.0,-15.0,13.0,-15.0,13.0,-16.0,14.0,-16.0,15.0,-16.0,16.0,-17.0,16.0,-16.0,15.0,-16.0,15.0,-17.0,14.0,-17.0,14.0,-18.0,14.0,-19.0,13.0,-19.0,12.0,-19.0,10.0,-18.0,10.0
-15.0,3.0,-14.0,4.0,-15.0,5.0,-15.0,4.0,-14.0,3.0,-13.0,3.0,-12.0,4.0,-11.0,5.0,-11.0,5.0,-11.0,5.0,-11.0,5.0,-11.0,6.0,-10.0,7.0,-9.0,6.0,-8.0,7.0,-7.0,8.0,-6.0,8.0,-6.0,8.0,-5.0,9.0,-5.0,10.0,-5.0,11.0,-5.0,11.0,-4.0,11.0,-4.0,12.0,-4.0,14.0,-4.0,15.0,-1.0,16.0,-1.0,18.0,-1.0,19.0,-1.0,18.0,-1.0,18.0,-1.0,19.0,0.0,20.0,0.0,20.0,1.0,20.0,1.0,21.0,0.0,21.0,-2.0,21.0,-1.0,22.0,0.0,23.0,1.0,23.0,2.0,24.0,1.0,25.0,0.0,25.0,1.0,24.0,1.0,24.0,0.0,24.0,-1.0,25.0,-3.0,25.0,-5.0,24.0,-6.0,22.0,-6.0,21.0
3.0,12.0,4.0,12.0,4.0,12.0,4.0,12.0,3.0,11.0,3.0,10.0,4.0,10.0,4.0,9.0,4.0,8.0,4.0,8.0,5.0,9.0,6.0,8.0,6.0,7.0,6.0,7.0,6.0,7.0,7.0,6.0,8.0,5.0,7.0,4.0,8.0,4.0,8.0,4.0,9.0,4.0,9.0,4.0,10.0,3.0,11.0,2.0,12.0,2.0,14.0,3.0,15.0,1.0,16.0,1.0,17.0,1.0,17.0,0.0,16.0,1.0,17.0,0.0,17.0,0.0,18.0,0.0,19.0,0.0,20.0,0.0,20.0,0.0,19.0,1.0,20.0,1.0,21.0,1.0,21.0,1.0,22.0,1.0,23.0,1.0,23.0,2.0,22.0,2.0,22.0,2.0,22.0,3.0,22.0,3.0,21.0,4.0,21.0,5.0,20.0,6.0,19.0,7.0
-5.0,13.0,-4.0,13.0,-4.0,13.0,-5.0,14.0,-5.0,13.0,-4.0,11.0,-3.0,11.0,-2.0,11.0,-2.0,11.0,-2.0,11.0,-1.0,12.0,0.0,12.0,0.0,11.0,0.0,10.0,1.0,10.0,3.0,10.0,4.0,10.0,4.0,9.0,4.0,9.0,4.0,9.0,5.0,10.0,6.0,10.0,6.0,9.0,8.0,9.0,10.0,11.0,10.0,12.0,13.0,11.0,13.0,12.0,14.0,12.0,14.0,12.0,13.0,12.0,14.0,12.0,15.0,12.0,15.0,12.0,17.0,13.0,18.0,13.0,17.0,14.0,16.0,14.0,16.0,14.0,17.0,15.0,18.0,15.0,20.0,16.0,20.0,16.0,19.0,17.0,19.0,16.0,18.0,17.0,18.0,17.0,17.0,18.0,16.0,18.0,15.0,19.0,14.0,19.0,13.0,19.0
-9.0,10.0,-8.0,10.0,-8.0,10.0,-9.0,10.0,-8.0,9.0,-7.0,8.0,-6.0,9.0,-5.0,9.0,-5.0,9.0,-5.0,9.0,-5.0,10.0,-4.0,10.0,-3.0,10.0,-4.0,9.0,-3.0,9.0,-1.0,9.0,0.0,9.0,0.0,9.0,1.0,9.0,1.0,9.0,1.0,10.0,2.0,10.0,3.0,10.0,4.0,10.0,5.0,12.0,6.0,12.0,8.0,12.0,8.0,13.0,9.0,14.0,9.0,14.0,8.0,14.0,9.0,14.0,10.0,14.0,11.0,14.0,12.0,15.0,13.0,15.0,12.0,16.0,11.0,16.0,11.0,16.0,12.0,17.0,13.0,17.0,14.0,18.0,14.0,19.0,13.0,18.0,13.0,18.0,13.0,18.0,12.0,19.0,11.0,19.0,10.0,20.0,9.0,20.0,8.0,20.0,7.0,19.0
-12.0,1.0,-12.0,1.0,-12.0,2.0,-12.0,1.0,-11.0,1.0,-10.0,1.0,-10.0,1.0,-9.0,2.0,-9.0,2.0,-9.0,3.0,-10.0,3.0,-10.0,4.0,-9.0,4.0,-9.0,4.0,-8.0,4.0,-7.0,5.0,-6.0,6.0,-6.0,5.0,-6.0,6.0,-6.0,7.0,-7.0,7.0,-6.0,8.0,-5.0,8.0,-5.0,9.0,-5.0,11.0,-5.0,11.0,-4.0,13.0,-5.0,14.0,-5.0,14.0,-5.0,14.0,-5.0,14.0,-5.0,14.0,-5.0,15.0,-5.0,16.0,-4.0,16.0,-3.0,17.0,-4.0,17.0,-5.0,17.0,-6.0,17.0,-6.0,18.0,-5.0,19.0,-5.0,20.0,-6.0,20.0,-6.0,19.0,-6.0,19.0,-6.0,19.0,-7.0,19.0,-8.0,19.0,-9.0,19.0,-10.0,18.0,-10.0,17.0,-10.0,15.0
-7.0,-11.0,-7.0,-10.0,-8.0,-10.0,-7.0,-11.0,-7.0,-10.0,-6.0,-9.0,-7.0,-8.0,-7.0,-8.0,-7.0,-7.0,-7.0,-8.0,-8.0,-8.0,-9.0,-7.0,-8.0,-7.0,-8.0,-7.0,-8.0,-6.0,-9.0,-5.0,-9.0,-4.0,-9.0,-3.0,-9.0,-3.0,-9.0,-3.0,-10.0,-3.0,-10.0,-2.0,-10.0,-2.0,-11.0,-1.0,-13.0,-1.0,-14.0,0.0,-14.0,2.0,-15.0,1.0,-16.0,1.0,-16.0,2.0,-15.0,1.0,-16.0,2.0,-16.0,3.0,-17.0,3.0,-17.0,3.0,-18.0,4.0,-19.0,3.0,-18.0,2.0,-19.0,2.0,-20.0,2.0,-20.0,3.0,-21.0,3.0,-22.0,3.0,-21.0,3.0,-21.0,3.0,-21.0,2.0,-21.0,2.0,-21.0,1.0,-21.0,0.0,-21.0,-1.0,-20.0,-2.0,-20.0,-3.0
-8.0,-12.0,-8.0,-12.0,-9.0,-12.0,-8.0,-12.0,-7.0,-11.0,-7.0,-10.0,-8.0,-10.0,-8.0,-9.0,-8.0,-9.0,-8.0,-8.0,-9.0,-9.0,-10.0,-8.0,-9.0,-7.0,-9.0,-7.0,-9.0,-6.0,-10.0,-5.0,-10.0,-4.0,-10.0,-4.0,-10.0,-3.0,-10.0,-3.0,-11.0,-3.0,-12.0,-3.0,-12.0,-2.0,-13.0,-1.0,-14.0,0.0,-15.0,-1.0,-16.0,2.0,-17.0,2.0,-18.0,2.0,-17.0,2.0,-17.0,2.0,-18.0,3.0,-18.0,3.0,-19.0,3.0,-20.0,4.0,-20.0,4.0,-21.0,4.0,-21.0,3.0,-21.0,3.0,-22.0,3.0,-23.0,4.0,-24.0,5.0,-24.0,4.0,-24.0,3.0,-23.0,3.0,-24.0,3.0,-24.0,2.0,-24.0,2.0,-24.0,1.0,-24.0,-1.0,-23.0,-2.0,-22.0,-3.0
4.0,-12.0,3.0,-12.0,3.0,-12.0,4.0,-13.0,4.0,-12.0,3.0,-11.0,2.0,-11.0,1.0,-10.0,1.0,-10.0,1.0,-10.0,1.0,-11.0,0.0,-11.0,0.0,-11.0,0.0,-10.0,-1.0,-10.0,-3.0,-10.0,-4.0,-10.0,-4.0,-9.0,-4.0,-8.0,-4.0,-9.0,-5.0,-9.0,-5.0,-9.0,-6.0,-9.0,-7.0,-9.0,-8.0,-10.0,-9.0,-11.0,-11.0,-10.0,-12.0,-10.0,-12.0,-11.0,-12.0,-10.0,-12.0,-10.0,-13.0,-10.0,-14.0,-10.0,-14.0,-10.0,-15.0,-10.0,-16.0,-11.0,-15.0,-12.0,-14.0,-12.0,-14.0,-12.0,-16.0,-12.0,-17.0,-12.0,-18.0,-12.0,-18.0,-13.0,-18.0,-13.0,-18.0,-13.0,-17.0,-13.0,-17.0,-13.0,-17.0,-14.0,-15.0,-15.0,-14.0,-16.0,-13.0,-16.0,-12.0,-16.0
-7.0,11.0,-6.0,12.0,-6.0,12.0,-7.0,12.0,-7.0,11.0,-6.0,10.0,-5.0,10.0,-4.0,10.0,-4.0,10.0,-4.0,10.0,-4.0,11.0,-3.0,11.0,-3.0,11.0,-3.0,10.0,-2.0,10.0,0.0,10.0,1.0,10.0,1.0,9.0,2.0,9.0,1.0,9.0,2.0,10.0,3.0,11.0,3.0,10.0,5.0,10.0,6.0,12.0,7.0,13.0,9.0,12.0,9.0,13.0,10.0,14.0,10.0,13.0,9.0,13.0,10.0,13.0,11.0,13.0,11.0,14.0,12.0,14.0,13.0,15.0,13.0,15.0,11.0,16.0,11.0,16.0,12.0,16.0,14.0,17.0,15.0,17.0,15.0,18.0,14.0,18.0,13.0,18.0,13.0,18.0,13.0,19.0,12.0,19.0,11.0,20.0,10.0,20.0,8.0,20.0,8.0,19.0
-11.0,-5.0,-11.0,-4.0,-12.0,-4.0,-12.0,-5.0,-11.0,-5.0,-10.0,-4.0,-10.0,-3.0,-9.0,-3.0,-9.0,-2.0,-10.0,-2.0,-10.0,-2.0,-10.0,-2.0,-10.0,-1.0,-9.0,-1.0,-9.0,-1.0,-9.0,0.0,-9.0,1.0,-8.0,1.0,-8.0,2.0,-8.0,2.0,-9.0,3.0,-9.0,3.0,-9.0,4.0,-9.0,5.0,-10.0,6.0,-10.0,6.0,-10.0,8.0,-11.0,9.0,-11.0,9.0,-11.0,9.0,-10.0,9.0,-11.0,10.0,-11.0,10.0,-11.0,10.0,-11.0,11.0,-11.0,11.0,-12.0,11.0,-12.0,11.0,-13.0,11.0,-13.0,12.0,-13.0,12.0,-13.0,13.0,-14.0,13.0,-14.0,13.0,-14.0,12.0,-14.0,12.0,-14.0,12.0,-15.0,12.0,-15.0,11.0,-16.0,10.0,-16.0,9.0,-15.0,8.0
-1.0,11.0,0.0,11.0,0.0,11.0,0.0,11.0,-1.0,10.0,0.0,9.0,0.0,9.0,1.0,9.0,1.0,8.0,1.0,8.0,2.0,9.0,2.0,9.0,2.0,8.0,2.0,8.0,3.0,7.0,4.0,7.0,4.0,7.0,4.0,6.0,5.0,5.0,5.0,5.0,5.0,6.0,6.0,6.0,6.0,5.0,7.0,5.0,9.0,6.0,9.0,6.0,11.0,5.0,11.0,5.0,12.0,5.0,12.0,5.0,12.0,5.0,12.0,5.0,13.0,5.0,13.0,5.0,14.0,5.0,15.0,5.0,15.0,6.0,14.0,6.0,14.0,6.0,15.0,6.0,16.0,7.0,17.0,7.0,17.0,7.0,17.0,7.0,16.0,7.0,16.0,7.0,16.0,8.0,16.0,8.0,15.0,9.0,15.0,10.0,14.0,10.0,13.0,10.0
2.0,-13.0,1.0,-13.0,1.0,-13.0,2.0,-13.0,2.0,-12.0,1.0,-11.0,0.0,-11.0,0.0,-10.0,0.0,-10.0,-1.0,-10.0,-1.0,-11.0,-2.0,-11.0,-2.0,-10.0,-2.0,-10.0,-2.0,-10.0,-4.0,-9.0,-5.0,-9.0,-4.0,-8.0,-5.0,-8.0,-5.0,-8.0,-5.0,-9.0,-6.0,-9.0,-7.0,-8.0,-8.0,-8.0,-9.0,-9.0,-10.0,-9.0,-12.0,-8.0,-12.0,-9.0,-13.0,-10.0,-13.0,-9.0,-12.0,-9.0,-13.0,-9.0,-14.0,-9.0,-14.0,-9.0,-15.0,-10.0,-16.0,-10.0,-16.0,-10.0,-15.0,-10.0,-15.0,-10.0,-16.0,-11.0,-17.0,-11.0,-18.0,-11.0,-18.0,-12.0,-18.0,-12.0,-17.0,-12.0,-17.0,-13.0,-17.0,-13.0,-16.0,-13.0,-16.0,-14.0,-15.0,-14.0,-14.0,-15.0,-13.0,-15.0
3.0,-14.0,3.0,-14.0,3.0,-14.0,3.0,-14.0,3.0,-13.0,3.0,-12.0,2.0,-12.0,1.0,-12.0,1.0,-11.0,1.0,-11.0,0.0,-12.0,0.0,-12.0,-1.0,-12.0,-1.0,-11.0,-1.0,-11.0,-3.0,-11.0,-4.0,-10.0,-4.0,-10.0,-4.0,-9.0,-5.0,-9.0,-5.0,-10.0,-6.0,-10.0,-6.0,-9.0,-8.0,-9.0,-9.0,-11.0,-10.0,-11.0,-12.0,-11.0,-13.0,-12.0,-14.0,-12.0,-14.0,-11.0,-13.0,-11.0,-14.0,-11.0,-15.0,-11.0,-15.0,-11.0,-16.0,-12.0,-17.0,-12.0,-16.0,-13.0,-15.0,-13.0,-15.0,-13.0,-17.0,-13.0,-18.0,-14.0,-19.0,-14.0,-19.0,-15.0,-19.0,-15.0,-18.0,-15.0,-18.0,-15.0,-18.0,-16.0,-17.0,-16.0,-16.0,-17.0,-15.0,-18.0,-13.0,-18.0,-13.0,-18.0
-5.0,12.0,-5.0,12.0,-4.0,13.0,-6.0,13.0,-5.0,12.0,-4.0,11.0,-4.0,10.0,-3.0,10.0,-3.0,10.0,-3.0,10.0,-2.0,11.0,-1.0,11.0,-1.0,11.0,-1.0,10.0,-1.0,10.0,1.0,10.0,2.0,9.0,2.0,9.0,3.0,8.0,3.0,9.0,3.0,9.0,4.0,10.0,4.0,9.0,6.0,9.0,7.0,10.0,8.0,11.0,11.0,11.0,10.0,12.0,11.0,12.0,11.0,11.0,10.0,11.0,11.0,11.0,12.0,11.0,13.0,12.0,14.0,12.0,15.0,13.0,14.0,13.0,13.0,13.0,13.0,13.0,14.0,14.0,15.0,15.0,16.0,15.0,16.0,15.0,16.0,16.0,16.0,16.0,15.0,16.0,15.0,17.0,14.0,17.0,13.0,17.0,12.0,18.0,11.0,18.0,10.0,18.0
9.0,-8.0,9.0,-8.0,9.0,-9.0,9.0,-8.0,9.0,-7.0,8.0,-7.0,7.0,-7.0,6.0,-7.0,6.0,-7.0,6.0,-8.0,6.0,-8.0,6.0,-9.0,5.0,-9.0,5.0,-8.0,5.0,-8.0,3.0,-9.0,2.0,-9.0,2.0,-9.0,1.0,-9.0,1.0,-9.0,2.0,-10.0,1.0,-10.0,0.0,-10.0,-1.0,-11.0,-1.0,-12.0,-2.0,-13.0,-3.0,-14.0,-3.0,-15.0,-3.0,-15.0,-4.0,-15.0,-3.0,-15.0,-3.0,-15.0,-4.0,-16.0,-4.0,-16.0,-5.0,-17.0,-6.0,-17.0,-5.0,-17.0,-4.0,-17.0,-4.0,-18.0,-4.0,-19.0,-5.0,-19.0,-6.0,-20.0,-6.0,-20.0,-5.0,-20.0,-5.0,-20.0,-5.0,-20.0,-4.0,-20.0,-3.0,-21.0,-2.0,-21.0,-1.0,-21.0,0.0,-20.0,0.0,-19.0
-7.0,-13.0,-7.0,-12.0,-8.0,-12.0,-7.0,-13.0,-7.0,-12.0,-7.0,-11.0,-7.0,-10.0,-7.0,-9.0,-7.0,-9.0,-8.0,-9.0,-8.0,-10.0,-9.0,-9.0,-9.0,-8.0,-8.0,-7.0,-8.0,-7.0,-10.0,-6.0,-10.0,-5.0,-10.0,-4.0,-10.0,-3.0,-10.0,-3.0,-11.0,-3.0,-11.0,-3.0,-11.0,-2.0,-12.0,-1.0,-14.0,-1.0,-15.0,-1.0,-15.0,1.0,-17.0,1.0,-18.0,2.0,-17.0,2.0,-17.0,2.0,-17.0,3.0,-18.0,3.0,-18.0,3.0,-18.0,4.0,-19.0,4.0,-20.0,3.0,-20.0,2.0,-20.0,3.0,-21.0,3.0,-21.0,4.0,-22.0,5.0,-23.0,5.0,-23.0,4.0,-22.0,4.0,-22.0,4.0,-22.0,3.0,-22.0,3.0,-23.0,2.0,-23.0,0.0,-22.0,-1.0,-21.0,-2.0
0.0,14.0,1.0,14.0,1.0,14.0,0.0,15.0,-1.0,14.0,0.0,12.0,1.0,12.0,2.0,11.0,2.0,11.0,2.0,11.0,3.0,12.0,3.0,12.0,3.0,11.0,3.0,10.0,4.0,9.0,6.0,9.0,7.0,8.0,6.0,8.0,7.0,7.0,7.0,7.0,8.0,8.0,8.0,8.0,9.0,7.0,11.0,7.0,12.0,8.0,13.0,8.0,15.0,6.0,16.0,7.0,16.0,7.0,16.0,7.0,16.0,7.0,17.0,7.0,18.0,6.0,18.0,7.0,19.0,7.0,20.0,7.0,20.0,8.0,19.0,8.0,19.0,8.0,20.0,8.0,22.0,8.0,23.0,8.0,23.0,9.0,23.0,9.0,22.0,9.0,22.0,9.0,22.0,10.0,22.0,11.0,21.0,12.0,20.0,13.0,18.0,14.0,17.0,14.0
-2.0,-14.0,-3.0,-13.0,-3.0,-14.0,-2.0,-14.0,-2.0,-13.0,-2.0,-12.0,-3.0,-11.0,-3.0,-11.0,-4.0,-10.0,-4.0,-11.0,-4.0,-11.0,-5.0,-11.0,-5.0,-10.0,-5.0,-10.0,-5.0,-9.0,-7.0,-9.0,-8.0,-8.0,-7.0,-7.0,-8.0,-7.0,-8.0,-7.0,-9.0,-7.0,-9.0,-7.0,-10.0,-7.0,-11.0,-6.0,-13.0,-7.0,-14.0,-7.0,-15.0,-6.0,-16.0,-6.0,-17.0,-6.0,-17.0,-6.0,-16.0,-6.0,-17.0,-6.0,-17.0,-5.0,-18.0,-5.0,-19.0,-5.0,-20.0,-5.0,-20.0,-6.0,-19.0,-7.0,-19.0,-6.0,-20.0,-6.0,-21.0,-7.0,-23.0,-6.0,-23.0,-7.0,-22.0,-7.0,-22.0,-7.0,-22.0,-8.0,-22.0,-8.0,-22.0,-9.0,-21.0,-10.0,-20.0,-11.0,-19.0,-12.0,-18.0,-12.0
-12.0,-4.0,-12.0,-3.0,-12.0,-2.0,-12.0,-3.0,-11.0,-3.0,-10.0,-3.0,-10.0,-2.0,-10.0,-1.0,-9.0,-1.0,-10.0,-1.0,-10.0,-1.0,-10.0,0.0,-10.0,1.0,-10.0,1.0,-9.0,1.0,-9.0,3.0,-8.0,3.0,-8.0,3.0,-8.0,4.0,-8.0,4.0,-8.0,5.0,-8.0,5.0,-8.0,6.0,-8.0,7.0,-9.0,8.0,-9.0,8.0,-8.0,10.0,-9.0,11.0,-9.0,12.0,-9.0,12.0,-9.0,11.0,-9.0,12.0,-9.0,13.0,-9.0,13.0,-9.0,14.0,-9.0,14.0,-10.0,14.0,-11.0,14.0,-11.0,14.0,-11.0,15.0,-10.0,16.0,-11.0,17.0,-11.0,17.0,-11.0,16.0,-11.0,16.0,-11.0,16.0,-12.0,16.0,-12.0,16.0,-13.0,15.0,-14.0,14.0,-14.0,12.0,-14.0,12.0
-9.0,-12.0,-10.0,-11.0,-10.0,-11.0,-10.0,-11.0,-9.0,-11.0,-9.0,-10.0,-9.0,-9.0,-9.0,-8.0,-9.0,-8.0,-9.0,-7.0,-10.0,-8.0,-11.0,-7.0,-11.0,-6.0,-10.0,-6.0,-10.0,-5.0,-11.0,-4.0,-11.0,-3.0,-11.0,-2.0,-11.0,-1.0,-11.0,-1.0,-12.0,-2.0,-13.0,-1.0,-13.0,0.0,-14.0,1.0,-15.0,2.0,-16.0,2.0,-17.0,4.0,-18.0,4.0,-19.0,5.0,-18.0,5.0,-18.0,4.0,-19.0,5.0,-19.0,6.0,-20.0,6.0,-20.0,6.0,-21.0,7.0,-22.0,6.0,-22.0,5.0,-22.0,6.0,-23.0,6.0,-23.0,6.0,-24.0,7.0,-25.0,8.0,-25.0,7.0,-25.0,6.0,-25.0,6.0,-25.0,5.0,-25.0,4.0,-26.0,4.0,-26.0,2.0,-25.0,0.0,-24.0,-1.0
11.0,4.0,12.0,3.0,12.0,2.0,12.0,3.0,11.0,3.0,10.0,3.0,10.0,2.0,9.0,1.0,9.0,0.0,10.0,0.0,10.0,0.0,11.0,-1.0,10.0,-2.0,10.0,-2.0,9.0,-2.0,9.0,-4.0,8.0,-4.0,8.0,-4.0,8.0,-5.0,8.0,-6.0,9.0,-6.0,9.0,-7.0,8.0,-7.0,8.0,-9.0,9.0,-10.0,10.0,-11.0,9.0,-13.0,10.0,-14.0,10.0,-15.0,9.0,-14.0,10.0,-14.0,10.0,-15.0,10.0,-16.0,10.0,-16.0,10.0,-17.0,10.0,-18.0,11.0,-18.0,11.0,-17.0,11.0,-17.0,11.0,-18.0,11.0,-19.0,11.0,-20.0,12.0,-20.0,13.0,-20.0,12.0,-19.0,13.0,-19.0,14.0,-19.0,14.0,-19.0,15.0,-18.0,15.0,-17.0,16.0,-15.0,15.0,-14.0
-5.0,-11.0,-5.0,-10.0,-5.0,-10.0,-5.0,-11.0,-4.0,-10.0,-4.0,-9.0,-5.0,-9.0,-6.0,-8.0,-6.0,-8.0,-6.0,-8.0,-7.0,-8.0,-7.0,-8.0,-7.0,-7.0,-7.0,-7.0,-7.0,-6.0,-8.0,-5.0,-9.0,-4.0,-8.0,-4.0,-9.0,-3.0,-9.0,-3.0,-10.0,-4.0,-10.0,-3.0,-10.0,-3.0,-11.0,-2.0,-13.0,-2.0,-13.0,-2.0,-14.0,0.0,-15.0,0.0,-16.0,0.0,-16.0,0.0,-15.0,0.0,-16.0,1.0,-17.0,1.0,-17.0,2.0,-17.0,2.0,-18.0,2.0,-19.0,1.0,-18.0,0.0,-18.0,0.0,-19.0,1.0,-20.0,1.0,-21.0,2.0,-22.0,2.0,-21.0,1.0,-21.0,1.0,-21.0,1.0,-21.0,1.0,-21.0,0.0,-21.0,-1.0,-21.0,-3.0,-20.0,-4.0,-19.0,-4.0
-11.0,-8.0,-11.0,-7.0,-12.0,-7.0,-12.0,-7.0,-11.0,-7.0,-10.0,-6.0,-10.0,-5.0,-10.0,-4.0,-10.0,-4.0,-10.0,-4.0,-11.0,-4.0,-11.0,-3.0,-11.0,-2.0,-10.0,-2.0,-10.0,-2.0,-11.0,0.0,-10.0,1.0,-10.0,1.0,-10.0,2.0,-10.0,2.0,-11.0,3.0,-11.0,3.0,-11.0,4.0,-11.0,5.0,-12.0,6.0,-13.0,6.0,-13.0,9.0,-14.0,9.0,-15.0,10.0,-14.0,10.0,-14.0,9.0,-14.0,10.0,-14.0,11.0,-15.0,11.0,-15.0,12.0,-15.0,12.0,-16.0,12.0,-16.0,11.0,-17.0,12.0,-17.0,13.0,-17.0,13.0,-18.0,14.0,-18.0,15.0,-18.0,14.0,-18.0,13.0,-18.0,13.0,-19.0,13.0,-19.0,13.0,-20.0,12.0,-21.0,10.0,-20.0,8.0,-20.0,7.0
13.0,-6.0,12.0,-7.0,12.0,-7.0,13.0,-7.0,12.0,-6.0,10.0,-6.0,9.0,-6.0,9.0,-7.0,8.0,-7.0,9.0,-7.0,9.0,-8.0,9.0,-9.0,8.0,-9.0,8.0,-8.0,7.0,-9.0,6.0,-10.0,5.0,-11.0,4.0,-10.0,4.0,-11.0,4.0,-11.0,5.0,-12.0,4.0,-12.0,3.0,-12.0,2.0,-14.0,2.0,-15.0,2.0,-16.0,0.0,-18.0,1.0,-19.0,1.0,-20.0,0.0,-19.0,1.0,-19.0,0.0,-20.0,0.0,-20.0,0.0,-21.0,-1.0,-21.0,-1.0,-22.0,0.0,-23.0,1.0,-22.0,1.0,-23.0,1.0,-24.0,0.0,-25.0,0.0,-26.0,0.0,-26.0,0.0,-26.0,0.0,-25.0,1.0,-25.0,2.0,-25.0,3.0,-25.0,5.0,-25.0,6.0,-25.0,6.0,-23.0,7.0,-22.0
5.0,-12.0,4.0,-12.0,4.0,-13.0,5.0,-13.0,5.0,-12.0,4.0,-11.0,3.0,-11.0,2.0,-11.0,2.0,-11.0,2.0,-11.0,2.0,-12.0,1.0,-12.0,0.0,-12.0,1.0,-11.0,0.0,-11.0,-2.0,-11.0,-3.0,-11.0,-3.0,-10.0,-4.0,-10.0,-4.0,-10.0,-4.0,-11.0,-5.0,-11.0,-5.0,-11.0,-6.0,-11.0,-7.0,-12.0,-8.0,-13.0,-11.0,-12.0,-11.0,-13.0,-12.0,-14.0,-12.0,-13.0,-11.0,-13.0,-12.0,-13.0,-13.0,-13.0,-13.0,-13.0,-14.0,-14.0,-15.0,-14.0,-15.0,-15.0,-13.0,-15.0,-13.0,-15.0,-15.0,-15.0,-16.0,-16.0,-17.0,-16.0,-17.0,-17.0,-16.0,-17.0,-16.0,-17.0,-16.0,-17.0,-15.0,-17.0,-14.0,-18.0,-14.0,-19.0,-13.0,-19.0,-11.0,-19.0,-10.0,-18.0
-12.0,4.0,-11.0,4.0,-11.0,5.0,-12.0,4.0,-11.0,3.0,-10.0,3.0,-9.0,4.0,-8.0,4.0,-8.0,5.0,-8.0,5.0,-9.0,5.0,-9.0,6.0,-8.0,6.0,-8.0,6.0,-7.0,6.0,-6.0,7.0,-5.0,7.0,-5.0,7.0,-5.0,7.0,-5.0,8.0,-5.0,8.0,-5.0,9.0,-4.0,9.0,-3.0,10.0,-4.0,11.0,-3.0,12.0,-2.0,13.0,-3.0,14.0,-2.0,15.0,-2.0,14.0,-2.0,14.0,-2.0,15.0,-2.0,15.0,-2.0,16.0,-1.0,16.0,-1.0,17.0,-2.0,17.0,-3.0,17.0,-3.0,17.0,-3.0,18.0,-2.0,18.0,-2.0,19.0,-2.0,20.0,-3.0,19.0,-2.0,19.0,-3.0,19.0,-3.0,19.0,-5.0,19.0,-6.0,19.0,-7.0,18.0,-7.0,17.0,-7.0,16.0
9.0,7.0,9.0,6.0,10.0,5.0,10.0,6.0,9.0,6.0,8.0,5.0,8.0,4.0,8.0,4.0,8.0,3.0,8.0,3.0,9.0,3.0,10.0,3.0,9.0,2.0,9.0,2.0,9.0,1.0,9.0,0.0,9.0,-1.0,8.0,-1.0,8.0,-2.0,9.0,-2.0,9.0,-2.0,9.0,-3.0,9.0,-3.0,10.0,-5.0,11.0,-6.0,11.0,-6.0,11.0,-8.0,12.0,-8.0,13.0,-9.0,13.0,-9.0,12.0,-8.0,12.0,-9.0,13.0,-10.0,13.0,-10.0,13.0,-10.0,14.0,-11.0,14.0,-11.0,14.0,-10.0,15.0,-10.0,15.0,-11.0,15.0,-11.0,16.0,-12.0,17.0,-12.0,17.0,-11.0,16.0,-11.0,16.0,-11.0,17.0,-11.0,17.0,-10.0,17.0,-10.0,18.0,-8.0,17.0,-7.0,17.0,-6.0
-1.0,11.0,0.0,10.0,0.0,11.0,-1.0,11.0,-1.0,10.0,-1.0,9.0,0.0,9.0,1.0,8.0,1.0,8.0,1.0,8.0,1.0,9.0,2.0,9.0,2.0,8.0,2.0,8.0,3.0,7.0,4.0,7.0,5.0,7.0,4.0,6.0,4.0,5.0,5.0,6.0,5.0,6.0,6.0,6.0,6.0,6.0,8.0,5.0,9.0,6.0,9.0,7.0,11.0,5.0,12.0,6.0,12.0,6.0,12.0,6.0,11.0,6.0,12.0,6.0,13.0,5.0,13.0,6.0,14.0,6.0,15.0,5.0,15.0,6.0,14.0,7.0,14.0,6.0,15.0,6.0,16.0,6.0,17.0,7.0,17.0,7.0,17.0,7.0,16.0,7.0,16.0,7.0,16.0,8.0,16.0,8.0,15.0,9.0,15.0,10.0,14.0,10.0,13.0,10.0
-11.0,-6.0,-11.0,-5.0,-11.0,-5.0,-11.0,-5.0,-10.0,-5.0,-10.0,-5.0,-9.0,-4.0,-9.0,-3.0,-9.0,-3.0,-9.0,-3.0,-10.0,-3.0,-10.0,-2.0,-10.0,-2.0,-10.0,-2.0,-10.0,-1.0,-10.0,0.0,-10.0,1.0,-9.0,1.0,-9.0,1.0,-9.0,2.0,-10.0,2.0,-10.0,2.0,-10.0,3.0,-10.0,4.0,-11.0,5.0,-12.0,5.0,-11.0,7.0,-12.0,7.0,-13.0,8.0,-13.0,7.0,-13.0,7.0,-13.0,8.0,-13.0,9.0,-13.0,9.0,-13.0,9.0,-13.0,10.0,-14.0,9.0,-14.0,9.0,-15.0,9.0,-15.0,9.0,-15.0,10.0,-16.0,11.0,-16.0,11.0,-16.0,10.0,-16.0,9.0,-16.0,9.0,-16.0,9.0,-17.0,9.0,-17.0,8.0,-17.0,7.0,-17.0,5.0,-17.0,4.0
2.0,12.0,2.0,11.0,3.0,12.0,2.0,12.0,1.0,11.0,2.0,10.0,3.0,10.0,3.0,9.0,3.0,9.0,3.0,9.0,4.0,10.0,5.0,9.0,5.0,9.0,4.0,8.0,5.0,8.0,6.0,7.0,7.0,6.0,6.0,6.0,7.0,5.0,7.0,5.0,8.0,6.0,8.0,6.0,8.0,5.0,9.0,4.0,11.0,5.0,12.0,5.0,14.0,4.0,14.0,4.0,15.0,4.0,15.0,4.0,14.0,4.0,15.0,3.0,16.0,3.0,16.0,3.0,17.0,3.0,18.0,3.0,18.0,3.0,17.0,4.0,17.0,4.0,18.0,3.0,19.0,4.0,20.0,3.0,20.0,4.0,20.0,4.0,20.0,4.0,20.0,4.0,20.0,5.0,19.0,5.0,18.0,6.0,18.0,7.0,17.0,8.0,16.0,9.0
4.0,-12.0,3.0,-12.0,3.0,-13.0,4.0,-13.0,4.0,-12.0,3.0,-11.0,2.0,-11.0,1.0,-10.0,1.0,-10.0,1.0,-11.0,1.0,-11.0,0.0,-12.0,0.0,-11.0,0.0,-11.0,0.0,-10.0,-2.0,-11.0,-3.0,-11.0,-3.0,-10.0,-3.0,-10.0,-3.0,-10.0,-3.0,-10.0,-4.0,-11.0,-5.0,-10.0,-6.0,-10.0,-7.0,-12.0,-8.0,-12.0,-10.0,-12.0,-10.0,-13.0,-10.0,-13.0,-10.0,-13.0,-10.0,-13.0,-10.0,-13.0,-11.0,-13.0,-11.0,-13.0,-12.0,-13.0,-13.0,-14.0,-13.0,-15.0,-11.0,-15.0,-12.0,-15.0,-13.0,-15.0,-14.0,-16.0,-15.0,-16.0,-15.0,-17.0,-14.0,-17.0,-13.0,-16.0,-13.0,-17.0,-13.0,-17.0,-12.0,-17.0,-11.0,-18.0,-10.0,-18.0,-9.0,-18.0,-8.0,-18.0
-10.0,10.0,-9.0,10.0,-9.0,11.0,-10.0,11.0,-10.0,10.0,-8.0,9.0,-7.0,9.0,-6.0,9.0,-6.0,9.0,-6.0,10.0,-6.0,11.0,-6.0,11.0,-5.0,11.0,-5.0,10.0,-5.0,10.0,-3.0,11.0,-2.0,11.0,-2.0,10.0,-1.0,10.0,-1.0,10.0,-1.0,11.0,-1.0,12.0,0.0,11.0,2.0,12.0,2.0,13.0,3.0,14.0,5.0,15.0,5.0,16.0,5.0,16.0,5.0,16.0,5.0,16.0,5.0,16.0,6.0,16.0,7.0,17.0,7.0,18.0,8.0,18.0,8.0,19.0,6.0,18.0,6.0,18.0,7.0,19.0,8.0,20.0,9.0,21.0,9.0,22.0,8.0,21.0,8.0,21.0,7.0,21.0,7.0,21.0,6.0,22.0,5.0,22.0,4.0,22.0,2.0,21.0,2.0,21.0
-2.0,12.0,-1.0,12.0,-1.0,12.0,-2.0,12.0,-2.0,11.0,-2.0,11.0,-1.0,10.0,0.0,10.0,0.0,9.0,0.0,10.0,1.0,10.0,1.0,11.0,1.0,10.0,1.0,9.0,2.0,9.0,3.0,9.0,4.0,8.0,4.0,8.0,4.0,7.0,4.0,8.0,5.0,8.0,5.0,8.0,6.0,8.0,7.0,8.0,8.0,9.0,9.0,9.0,11.0,8.0,11.0,9.0,12.0,9.0,12.0,9.0,11.0,8.0,12.0,8.0,13.0,8.0,13.0,9.0,14.0,9.0,15.0,9.0,15.0,9.0,14.0,10.0,14.0,10.0,15.0,10.0,16.0,10.0,17.0,11.0,17.0,11.0,17.0,11.0,16.0,11.0,16.0,12.0,16.0,12.0,15.0,12.0,14.0,13.0,14.0,14.0,12.0,14.0,11.0,14.0
6.0,-11.0,5.0,-11.0,5.0,-12.0,6.0,-12.0,6.0,-11.0,5.0,-10.0,4.0,-10.0,3.0,-10.0,3.0,-10.0,3.0,-10.0,3.0,-11.0,2.0,-11.0,2.0,-11.0,2.0,-10.0,2.0,-10.0,0.0,-11.0,-1.0,-10.0,-1.0,-10.0,-1.0,-10.0,-1.0,-10.0,-2.0,-11.0,-2.0,-11.0,-3.0,-11.0,-4.0,-11.0,-5.0,-12.0,-5.0,-13.0,-7.0,-13.0,-7.0,-14.0,-8.0,-14.0,-8.0,-14.0,-7.0,-14.0,-8.0,-14.0,-9.0,-14.0,-9.0,-15.0,-10.0,-15.0,-11.0,-15.0,-10.0,-16.0,-9.0,-16.0,-9.0,-16.0,-10.0,-17.0,-11.0,-17.0,-12.0,-18.0,-12.0,-18.0,-11.0,-18.0,-11.0,-18.0,-10.0,-18.0,-10.0,-19.0,-9.0,-19.0,-8.0,-19.0,-7.0,-19.0,-6.0,-19.0,-5.0,-19.0
8.0,8.0,9.0,7.0,9.0,7.0,9.0,7.0,8.0,7.0,8.0,6.0,8.0,6.0,8.0,5.0,8.0,5.0,8.0,5.0,9.0,5.0,10.0,4.0,9.0,4.0,9.0,3.0,9.0,3.0,9.0,2.0,9.0,1.0,9.0,1.0,9.0,0.0,9.0,0.0,10.0,0.0,10.0,0.0,10.0,-1.0,11.0,-2.0,12.0,-3.0,12.0,-3.0,13.0,-5.0,14.0,-5.0,14.0,-5.0,14.0,-5.0,14.0,-5.0,14.0,-6.0,14.0,-7.0,15.0,-7.0,15.0,-7.0,16.0,-7.0,16.0,-7.0,16.0,-6.0,17.0,-7.0,17.0,-7.0,17.0,-7.0,18.0,-8.0,19.0,-8.0,18.0,-8.0,18.0,-7.0,18.0,-7.0,19.0,-6.0,19.0,-6.0,20.0,-5.0,20.0,-4.0,19.0,-2.0,18.0,-1.0
13.0,-3.0,13.0,-3.0,13.0,-4.0,13.0,-3.0,12.0,-3.0,11.0,-3.0,11.0,-3.0,10.0,-4.0,10.0,-4.0,10.0,-4.0,11.0,-5.0,11.0,-6.0,10.0,-6.0,10.0,-6.0,9.0,-6.0,8.0,-7.0,7.0,-8.0,7.0,-8.0,7.0,-8.0,7.0,-9.0,8.0,-9.0,7.0,-10.0,6.0,-10.0,6.0,-11.0,7.0,-13.0,7.0,-13.0,5.0,-15.0,6.0,-16.0,6.0,-17.0,5.0,-17.0,6.0,-16.0,6.0,-17.0,5.0,-18.0,5.0,-18.0,5.0,-19.0,5.0,-20.0,6.0,-20.0,7.0,-19.0,7.0,-20.0,6.0,-21.0,6.0,-21.0,6.0,-22.0,6.0,-23.0,7.0,-22.0,7.0,-22.0,8.0,-22.0,8.0,-22.0,9.0,-22.0,11.0,-21.0,12.0,-20.0,12.0,-19.0,12.0,-18.0
-10.0,-7.0,-11.0,-6.0,-11.0,-6.0,-11.0,-7.0,-10.0,-7.0,-10.0,-6.0,-10.0,-5.0,-10.0,-4.0,-10.0,-4.0,-10.0,-4.0,-11.0,-4.0,-11.0,-4.0,-11.0,-3.0,-10.0,-3.0,-10.0,-2.0,-11.0,-1.0,-10.0,0.0,-10.0,0.0,-10.0,1.0,-10.0,1.0,-11.0,1.0,-11.0,2.0,-10.0,2.0,-11.0,4.0,-12.0,4.0,-13.0,4.0,-13.0,7.0,-13.0,7.0,-14.0,8.0,-14.0,8.0,-13.0,7.0,-14.0,8.0,-14.0,9.0,-14.0,9.0,-14.0,10.0,-14.0,10.0,-15.0,10.0,-15.0,9.0,-16.0,10.0,-16.0,10.0,-16.0,11.0,-17.0,12.0,-18.0,12.0,-17.0,12.0,-17.0,11.0,-17.0,11.0,-18.0,11.0,-18.0,10.0,-19.0,10.0,-19.0,8.0,-19.0,7.0,-19.0,6.0
12.0,-2.0,11.0,-3.0,12.0,-4.0,12.0,-3.0,11.0,-3.0,10.0,-3.0,9.0,-4.0,9.0,-4.0,9.0,-4.0,9.0,-4.0,10.0,-5.0,9.0,-6.0,9.0,-6.0,9.0,-5.0,8.0,-6.0,7.0,-7.0,6.0,-8.0,5.0,-7.0,5.0,-8.0,5.0,-8.0,6.0,-9.0,5.0,-9.0,5.0,-9.0,4.0,-10.0,4.0,-12.0,4.0,-13.0,2.0,-14.0,3.0,-15.0,3.0,-16.0,2.0,-16.0,2.0,-15.0,2.0,-16.0,1.0,-17.0,1.0,-17.0,1.0,-18.0,1.0,-19.0,1.0,-19.0,2.0,-18.0,2.0,-19.0,2.0,-20.0,1.0,-20.0,0.0,-21.0,1.0,-22.0,1.0,-21.0,1.0,-21.0,1.0,-21.0,2.0,-21.0,3.0,-22.0,4.0,-22.0,5.0,-21.0,6.0,-19.0,6.0,-18.0
13.0,-8.0,12.0,-9.0,12.0,-10.0,13.0,-9.0,12.0,-8.0,11.0,-8.0,10.0,-9.0,9.0,-9.0,9.0,-9.0,9.0,-9.0,9.0,-10.0,9.0,-11.0,8.0,-11.0,8.0,-10.0,7.0,-10.0,5.0,-11.0,4.0,-11.0,4.0,-11.0,3.0,-12.0,3.0,-12.0,3.0,-13.0,3.0,-13.0,2.0,-13.0,1.0,-14.0,1.0,-16.0,0.0,-17.0,-3.0,-18.0,-2.0,-19.0,-3.0,-20.0,-3.0,-19.0,-2.0,-19.0,-3.0,-20.0,-4.0,-21.0,-4.0,-21.0,-5.0,-21.0,-6.0,-22.0,-5.0,-23.0,-3.0,-23.0,-3.0,-23.0,-4.0,-24.0,-5.0,-25.0,-6.0,-26.0,-6.0,-27.0,-5.0,-26.0,-5.0,-26.0,-4.0,-26.0,-4.0,-26.0,-2.0,-27.0,-1.0,-27.0,1.0,-27.0,2.0,-25.0,3.0,-24.0
-13.0,-6.0,-13.0,-5.0,-14.0,-4.0,-14.0,-5.0,-13.0,-5.0,-12.0,-5.0,-12.0,-4.0,-12.0,-3.0,-12.0,-3.0,-12.0,-3.0,-13.0,-3.0,-13.0,-2.0,-12.0,-1.0,-11.0,-1.0,-11.0,-1.0,-11.0,1.0,-11.0,2.0,-10.0,2.0,-10.0,3.0,-10.0,3.0,-11.0,4.0,-11.0,4.0,-11.0,4.0,-11.0,6.0,-12.0,7.0,-12.0,8.0,-12.0,10.0,-13.0,11.0,-13.0,12.0,-13.0,11.0,-13.0,11.0,-13.0,12.0,-13.0,13.0,-13.0,13.0,-13.0,14.0,-14.0,15.0,-14.0,14.0,-15.0,14.0,-15.0,14.0,-16.0,15.0,-16.0,16.0,-16.0,17.0,-17.0,17.0,-17.0,17.0,-17.0,16.0,-17.0,16.0,-18.0,15.0,-18.0,15.0,-19.0,14.0,-20.0,13.0,-20.0,11.0,-20.0,9.0
10.0,5.0,11.0,4.0,11.0,4.0,11.0,5.0,10.0,5.0,9.0,4.0,9.0,3.0,9.0,3.0,9.0,2.0,9.0,2.0,10.0,2.0,10.0,2.0,10.0,1.0,9.0,1.0,9.0,0.0,9.0,-1.0,9.0,-2.0,8.0,-2.0,8.0,-3.0,8.0,-3.0,9.0,-3.0,9.0,-4.0,9.0,-5.0,9.0,-6.0,10.0,-7.0,10.0,-7.0,10.0,-9.0,11.0,-10.0,11.0,-10.0,11.0,-10.0,11.0,-10.0,11.0,-11.0,11.0,-12.0,11.0,-12.0,12.0,-13.0,12.0,-13.0,13.0,-13.0,13.0,-13.0,13.0,-13.0,14.0,-14.0,14.0,-14.0,14.0,-15.0,15.0,-15.0,15.0,-15.0,15.0,-14.0,15.0,-14.0,16.0,-13.0,17.0,-13.0,17.0,-13.0,18.0,-11.0,17.0,-10.0,17.0,-8.0
-11.0,6.0,-10.0,6.0,-10.0,7.0,-11.0,6.0,-11.0,6.0,-10.0,5.0,-9.0,6.0,-8.0,6.0,-8.0,6.0,-8.0,6.0,-8.0,7.0,-8.0,8.0,-7.0,7.0,-7.0,7.0,-6.0,7.0,-5.0,8.0,-4.0,8.0,-3.0,8.0,-3.0,8.0,-3.0,8.0,-3.0,9.0,-3.0,9.0,-2.0,9.0,-1.0,10.0,-1.0,11.0,0.0,12.0,2.0,13.0,2.0,14.0,3.0,15.0,3.0,14.0,3.0,14.0,3.0,15.0,4.0,15.0,4.0,15.0,5.0,16.0,6.0,16.0,5.0,17.0,4.0,17.0,4.0,17.0,5.0,18.0,6.0,18.0,7.0,19.0,7.0,20.0,6.0,20.0,6.0,19.0,5.0,20.0,5.0,20.0,4.0,20.0,2.0,20.0,2.0,20.0,1.0,20.0,0.0,19.0
-8.0,11.0,-7.0,11.0,-7.0,12.0,-8.0,12.0,-8.0,10.0,-7.0,10.0,-6.0,10.0,-5.0,10.0,-5.0,10.0,-5.0,10.0,-5.0,11.0,-4.0,11.0,-3.0,11.0,-3.0,10.0,-3.0,10.0,-1.0,10.0,0.0,10.0,1.0,9.0,1.0,9.0,1.0,9.0,1.0,10.0,2.0,10.0,3.0,10.0,4.0,10.0,5.0,12.0,6.0,12.0,9.0,12.0,9.0,13.0,10.0,13.0,10.0,13.0,9.0,13.0,10.0,13.0,11.0,13.0,12.0,14.0,13.0,14.0,14.0,14.0,13.0,15.0,12.0,15.0,12.0,15.0,13.0,16.0,14.0,16.0,15.0,17.0,16.0,18.0,15.0,18.0,15.0,18.0,14.0,18.0,14.0,18.0,13.0,18.0,12.0,19.0,11.0,20.0,9.0,20.0,8.0,20.0
-14.0,3.0,-13.0,4.0,-14.0,4.0,-14.0,4.0,-13.0,3.0,-12.0,3.0,-11.0,4.0,-10.0,4.0,-10.0,4.0,-11.0,4.0,-11.0,5.0,-11.0,6.0,-10.0,6.0,-10.0,5.0,-9.0,6.0,-8.0,7.0,-7.0,7.0,-7.0,7.0,-6.0,8.0,-6.0,8.0,-7.0,9.0,-6.0,10.0,-5.0,10.0,-5.0,11.0,-5.0,12.0,-5.0,13.0,-3.0,15.0,-4.0,16.0,-3.0,17.0,-3.0,17.0,-3.0,16.0,-3.0,17.0,-2.0,18.0,-2.0,18.0,-1.0,19.0,-1.0,19.0,-2.0,20.0,-4.0,19.0,-4.0,20.0,-3.0,21.0,-2.0,22.0,-2.0,23.0,-2.0,24.0,-3.0,23.0,-3.0,23.0,-3.0,23.0,-4.0,23.0,-5.0,23.0,-6.0,23.0,-8.0,22.0,-9.0,20.0,-9.0,19.0
9.0,8.0,9.0,7.0,9.0,7.0,9.0,7.0,8.0,7.0,8.0,6.0,8.0,5.0,8.0,5.0,8.0,4.0,8.0,4.0,9.0,5.0,9.0,4.0,9.0,3.0,9.0,3.0,8.0,3.0,9.0,1.0,9.0,0.0,9.0,0.0,9.0,-1.0,9.0,-1.0,10.0,-1.0,10.0,-2.0,10.0,-2.0,10.0,-3.0,12.0,-4.0,12.0,-4.0,13.0,-6.0,13.0,-6.0,14.0,-7.0,13.0,-7.0,13.0,-7.0,13.0,-8.0,13.0,-9.0,14.0,-9.0,14.0,-9.0,15.0,-10.0,16.0,-9.0,16.0,-9.0,16.0,-9.0,16.0,-10.0,17.0,-10.0,17.0,-11.0,18.0,-11.0,18.0,-10.0,18.0,-10.0,18.0,-10.0,18.0,-10.0,19.0,-9.0,19.0,-8.0,20.0,-7.0,19.0,-5.0,18.0,-4.0
-13.0,5.0,-12.0,6.0,-13.0,6.0,-13.0,6.0,-12.0,5.0,-11.0,5.0,-10.0,5.0,-9.0,6.0,-9.0,6.0,-9.0,6.0,-10.0,7.0,-9.0,8.0,-9.0,8.0,-9.0,7.0,-8.0,7.0,-6.0,9.0,-5.0,9.0,-5.0,9.0,-4.0,9.0,-5.0,10.0,-5.0,10.0,-4.0,11.0,-3.0,11.0,-3.0,12.0,-3.0,13.0,-2.0,14.0,0.0,15.0,-1.0,16.0,0.0,17.0,0.0,17.0,0.0,17.0,0.0,17.0,1.0,18.0,1.0,18.0,2.0,19.0,3.0,19.0,2.0,20.0,0.0,20.0,0.0,20.0,1.0,21.0,2.0,22.0,3.0,23.0,3.0,24.0,2.0,23.0,2.0,23.0,1.0,23.0,0.0,23.0,0.0,23.0,-2.0,23.0,-3.0,23.0,-4.0,22.0,-5.0,21.0
-13.0,-5.0,-13.0,-4.0,-14.0,-4.0,-14.0,-5.0,-13.0,-5.0,-12.0,-4.0,-12.0,-3.0,-11.0,-2.0,-11.0,-2.0,-12.0,-2.0,-12.0,-2.0,-13.0,-1.0,-12.0,0.0,-11.0,0.0,-11.0,0.0,-11.0,2.0,-11.0,3.0,-10.0,3.0,-10.0,4.0,-10.0,4.0,-11.0,5.0,-11.0,5.0,-11.0,6.0,-11.0,7.0,-12.0,8.0,-13.0,8.0,-12.0,11.0,-13.0,12.0,-13.0,13.0,-13.0,12.0,-13.0,12.0,-13.0,13.0,-12.0,14.0,-12.0,14.0,-13.0,15.0,-13.0,15.0,-14.0,15.0,-14.0,14.0,-14.0,15.0,-15.0,16.0,-14.0,17.0,-15.0,18.0,-15.0,19.0,-15.0,18.0,-15.0,17.0,-16.0,17.0,-17.0,16.0,-17.0,16.0,-18.0,16.0,-19.0,15.0,-19.0,12.0,-19.0,11.0
13.0,2.0,13.0,1.0,13.0,0.0,14.0,1.0,12.0,1.0,11.0,1.0,11.0,0.0,10.0,0.0,10.0,-1.0,11.0,-1.0,11.0,-2.0,12.0,-3.0,11.0,-3.0,10.0,-3.0,10.0,-3.0,10.0,-5.0,9.0,-5.0,8.0,-5.0,8.0,-6.0,9.0,-6.0,9.0,-7.0,9.0,-7.0,9.0,-8.0,9.0,-9.0,10.0,-11.0,10.0,-11.0,10.0,-13.0,11.0,-14.0,11.0,-15.0,10.0,-15.0,10.0,-14.0,10.0,-15.0,10.0,-16.0,11.0,-16.0,11.0,-16.0,11.0,-17.0,12.0,-17.0,12.0,-17.0,12.0,-17.0,13.0,-18.0,13.0,-19.0,13.0,-20.0,13.0,-20.0,14.0,-20.0,14.0,-19.0,14.0,-19.0,15.0,-19.0,16.0,-18.0,17.0,-18.0,17.0,-17.0,17.0,-15.0,17.0,-13.0
-12.0,-4.0,-12.0,-3.0,-12.0,-3.0,-12.0,-3.0,-11.0,-3.0,-11.0,-3.0,-10.0,-2.0,-10.0,-1.0,-10.0,-1.0,-10.0,-1.0,-11.0,-1.0,-11.0,0.0,-11.0,1.0,-10.0,1.0,-10.0,1.0,-10.0,3.0,-9.0,3.0,-9.0,3.0,-9.0,4.0,-9.0,5.0,-10.0,5.0,-10.0,6.0,-9.0,6.0,-9.0,7.0,-10.0,8.0,-10.0,8.0,-9.0,11.0,-11.0,11.0,-11.0,12.0,-11.0,12.0,-11.0,11.0,-11.0,12.0,-11.0,13.0,-11.0,13.0,-10.0,14.0,-10.0,14.0,-11.0,14.0,-12.0,13.0,-12.0,14.0,-12.0,15.0,-12.0,16.0,-12.0,17.0,-13.0,17.0,-13.0,17.0,-12.0,16.0,-12.0,16.0,-13.0,16.0,-14.0,16.0,-15.0,15.0,-16.0,14.0,-16.0,12.0,-15.0,11.0
5.0,10.0,6.0,10.0,6.0,10.0,6.0,10.0,5.0,9.0,5.0,8.0,5.0,8.0,6.0,7.0,6.0,7.0,6.0,7.0,7.0,7.0,8.0,7.0,7.0,6.0,7.0,6.0,7.0,5.0,8.0,4.0,8.0,3.0,8.0,3.0,8.0,2.0,9.0,2.0,9.0,2.0,10.0,2.0,10.0,2.0,11.0,1.0,12.0,1.0,13.0,1.0,14.0,-1.0,15.0,-1.0,16.0,-1.0,16.0,-2.0,15.0,-1.0,15.0,-2.0,16.0,-2.0,16.0,-2.0,17.0,-3.0,18.0,-3.0,18.0,-3.0,18.0,-2.0,18.0,-2.0,19.0,-3.0,19.0,-3.0,20.0,-4.0,21.0,-3.0,21.0,-3.0,20.0,-2.0,21.0,-2.0,21.0,-2.0,21.0,-1.0,21.0,0.0,20.0,1.0,20.0,2.0,19.0,3.0
-13.0,-7.0,-13.0,-6.0,-13.0,-5.0,-13.0,-6.0,-12.0,-6.0,-12.0,-6.0,-11.0,-5.0,-11.0,-4.0,-11.0,-3.0,-12.0,-3.0,-12.0,-3.0,-13.0,-3.0,-12.0,-2.0,-12.0,-2.0,-12.0,-1.0,-12.0,1.0,-12.0,1.0,-11.0,1.0,-11.0,2.0,-11.0,2.0,-12.0,3.0,-12.0,3.0,-12.0,4.0,-12.0,5.0,-14.0,6.0,-15.0,6.0,-14.0,9.0,-16.0,9.0,-16.0,10.0,-16.0,10.0,-15.0,9.0,-16.0,10.0,-16.0,11.0,-16.0,11.0,-16.0,12.0,-17.0,12.0,-17.0,12.0,-18.0,11.0,-18.0,11.0,-19.0,12.0,-19.0,13.0,-20.0,14.0,-20.0,14.0,-20.0,13.0,-20.0,13.0,-20.0,12.0,-21.0,12.0,-21.0,12.0,-22.0,11.0,-22.0,9.0,-22.0,7.0,-21.0,6.0
11.0,-4.0,11.0,-4.0,11.0,-5.0,12.0,-5.0,11.0,-4.0,10.0,-4.0,9.0,-4.0,8.0,-5.0,8.0,-5.0,9.0,-5.0,9.0,-6.0,9.0,-6.0,9.0,-7.0,8.0,-6.0,7.0,-7.0,6.0,-8.0,6.0,-8.0,5.0,-8.0,5.0,-8.0,5.0,-9.0,6.0,-9.0,5.0,-10.0,4.0,-10.0,4.0,-11.0,4.0,-13.0,4.0,-13.0,3.0,-15.0,4.0,-16.0,4.0,-17.0,3.0,-16.0,3.0,-16.0,3.0,-16.0,3.0,-17.0,3.0,-18.0,2.0,-18.0,2.0,-19.0,3.0,-19.0,4.0,-19.0,4.0,-19.0,4.0,-20.0,3.0,-20.0,3.0,-21.0,3.0,-22.0,4.0,-21.0,4.0,-21.0,4.0,-21.0,5.0,-21.0,6.0,-21.0,7.0,-21.0,8.0,-20.0,9.0,-19.0,9.0,-18.0
-7.0,-11.0,-7.0,-10.0,-7.0,-10.0,-7.0,-10.0,-6.0,-10.0,-6.0,-9.0,-7.0,-9.0,-7.0,-8.0,-7.0,-8.0,-7.0,-8.0,-8.0,-8.0,-8.0,-8.0,-8.0,-7.0,-8.0,-7.0,-8.0,-6.0,-9.0,-6.0,-9.0,-5.0,-9.0,-4.0,-9.0,-3.0,-9.0,-3.0,-10.0,-4.0,-10.0,-3.0,-10.0,-3.0,-11.0,-2.0,-12.0,-2.0,-13.0,-2.0,-14.0,0.0,-14.0,0.0,-15.0,0.0,-15.0,0.0,-15.0,0.0,-15.0,0.0,-16.0,1.0,-16.0,1.0,-17.0,1.0,-17.0,2.0,-18.0,1.0,-17.0,0.0,-17.0,0.0,-18.0,1.0,-19.0,1.0,-19.0,1.0,-20.0,1.0,-20.0,1.0,-20.0,1.0,-20.0,0.0,-20.0,0.0,-20.0,-1.0,-20.0,-1.0,-20.0,-3.0,-19.0,-4.0,-18.0,-5.0
-9.0,9.0,-8.0,9.0,-8.0,9.0,-9.0,9.0,-9.0,8.0,-8.0,8.0,-7.0,8.0,-6.0,8.0,-6.0,8.0,-6.0,8.0,-6.0,9.0,-6.0,10.0,-5.0,9.0,-5.0,8.0,-5.0,8.0,-3.0,9.0,-2.0,9.0,-2.0,9.0,-1.0,9.0,-2.0,9.0,-2.0,10.0,-1.0,10.0,0.0,10.0,1.0,10.0,1.0,12.0,2.0,13.0,4.0,13.0,3.0,14.0,4.0,15.0,4.0,14.0,3.0,14.0,4.0,14.0,5.0,14.0,5.0,15.0,6.0,16.0,7.0,16.0,6.0,17.0,5.0,16.0,5.0,16.0,6.0,17.0,7.0,18.0,7.0,19.0,7.0,20.0,7.0,20.0,7.0,19.0,6.0,19.0,6.0,20.0,5.0,20.0,4.0,20.0,3.0,20.0,2.0,20.0,1.0,19.0
11.0,-10.0,11.0,-11.0,11.0,-12.0,12.0,-11.0,11.0,-10.0,9.0,-9.0,8.0,-10.0,8.0,-10.0,7.0,-10.0,7.0,-10.0,8.0,-11.0,7.0,-12.0,7.0,-12.0,7.0,-11.0,6.0,-11.0,4.0,-12.0,2.0,-12.0,2.0,-11.0,1.0,-12.0,2.0,-12.0,2.0,-13.0,1.0,-13.0,0.0,-13.0,-1.0,-14.0,-1.0,-16.0,-2.0,-17.0,-4.0,-18.0,-4.0,-19.0,-5.0,-19.0,-5.0,-19.0,-5.0,-18.0,-5.0,-19.0,-6.0,-20.0,-6.0,-20.0,-7.0,-21.0,-8.0,-21.0,-7.0,-22.0,-5.0,-22.0,-6.0,-22.0,-7.0,-23.0,-8.0,-24.0,-8.0,-25.0,-8.0,-26.0,-8.0,-25.0,-7.0,-25.0,-7.0,-25.0,-6.0,-26.0,-5.0,-26.0,-4.0,-27.0,-3.0,-26.0,-1.0,-25.0,0.0,-24.0
-12.0,-9.0,-12.0,-8.0,-13.0,-7.0,-13.0,-8.0,-12.0,-8.0,-11.0,-7.0,-11.0,-6.0,-11.0,-5.0,-11.0,-5.0,-11.0,-5.0,-12.0,-5.0,-12.0,-5.0,-12.0,-4.0,-11.0,-4.0,-11.0,-3.0,-11.0,-2.0,-11.0,-1.0,-10.0,0.0,-10.0,1.0,-11.0,1.0,-11.0,1.0,-12.0,2.0,-11.0,2.0,-12.0,4.0,-13.0,4.0,-14.0,5.0,-14.0,7.0,-15.0,7.0,-15.0,8.0,-15.0,8.0,-15.0,8.0,-15.0,9.0,-15.0,9.0,-15.0,10.0,-16.0,10.0,-16.0,11.0,-17.0,10.0,-17.0,9.0,-18.0,10.0,-18.0,11.0,-18.0,11.0,-19.0,12.0,-20.0,13.0,-20.0,12.0,-19.0,11.0,-20.0,11.0,-20.0,11.0,-21.0,10.0,-22.0,9.0,-22.0,8.0,-22.0,6.0,-21.0,5.0
3.0,10.0,4.0,10.0,4.0,10.0,4.0,10.0,3.0,9.0,3.0,9.0,3.0,8.0,4.0,7.0,4.0,7.0,4.0,7.0,4.0,8.0,5.0,7.0,5.0,7.0,5.0,6.0,5.0,6.0,6.0,5.0,6.0,4.0,6.0,4.0,6.0,3.0,7.0,3.0,7.0,3.0,8.0,3.0,8.0,3.0,9.0,2.0,10.0,2.0,11.0,2.0,12.0,1.0,12.0,1.0,13.0,0.0,13.0,0.0,13.0,0.0,13.0,0.0,14.0,0.0,14.0,0.0,15.0,0.0,16.0,-1.0,16.0,0.0,15.0,0.0,15.0,0.0,16.0,0.0,17.0,0.0,18.0,-1.0,18.0,-1.0,18.0,0.0,18.0,0.0,18.0,1.0,18.0,1.0,18.0,2.0,18.0,2.0,17.0,3.0,16.0,5.0,16.0,5.0
-10.0,9.0,-9.0,10.0,-9.0,10.0,-10.0,10.0,-9.0,9.0,-8.0,8.0,-7.0,8.0,-7.0,8.0,-6.0,8.0,-6.0,9.0,-6.0,9.0,-5.0,10.0,-5.0,10.0,-5.0,9.0,-4.0,9.0,-2.0,9.0,-1.0,9.0,-1.0,9.0,0.0,9.0,-1.0,9.0,0.0,10.0,0.0,10.0,1.0,10.0,2.0,10.0,3.0,12.0,4.0,13.0,7.0,13.0,6.0,14.0,7.0,15.0,7.0,15.0,6.0,14.0,7.0,15.0,8.0,15.0,8.0,16.0,9.0,16.0,10.0,16.0,10.0,17.0,9.0,17.0,8.0,17.0,10.0,18.0,11.0,18.0,12.0,19.0,12.0,20.0,11.0,20.0,11.0,19.0,10.0,20.0,10.0,20.0,9.0,21.0,8.0,21.0,7.0,21.0,6.0,21.0,5.0,20.0
3.0,11.0,4.0,10.0,4.0,11.0,3.0,11.0,3.0,10.0,3.0,9.0,4.0,9.0,4.0,8.0,4.0,7.0,4.0,7.0,5.0,8.0,5.0,8.0,5.0,7.0,5.0,6.0,5.0,6.0,7.0,5.0,7.0,4.0,7.0,4.0,7.0,3.0,8.0,3.0,8.0,3.0,9.0,3.0,9.0,2.0,10.0,2.0,12.0,2.0,12.0,2.0,13.0,0.0,14.0,0.0,15.0,0.0,15.0,0.0,15.0,0.0,15.0,0.0,16.0,-1.0,16.0,-1.0,17.0,-1.0,17.0,-2.0,18.0,-1.0,17.0,0.0,17.0,0.0,18.0,-1.0,19.0,0.0,20.0,-1.0,21.0,-1.0,21.0,-1.0,20.0,-1.0,20.0,0.0,20.0,0.0,20.0,1.0,20.0,2.0,20.0,3.0,19.0,4.0,18.0,5.0
-12.0,-1.0,-12.0,0.0,-13.0,0.0,-13.0,-1.0,-12.0,-1.0,-11.0,-1.0,-10.0,0.0,-10.0,0.0,-10.0,1.0,-10.0,1.0,-10.0,2.0,-10.0,3.0,-10.0,3.0,-9.0,3.0,-9.0,3.0,-8.0,4.0,-7.0,5.0,-7.0,5.0,-7.0,5.0,-7.0,6.0,-8.0,6.0,-8.0,7.0,-7.0,7.0,-6.0,9.0,-7.0,10.0,-7.0,11.0,-6.0,13.0,-7.0,13.0,-7.0,14.0,-6.0,14.0,-7.0,14.0,-7.0,14.0,-7.0,15.0,-7.0,15.0,-6.0,16.0,-6.0,17.0,-6.0,17.0,-7.0,17.0,-7.0,17.0,-7.0,18.0,-7.0,19.0,-7.0,20.0,-8.0,20.0,-8.0,20.0,-8.0,19.0,-9.0,19.0,-10.0,19.0,-11.0,19.0,-11.0,19.0,-12.0,18.0,-12.0,17.0,-12.0,16.0
7.0,7.0,8.0,6.0,8.0,6.0,8.0,6.0,8.0,6.0,7.0,5.0,7.0,5.0,7.0,4.0,7.0,4.0,7.0,4.0,8.0,4.0,8.0,3.0,8.0,2.0,7.0,2.0,7.0,1.0,8.0,0.0,8.0,-1.0,8.0,-1.0,8.0,-2.0,8.0,-2.0,8.0,-2.0,9.0,-3.0,9.0,-3.0,9.0,-5.0,10.0,-5.0,11.0,-6.0,11.0,-8.0,12.0,-8.0,12.0,-9.0,12.0,-9.0,11.0,-9.0,12.0,-10.0,12.0,-11.0,12.0,-11.0,13.0,-11.0,13.0,-12.0,14.0,-11.0,14.0,-11.0,14.0,-11.0,14.0,-12.0,14.0,-13.0,15.0,-13.0,15.0,-14.0,15.0,-13.0,15.0,-13.0,15.0,-12.0,16.0,-12.0,16.0,-12.0,17.0,-12.0,17.0,-10.0,17.0,-8.0,16.0,-8.0
8.0,-7.0,7.0,-8.0,7.0,-8.0,8.0,-8.0,7.0,-7.0,6.0,-7.0,6.0,-7.0,5.0,-7.0,4.0,-7.0,4.0,-7.0,4.0,-8.0,4.0,-9.0,4.0,-9.0,4.0,-8.0,3.0,-8.0,1.0,-9.0,0.0,-9.0,0.0,-9.0,0.0,-9.0,0.0,-9.0,-1.0,-10.0,-1.0,-10.0,-2.0,-10.0,-3.0,-10.0,-4.0,-12.0,-4.0,-13.0,-6.0,-13.0,-6.0,-14.0,-7.0,-15.0,-7.0,-14.0,-6.0,-14.0,-7.0,-14.0,-8.0,-15.0,-8.0,-15.0,-9.0,-15.0,-10.0,-16.0,-9.0,-17.0,-8.0,-17.0,-8.0,-17.0,-9.0,-18.0,-10.0,-18.0,-11.0,-18.0,-11.0,-19.0,-10.0,-19.0,-10.0,-19.0,-10.0,-19.0,-9.0,-19.0,-8.0,-19.0,-7.0,-20.0,-6.0,-20.0,-5.0,-20.0,-5.0,-19.0
5.0,-10.0,4.0,-10.0,4.0,-10.0,5.0,-10.0,5.0,-10.0,4.0,-9.0,3.0,-9.0,2.0,-9.0,2.0,-8.0,2.0,-9.0,1.0,-10.0,1.0,-10.0,0.0,-10.0,1.0,-9.0,0.0,-9.0,-2.0,-9.0,-3.0,-9.0,-3.0,-9.0,-3.0,-8.0,-3.0,-9.0,-3.0,-9.0,-4.0,-9.0,-5.0,-9.0,-6.0,-9.0,-7.0,-10.0,-8.0,-11.0,-10.0,-11.0,-10.0,-12.0,-11.0,-12.0,-11.0,-12.0,-10.0,-12.0,-11.0,-12.0,-12.0,-12.0,-12.0,-12.0,-13.0,-12.0,-14.0,-13.0,-13.0,-13.0,-12.0,-14.0,-12.0,-14.0,-13.0,-14.0,-14.0,-15.0,-15.0,-15.0,-16.0,-15.0,-15.0,-16.0,-14.0,-16.0,-14.0,-16.0,-14.0,-16.0,-13.0,-17.0,-12.0,-17.0,-11.0,-18.0,-10.0,-18.0,-10.0,-18.0
-12.0,-4.0,-12.0,-4.0,-12.0,-3.0,-12.0,-4.0,-11.0,-4.0,-11.0,-3.0,-10.0,-2.0,-10.0,-2.0,-10.0,-1.0,-10.0,-1.0,-11.0,-1.0,-11.0,0.0,-10.0,1.0,-10.0,1.0,-10.0,1.0,-9.0,3.0,-9.0,3.0,-8.0,3.0,-8.0,4.0,-8.0,5.0,-9.0,5.0,-9.0,6.0,-8.0,6.0,-8.0,8.0,-9.0,9.0,-9.0,10.0,-9.0,12.0,-10.0,13.0,-10.0,13.0,-9.0,13.0,-9.0,13.0,-9.0,14.0,-9.0,15.0,-9.0,15.0,-9.0,15.0,-9.0,16.0,-10.0,17.0,-10.0,16.0,-11.0,17.0,-11.0,18.0,-11.0,18.0,-11.0,19.0,-11.0,20.0,-11.0,19.0,-12.0,18.0,-12.0,18.0,-13.0,18.0,-13.0,18.0,-14.0,18.0,-14.0,17.0,-15.0,15.0,-15.0,14.0
-11.0,-3.0,-11.0,-2.0,-12.0,-1.0,-12.0,-2.0,-11.0,-2.0,-10.0,-2.0,-10.0,-1.0,-9.0,-1.0,-9.0,0.0,-9.0,0.0,-10.0,1.0,-10.0,1.0,-10.0,2.0,-9.0,2.0,-9.0,2.0,-8.0,3.0,-8.0,4.0,-8.0,4.0,-7.0,4.0,-7.0,5.0,-8.0,5.0,-8.0,6.0,-7.0,7.0,-7.0,8.0,-7.0,9.0,-8.0,10.0,-7.0,11.0,-8.0,12.0,-8.0,13.0,-8.0,12.0,-8.0,12.0,-8.0,13.0,-8.0,14.0,-8.0,14.0,-7.0,14.0,-7.0,15.0,-8.0,15.0,-9.0,15.0,-9.0,15.0,-9.0,16.0,-9.0,16.0,-9.0,18.0,-10.0,18.0,-10.0,17.0,-10.0,17.0,-10.0,16.0,-11.0,17.0,-11.0,17.0,-12.0,16.0,-13.0,16.0,-13.0,14.0,-12.0,13.0
5.0,10.0,6.0,9.0,7.0,9.0,6.0,10.0,5.0,9.0,5.0,8.0,6.0,7.0,6.0,7.0,6.0,6.0,6.0,6.0,7.0,6.0,8.0,6.0,8.0,5.0,7.0,5.0,7.0,4.0,8.0,3.0,8.0,2.0,8.0,2.0,8.0,1.0,9.0,1.0,9.0,1.0,10.0,1.0,10.0,0.0,10.0,-1.0,12.0,-2.0,13.0,-2.0,14.0,-4.0,14.0,-4.0,15.0,-4.0,15.0,-5.0,14.0,-4.0,15.0,-5.0,15.0,-6.0,16.0,-6.0,17.0,-7.0,18.0,-7.0,18.0,-7.0,17.0,-6.0,17.0,-6.0,18.0,-7.0,19.0,-7.0,20.0,-8.0,21.0,-8.0,20.0,-7.0,20.0,-7.0,20.0,-7.0,20.0,-7.0,21.0,-6.0,21.0,-6.0,21.0,-4.0,20.0,-2.0,20.0,-2.0
-3.0,-14.0,-4.0,-13.0,-4.0,-13.0,-3.0,-14.0,-3.0,-13.0,-3.0,-12.0,-4.0,-11.0,-5.0,-11.0,-5.0,-10.0,-5.0,-10.0,-6.0,-11.0,-7.0,-11.0,-7.0,-10.0,-6.0,-9.0,-7.0,-9.0,-9.0,-8.0,-9.0,-7.0,-9.0,-6.0,-9.0,-6.0,-9.0,-6.0,-10.0,-6.0,-11.0,-6.0,-11.0,-5.0,-12.0,-5.0,-14.0,-5.0,-15.0,-5.0,-17.0,-3.0,-18.0,-4.0,-18.0,-3.0,-18.0,-3.0,-17.0,-4.0,-18.0,-3.0,-19.0,-3.0,-20.0,-2.0,-21.0,-2.0,-21.0,-2.0,-22.0,-3.0,-21.0,-4.0,-21.0,-4.0,-23.0,-3.0,-24.0,-3.0,-25.0,-3.0,-25.0,-3.0,-25.0,-4.0,-24.0,-4.0,-24.0,-4.0,-24.0,-5.0,-24.0,-5.0,-24.0,-6.0,-23.0,-7.0,-22.0,-9.0,-21.0,-10.0
9.0,7.0,9.0,6.0,10.0,5.0,10.0,6.0,9.0,6.0,8.0,5.0,8.0,4.0,8.0,4.0,8.0,3.0,8.0,3.0,9.0,3.0,10.0,2.0,9.0,1.0,9.0,1.0,8.0,1.0,9.0,-1.0,9.0,-2.0,8.0,-2.0,8.0,-2.0,9.0,-3.0,9.0,-3.0,9.0,-3.0,9.0,-4.0,9.0,-6.0,11.0,-7.0,11.0,-7.0,11.0,-9.0,12.0,-10.0,12.0,-10.0,12.0,-10.0,12.0,-10.0,12.0,-11.0,12.0,-12.0,12.0,-12.0,13.0,-12.0,13.0,-13.0,14.0,-13.0,14.0,-12.0,14.0,-13.0,15.0,-14.0,15.0,-14.0,15.0,-15.0,16.0,-15.0,16.0,-14.0,16.0,-14.0,16.0,-14.0,16.0,-14.0,17.0,-14.0,17.0,-13.0,17.0,-12.0,17.0,-10.0,17.0,-9.0
-12.0,3.0,-11.0,3.0,-12.0,4.0,-12.0,4.0,-11.0,3.0,-10.0,3.0,-9.0,4.0,-9.0,4.0,-8.0,4.0,-8.0,4.0,-9.0,5.0,-9.0,6.0,-8.0,6.0,-8.0,5.0,-7.0,6.0,-6.0,7.0,-5.0,7.0,-4.0,7.0,-4.0,7.0,-4.0,8.0,-4.0,9.0,-4.0,9.0,-3.0,9.0,-2.0,10.0,-2.0,12.0,-2.0,12.0,0.0,14.0,-1.0,15.0,0.0,15.0,0.0,15.0,0.0,15.0,0.0,16.0,1.0,16.0,1.0,16.0,2.0,17.0,2.0,17.0,2.0,18.0,1.0,18.0,1.0,18.0,1.0,19.0,2.0,19.0,3.0,21.0,3.0,21.0,2.0,21.0,2.0,20.0,2.0,20.0,1.0,20.0,0.0,21.0,-1.0,21.0,-2.0,21.0,-3.0,20.0,-3.0,19.0
-13.0,4.0,-12.0,5.0,-12.0,6.0,-13.0,5.0,-12.0,4.0,-11.0,4.0,-10.0,5.0,-9.0,5.0,-9.0,5.0,-9.0,6.0,-9.0,6.0,-9.0,7.0,-9.0,7.0,-8.0,6.0,-7.0,7.0,-6.0,8.0,-5.0,8.0,-4.0,8.0,-4.0,8.0,-4.0,9.0,-4.0,10.0,-3.0,10.0,-3.0,10.0,-2.0,11.0,-2.0,13.0,-2.0,14.0,1.0,15.0,0.0,16.0,1.0,17.0,1.0,17.0,0.0,17.0,1.0,17.0,1.0,18.0,2.0,18.0,2.0,19.0,3.0,20.0,2.0,20.0,0.0,20.0,0.0,20.0,1.0,21.0,2.0,22.0,3.0,23.0,2.0,24.0,2.0,24.0,2.0,23.0,2.0,23.0,1.0,23.0,0.0,24.0,-2.0,24.0,-3.0,24.0,-4.0,22.0,-5.0,21.0
10.0,-3.0,10.0,-4.0,10.0,-4.0,10.0,-4.0,9.0,-4.0,8.0,-3.0,8.0,-4.0,7.0,-4.0,7.0,-5.0,7.0,-5.0,8.0,-5.0,7.0,-6.0,6.0,-6.0,6.0,-6.0,5.0,-6.0,4.0,-7.0,4.0,-7.0,3.0,-7.0,3.0,-7.0,2.0,-8.0,2.0,-8.0,2.0,-9.0,2.0,-9.0,1.0,-10.0,1.0,-11.0,1.0,-12.0,-1.0,-13.0,-1.0,-14.0,-1.0,-15.0,-1.0,-15.0,-1.0,-14.0,-2.0,-15.0,-2.0,-15.0,-2.0,-16.0,-2.0,-16.0,-3.0,-17.0,-2.0,-17.0,-2.0,-17.0,-2.0,-18.0,-2.0,-18.0,-3.0,-19.0,-3.0,-20.0,-3.0,-20.0,-3.0,-20.0,-3.0,-19.0,-2.0,-19.0,-2.0,-20.0,-2.0,-20.0,-1.0,-21.0,0.0,-20.0,2.0,-19.0,2.0,-18.0
11.0,2.0,11.0,1.0,11.0,1.0,11.0,2.0,10.0,2.0,9.0,1.0,9.0,1.0,9.0,0.0,8.0,0.0,9.0,-1.0,9.0,-1.0,9.0,-2.0,9.0,-2.0,8.0,-2.0,8.0,-3.0,8.0,-4.0,7.0,-5.0,7.0,-5.0,6.0,-5.0,7.0,-6.0,7.0,-6.0,7.0,-7.0,6.0,-7.0,6.0,-9.0,7.0,-11.0,7.0,-11.0,6.0,-13.0,7.0,-14.0,7.0,-15.0,7.0,-14.0,7.0,-14.0,7.0,-15.0,6.0,-16.0,7.0,-16.0,6.0,-17.0,6.0,-17.0,7.0,-18.0,7.0,-17.0,8.0,-18.0,8.0,-18.0,7.0,-19.0,7.0,-20.0,8.0,-21.0,9.0,-20.0,9.0,-20.0,9.0,-19.0,10.0,-20.0,10.0,-20.0,11.0,-20.0,12.0,-19.0,12.0,-17.0,12.0,-16.0
-9.0,8.0,-8.0,9.0,-8.0,10.0,-9.0,10.0,-9.0,9.0,-7.0,8.0,-6.0,8.0,-5.0,8.0,-5.0,8.0,-5.0,8.0,-5.0,9.0,-4.0,10.0,-4.0,10.0,-4.0,9.0,-3.0,9.0,-1.0,10.0,0.0,10.0,0.0,9.0,1.0,9.0,1.0,9.0,1.0,10.0,2.0,11.0,3.0,10.0,4.0,11.0,5.0,13.0,6.0,14.0,8.0,13.0,8.0,14.0,9.0,15.0,9.0,15.0,9.0,15.0,9.0,15.0,11.0,15.0,11.0,15.0,12.0,16.0,13.0,16.0,12.0,17.0,11.0,17.0,11.0,17.0,12.0,17.0,14.0,18.0,15.0,19.0,15.0,19.0,14.0,19.0,14.0,19.0,14.0,20.0,13.0,20.0,12.0,20.0,11.0,21.0,10.0,21.0,9.0,21.0,8.0,21.0
8.0,-8.0,7.0,-9.0,7.0,-9.0,8.0,-9.0,7.0,-8.0,6.0,-8.0,5.0,-8.0,5.0,-8.0,4.0,-8.0,4.0,-8.0,4.0,-9.0,3.0,-10.0,3.0,-9.0,3.0,-9.0,2.0,-9.0,1.0,-10.0,0.0,-10.0,0.0,-9.0,-1.0,-9.0,-1.0,-10.0,-1.0,-10.0,-1.0,-11.0,-2.0,-10.0,-4.0,-11.0,-4.0,-13.0,-5.0,-14.0,-7.0,-14.0,-7.0,-15.0,-7.0,-16.0,-7.0,-15.0,-6.0,-15.0,-7.0,-15.0,-8.0,-16.0,-8.0,-16.0,-9.0,-17.0,-10.0,-17.0,-10.0,-18.0,-8.0,-17.0,-8.0,-18.0,-9.0,-19.0,-10.0,-19.0,-11.0,-20.0,-11.0,-20.0,-10.0,-20.0,-10.0,-20.0,-9.0,-20.0,-9.0,-21.0,-8.0,-21.0,-7.0,-21.0,-6.0,-21.0,-5.0,-21.0,-5.0,-21.0
-2.0,10.0,-2.0,10.0,-1.0,10.0,-2.0,10.0,-2.0,9.0,-1.0,8.0,0.0,8.0,0.0,8.0,0.0,8.0,1.0,8.0,1.0,8.0,2.0,8.0,2.0,8.0,2.0,7.0,3.0,7.0,4.0,7.0,5.0,6.0,4.0,6.0,5.0,5.0,5.0,5.0,6.0,6.0,6.0,6.0,7.0,6.0,8.0,5.0,9.0,6.0,10.0,6.0,12.0,5.0,13.0,5.0,13.0,6.0,13.0,5.0,12.0,5.0,13.0,5.0,14.0,5.0,14.0,5.0,15.0,5.0,16.0,5.0,16.0,5.0,15.0,6.0,16.0,6.0,16.0,5.0,18.0,5.0,19.0,5.0,19.0,6.0,19.0,6.0,18.0,6.0,18.0,6.0,18.0,7.0,18.0,7.0,17.0,8.0,17.0,9.0,16.0,9.0,15.0,10.0
0.0,-12.0,0.0,-12.0,-1.0,-12.0,0.0,-12.0,0.0,-11.0,0.0,-10.0,-1.0,-10.0,-2.0,-9.0,-2.0,-9.0,-2.0,-9.0,-3.0,-10.0,-4.0,-10.0,-4.0,-9.0,-4.0,-9.0,-4.0,-9.0,-6.0,-8.0,-6.0,-8.0,-6.0,-7.0,-6.0,-7.0,-7.0,-7.0,-7.0,-7.0,-8.0,-7.0,-9.0,-7.0,-10.0,-6.0,-11.0,-7.0,-13.0,-7.0,-14.0,-6.0,-15.0,-7.0,-16.0,-7.0,-15.0,-7.0,-14.0,-7.0,-15.0,-7.0,-16.0,-7.0,-17.0,-7.0,-18.0,-7.0,-19.0,-7.0,-19.0,-7.0,-18.0,-8.0,-18.0,-8.0,-19.0,-8.0,-20.0,-8.0,-21.0,-8.0,-22.0,-8.0,-21.0,-8.0,-21.0,-9.0,-20.0,-9.0,-20.0,-10.0,-20.0,-10.0,-20.0,-11.0,-19.0,-11.0,-18.0,-12.0,-17.0,-13.0
-4.0,-13.0,-5.0,-12.0,-5.0,-12.0,-5.0,-13.0,-4.0,-12.0,-4.0,-11.0,-5.0,-10.0,-6.0,-9.0,-6.0,-9.0,-6.0,-9.0,-7.0,-10.0,-8.0,-9.0,-8.0,-8.0,-7.0,-8.0,-8.0,-7.0,-9.0,-6.0,-10.0,-6.0,-9.0,-5.0,-10.0,-4.0,-10.0,-4.0,-11.0,-5.0,-12.0,-4.0,-12.0,-4.0,-13.0,-3.0,-15.0,-3.0,-16.0,-3.0,-17.0,-1.0,-18.0,-1.0,-19.0,-1.0,-19.0,-1.0,-18.0,-1.0,-19.0,-1.0,-19.0,0.0,-20.0,0.0,-21.0,1.0,-22.0,1.0,-22.0,0.0,-21.0,-1.0,-21.0,-1.0,-23.0,0.0,-24.0,0.0,-25.0,1.0,-26.0,1.0,-25.0,0.0,-25.0,0.0,-25.0,-1.0,-25.0,-1.0,-25.0,-2.0,-25.0,-3.0,-25.0,-4.0,-23.0,-6.0,-22.0,-7.0
-5.0,10.0,-4.0,10.0,-4.0,10.0,-5.0,10.0,-4.0,9.0,-4.0,9.0,-3.0,9.0,-2.0,9.0,-2.0,8.0,-2.0,8.0,-1.0,9.0,0.0,9.0,0.0,9.0,0.0,8.0,0.0,8.0,2.0,8.0,3.0,8.0,3.0,7.0,4.0,7.0,4.0,7.0,4.0,8.0,5.0,8.0,5.0,8.0,7.0,8.0,8.0,9.0,9.0,9.0,11.0,9.0,11.0,9.0,12.0,9.0,12.0,9.0,12.0,9.0,13.0,9.0,13.0,8.0,14.0,9.0,15.0,9.0,15.0,9.0,15.0,10.0,15.0,10.0,15.0,10.0,16.0,10.0,17.0,10.0,18.0,11.0,19.0,11.0,18.0,12.0,18.0,11.0,17.0,12.0,17.0,12.0,17.0,12.0,16.0,13.0,16.0,14.0,14.0,14.0,13.0,15.0
-5.0,-10.0,-5.0,-10.0,-6.0,-10.0,-5.0,-10.0,-4.0,-9.0,-5.0,-9.0,-5.0,-8.0,-6.0,-8.0,-6.0,-7.0,-6.0,-7.0,-7.0,-7.0,-7.0,-7.0,-7.0,-6.0,-7.0,-6.0,-7.0,-5.0,-8.0,-5.0,-8.0,-4.0,-8.0,-3.0,-8.0,-3.0,-9.0,-3.0,-9.0,-3.0,-10.0,-3.0,-10.0,-2.0,-11.0,-1.0,-12.0,-1.0,-13.0,-1.0,-14.0,0.0,-15.0,0.0,-15.0,1.0,-15.0,1.0,-15.0,1.0,-15.0,1.0,-16.0,2.0,-16.0,2.0,-16.0,2.0,-17.0,3.0,-18.0,2.0,-17.0,1.0,-17.0,2.0,-18.0,2.0,-19.0,2.0,-20.0,3.0,-20.0,3.0,-20.0,2.0,-20.0,2.0,-20.0,2.0,-20.0,1.0,-20.0,1.0,-20.0,0.0,-20.0,-1.0,-19.0,-2.0,-18.0,-3.0
-5.0,-11.0,-5.0,-11.0,-6.0,-11.0,-5.0,-11.0,-5.0,-10.0,-5.0,-10.0,-5.0,-9.0,-6.0,-8.0,-6.0,-8.0,-6.0,-8.0,-7.0,-8.0,-7.0,-8.0,-7.0,-7.0,-7.0,-6.0,-7.0,-6.0,-8.0,-5.0,-9.0,-4.0,-8.0,-4.0,-9.0,-3.0,-9.0,-3.0,-10.0,-3.0,-10.0,-2.0,-10.0,-2.0,-11.0,-1.0,-13.0,-1.0,-14.0,-1.0,-15.0,1.0,-16.0,1.0,-16.0,2.0,-16.0,2.0,-16.0,2.0,-16.0,2.0,-17.0,3.0,-17.0,3.0,-18.0,4.0,-19.0,4.0,-19.0,3.0,-18.0,3.0,-19.0,3.0,-20.0,4.0,-20.0,4.0,-21.0,5.0,-22.0,5.0,-22.0,4.0,-21.0,4.0,-22.0,4.0,-22.0,3.0,-22.0,3.0,-22.0,2.0,-22.0,1.0,-21.0,-1.0,-21.0,-1.0
-6.0,14.0,-5.0,14.0,-4.0,15.0,-5.0,15.0,-5.0,14.0,-4.0,13.0,-3.0,12.0,-2.0,12.0,-2.0,11.0,-2.0,12.0,-1.0,13.0,0.0,13.0,0.0,12.0,0.0,12.0,1.0,11.0,4.0,11.0,5.0,11.0,5.0,10.0,5.0,10.0,5.0,10.0,6.0,11.0,7.0,11.0,8.0,10.0,10.0,10.0,11.0,12.0,12.0,13.0,16.0,11.0,16.0,13.0,17.0,13.0,17.0,12.0,16.0,12.0,17.0,12.0,18.0,12.0,19.0,13.0,20.0,13.0,21.0,13.0,21.0,14.0,19.0,15.0,19.0,15.0,21.0,15.0,23.0,15.0,25.0,15.0,25.0,16.0,24.0,16.0,24.0,16.0,23.0,17.0,23.0,18.0,22.0,19.0,21.0,20.0,20.0,21.0,18.0,21.0,17.0,21.0
8.0,-11.0,7.0,-11.0,7.0,-11.0,8.0,-11.0,7.0,-10.0,6.0,-10.0,5.0,-10.0,4.0,-9.0,4.0,-9.0,4.0,-10.0,4.0,-11.0,3.0,-11.0,3.0,-11.0,3.0,-10.0,2.0,-10.0,0.0,-11.0,-1.0,-10.0,-1.0,-10.0,-2.0,-10.0,-2.0,-10.0,-2.0,-11.0,-3.0,-11.0,-4.0,-11.0,-5.0,-12.0,-6.0,-13.0,-7.0,-14.0,-10.0,-14.0,-10.0,-15.0,-10.0,-16.0,-10.0,-15.0,-10.0,-15.0,-11.0,-15.0,-12.0,-15.0,-12.0,-16.0,-13.0,-16.0,-14.0,-17.0,-13.0,-18.0,-12.0,-18.0,-12.0,-18.0,-13.0,-19.0,-15.0,-19.0,-16.0,-20.0,-16.0,-21.0,-15.0,-21.0,-15.0,-20.0,-15.0,-21.0,-14.0,-21.0,-13.0,-22.0,-12.0,-22.0,-11.0,-23.0,-9.0,-23.0,-8.0,-22.0
-5.0,9.0,-4.0,9.0,-4.0,10.0,-5.0,10.0,-4.0,9.0,-3.0,8.0,-3.0,8.0,-2.0,8.0,-2.0,8.0,-2.0,8.0,-2.0,8.0,-1.0,9.0,-1.0,8.0,-1.0,7.0,0.0,7.0,2.0,7.0,3.0,7.0,3.0,7.0,3.0,6.0,3.0,6.0,4.0,7.0,5.0,7.0,5.0,7.0,6.0,7.0,7.0,7.0,8.0,8.0,10.0,7.0,10.0,7.0,11.0,8.0,11.0,8.0,11.0,8.0,12.0,7.0,13.0,7.0,13.0,7.0,14.0,7.0,15.0,8.0,15.0,8.0,13.0,9.0,13.0,9.0,15.0,8.0,16.0,8.0,17.0,9.0,18.0,9.0,17.0,9.0,17.0,9.0,17.0,9.0,17.0,10.0,16.0,10.0,16.0,11.0,15.0,12.0,13.0,13.0,13.0,12.0
-3.0,-12.0,-4.0,-11.0,-4.0,-11.0,-4.0,-12.0,-3.0,-11.0,-3.0,-10.0,-4.0,-9.0,-4.0,-9.0,-5.0,-8.0,-5.0,-8.0,-6.0,-9.0,-6.0,-8.0,-6.0,-7.0,-6.0,-7.0,-6.0,-7.0,-8.0,-6.0,-8.0,-5.0,-8.0,-4.0,-8.0,-4.0,-8.0,-4.0,-9.0,-4.0,-10.0,-4.0,-10.0,-3.0,-11.0,-2.0,-12.0,-2.0,-13.0,-2.0,-15.0,0.0,-15.0,-1.0,-16.0,0.0,-16.0,0.0,-15.0,0.0,-16.0,1.0,-17.0,1.0,-17.0,1.0,-18.0,2.0,-19.0,2.0,-19.0,2.0,-19.0,1.0,-19.0,1.0,-20.0,2.0,-21.0,2.0,-22.0,3.0,-22.0,3.0,-22.0,2.0,-22.0,2.0,-22.0,1.0,-22.0,1.0,-22.0,0.0,-22.0,0.0,-22.0,-1.0,-21.0,-3.0,-21.0,-3.0
-1.0,10.0,0.0,10.0,0.0,10.0,-1.0,10.0,-1.0,9.0,0.0,9.0,0.0,8.0,1.0,8.0,1.0,7.0,1.0,7.0,2.0,8.0,2.0,8.0,3.0,7.0,2.0,7.0,3.0,6.0,5.0,6.0,5.0,5.0,5.0,5.0,5.0,4.0,6.0,4.0,6.0,5.0,7.0,4.0,7.0,4.0,8.0,3.0,10.0,4.0,10.0,4.0,12.0,3.0,12.0,3.0,13.0,3.0,13.0,3.0,13.0,3.0,13.0,2.0,14.0,2.0,15.0,2.0,15.0,2.0,16.0,2.0,16.0,2.0,16.0,3.0,16.0,3.0,17.0,2.0,18.0,2.0,19.0,2.0,20.0,2.0,19.0,3.0,19.0,2.0,19.0,3.0,19.0,3.0,19.0,3.0,18.0,4.0,18.0,6.0,17.0,6.0,16.0,7.0
-2.0,-10.0,-3.0,-9.0,-3.0,-9.0,-2.0,-10.0,-2.0,-9.0,-3.0,-8.0,-3.0,-8.0,-4.0,-7.0,-4.0,-7.0,-4.0,-7.0,-4.0,-7.0,-5.0,-7.0,-5.0,-6.0,-5.0,-6.0,-5.0,-5.0,-6.0,-5.0,-6.0,-4.0,-6.0,-4.0,-6.0,-3.0,-7.0,-3.0,-7.0,-3.0,-8.0,-3.0,-8.0,-2.0,-9.0,-2.0,-10.0,-2.0,-11.0,-2.0,-12.0,0.0,-13.0,-1.0,-13.0,-1.0,-13.0,0.0,-13.0,0.0,-13.0,0.0,-14.0,1.0,-14.0,1.0,-15.0,1.0,-15.0,1.0,-16.0,1.0,-15.0,0.0,-16.0,0.0,-16.0,1.0,-17.0,1.0,-18.0,1.0,-18.0,1.0,-18.0,1.0,-18.0,1.0,-18.0,0.0,-18.0,0.0,-18.0,0.0,-18.0,-1.0,-18.0,-2.0,-17.0,-3.0,-17.0,-3.0
-10.0,0.0,-10.0,1.0,-10.0,2.0,-11.0,1.0,-10.0,1.0,-9.0,1.0,-8.0,2.0,-8.0,2.0,-7.0,3.0,-8.0,3.0,-8.0,3.0,-8.0,4.0,-7.0,4.0,-7.0,4.0,-6.0,4.0,-5.0,5.0,-5.0,6.0,-4.0,6.0,-4.0,6.0,-4.0,6.0,-4.0,7.0,-4.0,8.0,-3.0,8.0,-3.0,9.0,-3.0,10.0,-2.0,11.0,-1.0,12.0,-2.0,13.0,-1.0,14.0,-1.0,14.0,-1.0,13.0,-1.0,14.0,0.0,15.0,0.0,15.0,0.0,15.0,1.0,16.0,0.0,16.0,-1.0,16.0,-1.0,17.0,0.0,18.0,1.0,18.0,1.0,19.0,1.0,20.0,0.0,20.0,0.0,19.0,0.0,19.0,-1.0,19.0,-2.0,19.0,-3.0,19.0,-3.0,19.0,-4.0,18.0,-5.0,17.0
2.0,-13.0,1.0,-13.0,1.0,-14.0,2.0,-14.0,2.0,-13.0,1.0,-12.0,0.0,-11.0,-1.0,-11.0,-1.0,-10.0,-1.0,-10.0,-2.0,-11.0,-3.0,-11.0,-3.0,-11.0,-3.0,-10.0,-4.0,-10.0,-6.0,-9.0,-7.0,-9.0,-7.0,-8.0,-7.0,-7.0,-7.0,-8.0,-8.0,-8.0,-9.0,-8.0,-10.0,-7.0,-11.0,-7.0,-13.0,-8.0,-14.0,-8.0,-17.0,-6.0,-17.0,-7.0,-18.0,-7.0,-18.0,-7.0,-17.0,-7.0,-18.0,-7.0,-20.0,-6.0,-20.0,-6.0,-21.0,-6.0,-23.0,-6.0,-23.0,-7.0,-22.0,-8.0,-22.0,-8.0,-24.0,-8.0,-25.0,-7.0,-27.0,-7.0,-27.0,-8.0,-26.0,-8.0,-26.0,-8.0,-25.0,-9.0,-26.0,-10.0,-25.0,-10.0,-25.0,-11.0,-24.0,-12.0,-23.0,-13.0,-22.0,-13.0
-10.0,6.0,-9.0,7.0,-9.0,7.0,-10.0,7.0,-9.0,7.0,-8.0,6.0,-7.0,6.0,-6.0,7.0,-6.0,7.0,-6.0,7.0,-6.0,8.0,-5.0,8.0,-5.0,8.0,-4.0,7.0,-4.0,8.0,-2.0,8.0,-1.0,8.0,-1.0,8.0,0.0,8.0,0.0,8.0,0.0,9.0,1.0,10.0,2.0,9.0,3.0,10.0,4.0,11.0,5.0,12.0,7.0,12.0,7.0,13.0,8.0,14.0,8.0,14.0,7.0,13.0,8.0,14.0,9.0,14.0,10.0,15.0,11.0,15.0,12.0,16.0,11.0,16.0,10.0,16.0,10.0,17.0,11.0,17.0,13.0,18.0,14.0,19.0,14.0,19.0,13.0,19.0,13.0,19.0,12.0,19.0,12.0,20.0,11.0,20.0,10.0,21.0,9.0,21.0,8.0,21.0,7.0,20.0
10.0,1.0,10.0,0.0,10.0,0.0,10.0,0.0,9.0,1.0,8.0,0.0,8.0,-1.0,7.0,-1.0,7.0,-1.0,7.0,-2.0,8.0,-2.0,8.0,-3.0,7.0,-4.0,7.0,-4.0,6.0,-4.0,6.0,-5.0,5.0,-6.0,5.0,-5.0,4.0,-6.0,5.0,-7.0,5.0,-7.0,5.0,-8.0,4.0,-8.0,4.0,-9.0,4.0,-11.0,4.0,-11.0,3.0,-13.0,4.0,-14.0,4.0,-15.0,3.0,-15.0,3.0,-14.0,3.0,-15.0,3.0,-16.0,3.0,-16.0,2.0,-17.0,2.0,-17.0,2.0,-18.0,3.0,-18.0,4.0,-18.0,3.0,-19.0,3.0,-20.0,2.0,-21.0,3.0,-22.0,3.0,-21.0,3.0,-20.0,4.0,-20.0,4.0,-21.0,5.0,-21.0,6.0,-21.0,7.0,-20.0,7.0,-19.0,7.0,-18.0
11.0,2.0,11.0,1.0,12.0,1.0,11.0,1.0,10.0,1.0,9.0,1.0,9.0,0.0,9.0,0.0,8.0,-1.0,9.0,-1.0,9.0,-2.0,9.0,-2.0,9.0,-3.0,8.0,-3.0,8.0,-4.0,7.0,-5.0,7.0,-5.0,6.0,-5.0,6.0,-6.0,6.0,-7.0,6.0,-7.0,6.0,-8.0,6.0,-8.0,5.0,-10.0,6.0,-11.0,6.0,-12.0,5.0,-14.0,6.0,-15.0,6.0,-16.0,5.0,-16.0,5.0,-15.0,5.0,-16.0,5.0,-17.0,5.0,-18.0,4.0,-18.0,4.0,-19.0,5.0,-20.0,6.0,-19.0,6.0,-20.0,6.0,-21.0,6.0,-22.0,6.0,-23.0,6.0,-23.0,6.0,-23.0,6.0,-22.0,7.0,-22.0,7.0,-23.0,8.0,-23.0,9.0,-22.0,10.0,-21.0,11.0,-20.0,11.0,-19.0
-4.0,9.0,-4.0,9.0,-3.0,10.0,-4.0,10.0,-4.0,9.0,-3.0,8.0,-2.0,8.0,-1.0,8.0,-1.0,7.0,-1.0,8.0,-1.0,8.0,0.0,8.0,0.0,8.0,0.0,7.0,1.0,7.0,3.0,7.0,3.0,6.0,3.0,6.0,4.0,5.0,4.0,6.0,4.0,6.0,5.0,6.0,5.0,6.0,7.0,5.0,8.0,6.0,9.0,7.0,11.0,5.0,11.0,6.0,12.0,6.0,12.0,6.0,12.0,6.0,12.0,6.0,13.0,5.0,14.0,6.0,15.0,5.0,16.0,5.0,16.0,6.0,15.0,6.0,15.0,6.0,16.0,6.0,18.0,6.0,19.0,6.0,19.0,7.0,19.0,7.0,18.0,7.0,18.0,8.0,18.0,8.0,18.0,9.0,17.0,9.0,17.0,10.0,16.0,11.0,15.0,11.0
-12.0,-4.0,-12.0,-3.0,-12.0,-3.0,-13.0,-3.0,-11.0,-3.0,-11.0,-3.0,-10.0,-2.0,-10.0,-1.0,-10.0,0.0,-10.0,0.0,-10.0,0.0,-11.0,1.0,-10.0,1.0,-9.0,1.0,-9.0,2.0,-8.0,3.0,-8.0,4.0,-7.0,4.0,-7.0,5.0,-7.0,5.0,-8.0,6.0,-7.0,7.0,-7.0,7.0,-7.0,8.0,-7.0,10.0,-7.0,10.0,-6.0,13.0,-7.0,13.0,-7.0,14.0,-6.0,14.0,-6.0,14.0,-6.0,15.0,-5.0,16.0,-5.0,16.0,-5.0,16.0,-5.0,17.0,-6.0,18.0,-7.0,17.0,-7.0,18.0,-6.0,19.0,-6.0,20.0,-5.0,21.0,-6.0,22.0,-6.0,21.0,-6.0,21.0,-6.0,21.0,-7.0,21.0,-8.0,21.0,-9.0,21.0,-11.0,20.0,-11.0,18.0,-11.0,17.0
13.0,3.0,13.0,1.0,13.0,1.0,13.0,1.0,12.0,2.0,11.0,1.0,10.0,0.0,10.0,0.0,10.0,-1.0,10.0,-1.0,11.0,-1.0,11.0,-2.0,10.0,-3.0,9.0,-3.0,9.0,-4.0,8.0,-5.0,8.0,-6.0,7.0,-6.0,7.0,-6.0,7.0,-7.0,7.0,-8.0,7.0,-8.0,7.0,-9.0,6.0,-10.0,7.0,-12.0,7.0,-12.0,5.0,-15.0,6.0,-16.0,7.0,-17.0,6.0,-16.0,6.0,-16.0,6.0,-17.0,5.0,-18.0,5.0,-18.0,5.0,-19.0,5.0,-20.0,6.0,-20.0,7.0,-20.0,7.0,-21.0,7.0,-22.0,6.0,-22.0,6.0,-24.0,7.0,-25.0,7.0,-23.0,7.0,-23.0,8.0,-23.0,9.0,-23.0,10.0,-24.0,11.0,-24.0,11.0,-23.0,12.0,-21.0,12.0,-19.0
10.0,7.0,10.0,6.0,11.0,6.0,11.0,6.0,9.0,6.0,9.0,5.0,9.0,5.0,8.0,4.0,9.0,3.0,9.0,3.0,10.0,3.0,10.0,2.0,10.0,2.0,9.0,1.0,9.0,1.0,9.0,-1.0,9.0,-1.0,8.0,-1.0,8.0,-2.0,8.0,-3.0,9.0,-3.0,9.0,-4.0,9.0,-4.0,9.0,-6.0,10.0,-7.0,11.0,-7.0,10.0,-9.0,11.0,-10.0,12.0,-11.0,11.0,-11.0,11.0,-10.0,11.0,-11.0,11.0,-12.0,12.0,-12.0,12.0,-13.0,12.0,-14.0,13.0,-14.0,13.0,-13.0,13.0,-13.0,14.0,-15.0,14.0,-15.0,14.0,-16.0,15.0,-17.0,15.0,-16.0,15.0,-16.0,15.0,-15.0,16.0,-15.0,17.0,-15.0,18.0,-15.0,18.0,-13.0,18.0,-11.0,18.0,-10.0
-3.0,11.0,-2.0,11.0,-2.0,11.0,-2.0,11.0,-3.0,10.0,-2.0,9.0,-1.0,9.0,0.0,9.0,0.0,8.0,0.0,8.0,0.0,9.0,1.0,9.0,1.0,8.0,1.0,8.0,2.0,8.0,3.0,7.0,4.0,7.0,4.0,6.0,4.0,6.0,4.0,6.0,5.0,6.0,5.0,6.0,6.0,6.0,7.0,5.0,8.0,6.0,9.0,7.0,11.0,5.0,11.0,6.0,12.0,6.0,12.0,6.0,12.0,6.0,12.0,6.0,13.0,5.0,14.0,5.0,14.0,5.0,15.0,5.0,15.0,6.0,14.0,6.0,15.0,6.0,16.0,6.0,17.0,6.0,18.0,6.0,19.0,7.0,18.0,7.0,18.0,7.0,17.0,7.0,18.0,8.0,17.0,8.0,17.0,9.0,16.0,10.0,15.0,11.0,14.0,11.0
-1.0,13.0,0.0,12.0,0.0,12.0,-1.0,13.0,-1.0,12.0,-1.0,10.0,0.0,10.0,1.0,10.0,1.0,9.0,1.0,9.0,2.0,10.0,3.0,10.0,3.0,9.0,2.0,9.0,3.0,8.0,5.0,8.0,5.0,7.0,5.0,6.0,5.0,6.0,6.0,6.0,6.0,6.0,7.0,6.0,7.0,6.0,9.0,5.0,10.0,6.0,11.0,6.0,13.0,4.0,14.0,5.0,14.0,5.0,14.0,5.0,14.0,5.0,15.0,4.0,15.0,4.0,16.0,4.0,17.0,4.0,18.0,4.0,18.0,5.0,17.0,5.0,17.0,5.0,19.0,5.0,20.0,5.0,21.0,5.0,22.0,5.0,21.0,6.0,21.0,6.0,21.0,6.0,21.0,7.0,21.0,7.0,20.0,8.0,19.0,9.0,18.0,10.0,17.0,11.0
5.0,-10.0,5.0,-10.0,5.0,-10.0,6.0,-10.0,5.0,-9.0,4.0,-9.0,3.0,-9.0,2.0,-9.0,2.0,-8.0,2.0,-9.0,2.0,-9.0,1.0,-10.0,1.0,-9.0,1.0,-8.0,0.0,-8.0,-2.0,-9.0,-2.0,-9.0,-2.0,-8.0,-3.0,-8.0,-3.0,-8.0,-4.0,-8.0,-4.0,-8.0,-5.0,-8.0,-6.0,-8.0,-7.0,-9.0,-8.0,-10.0,-10.0,-9.0,-10.0,-10.0,-11.0,-10.0,-11.0,-10.0,-10.0,-10.0,-11.0,-10.0,-12.0,-10.0,-12.0,-10.0,-13.0,-10.0,-14.0,-10.0,-14.0,-11.0,-13.0,-11.0,-13.0,-11.0,-14.0,-11.0,-16.0,-12.0,-17.0,-12.0,-17.0,-12.0,-17.0,-13.0,-16.0,-12.0,-16.0,-13.0,-16.0,-13.0,-16.0,-14.0,-15.0,-14.0,-14.0,-15.0,-13.0,-15.0,-12.0,-15.0
-6.0,8.0,-5.0,8.0,-5.0,9.0,-6.0,9.0,-5.0,8.0,-5.0,7.0,-4.0,7.0,-3.0,7.0,-3.0,7.0,-3.0,7.0,-2.0,7.0,-2.0,8.0,-1.0,7.0,-1.0,7.0,-1.0,7.0,1.0,7.0,2.0,6.0,2.0,6.0,2.0,6.0,2.0,6.0,3.0,6.0,4.0,7.0,4.0,6.0,5.0,6.0,6.0,7.0,7.0,8.0,9.0,7.0,9.0,7.0,9.0,8.0,10.0,7.0,9.0,7.0,10.0,7.0,11.0,7.0,11.0,7.0,12.0,7.0,13.0,7.0,13.0,8.0,11.0,9.0,12.0,9.0,13.0,9.0,14.0,8.0,15.0,8.0,16.0,9.0,15.0,9.0,15.0,9.0,15.0,9.0,15.0,10.0,14.0,11.0,14.0,12.0,13.0,12.0,12.0,12.0,11.0,12.0
-6.0,-13.0,-6.0,-12.0,-7.0,-12.0,-6.0,-13.0,-5.0,-12.0,-5.0,-11.0,-6.0,-10.0,-6.0,-9.0,-6.0,-9.0,-7.0,-9.0,-8.0,-9.0,-8.0,-9.0,-8.0,-8.0,-8.0,-7.0,-8.0,-7.0,-9.0,-6.0,-9.0,-4.0,-9.0,-3.0,-10.0,-3.0,-10.0,-3.0,-11.0,-3.0,-11.0,-2.0,-11.0,-1.0,-12.0,0.0,-14.0,1.0,-15.0,1.0,-15.0,3.0,-17.0,3.0,-17.0,4.0,-17.0,4.0,-17.0,4.0,-18.0,5.0,-18.0,6.0,-18.0,6.0,-19.0,6.0,-20.0,7.0,-21.0,7.0,-20.0,6.0,-21.0,6.0,-22.0,7.0,-22.0,8.0,-23.0,9.0,-24.0,9.0,-24.0,8.0,-24.0,8.0,-24.0,8.0,-24.0,7.0,-25.0,6.0,-25.0,6.0,-26.0,4.0,-25.0,2.0,-24.0,1.0
1.0,12.0,2.0,11.0,2.0,12.0,1.0,12.0,1.0,11.0,1.0,10.0,2.0,9.0,3.0,9.0,3.0,8.0,3.0,8.0,4.0,9.0,4.0,8.0,4.0,8.0,4.0,7.0,4.0,6.0,6.0,6.0,6.0,5.0,6.0,4.0,6.0,4.0,7.0,4.0,8.0,4.0,8.0,4.0,8.0,3.0,9.0,2.0,11.0,2.0,12.0,2.0,14.0,0.0,14.0,0.0,15.0,0.0,15.0,-1.0,15.0,0.0,15.0,-1.0,16.0,-2.0,17.0,-2.0,18.0,-2.0,19.0,-3.0,19.0,-2.0,18.0,-2.0,19.0,-2.0,20.0,-2.0,21.0,-2.0,22.0,-3.0,23.0,-3.0,23.0,-2.0,22.0,-2.0,22.0,-2.0,23.0,-1.0,23.0,-1.0,22.0,0.0,22.0,1.0,21.0,3.0,21.0,4.0
10.0,3.0,10.0,2.0,10.0,2.0,10.0,3.0,9.0,3.0,8.0,2.0,8.0,1.0,8.0,1.0,8.0,0.0,8.0,0.0,8.0,0.0,9.0,-1.0,8.0,-1.0,8.0,-2.0,7.0,-2.0,7.0,-3.0,6.0,-4.0,6.0,-4.0,6.0,-5.0,6.0,-5.0,6.0,-6.0,6.0,-6.0,6.0,-6.0,5.0,-8.0,6.0,-9.0,6.0,-10.0,5.0,-11.0,6.0,-12.0,6.0,-13.0,6.0,-13.0,6.0,-13.0,5.0,-14.0,5.0,-15.0,5.0,-15.0,5.0,-15.0,5.0,-16.0,6.0,-17.0,6.0,-16.0,7.0,-17.0,6.0,-18.0,6.0,-18.0,6.0,-19.0,7.0,-20.0,7.0,-19.0,7.0,-19.0,7.0,-19.0,8.0,-19.0,9.0,-19.0,10.0,-19.0,11.0,-18.0,11.0,-17.0,11.0,-16.0
-4.0,-13.0,-5.0,-12.0,-5.0,-12.0,-4.0,-12.0,-4.0,-12.0,-4.0,-11.0,-5.0,-10.0,-5.0,-9.0,-5.0,-9.0,-6.0,-9.0,-6.0,-9.0,-7.0,-9.0,-7.0,-8.0,-6.0,-7.0,-7.0,-7.0,-8.0,-6.0,-8.0,-5.0,-8.0,-4.0,-8.0,-3.0,-9.0,-3.0,-10.0,-3.0,-10.0,-2.0,-10.0,-2.0,-11.0,-1.0,-12.0,0.0,-13.0,0.0,-14.0,2.0,-15.0,2.0,-16.0,3.0,-16.0,4.0,-15.0,3.0,-16.0,4.0,-16.0,5.0,-16.0,6.0,-17.0,6.0,-18.0,7.0,-19.0,6.0,-18.0,6.0,-19.0,6.0,-20.0,7.0,-20.0,8.0,-21.0,9.0,-22.0,9.0,-22.0,8.0,-22.0,8.0,-22.0,8.0,-22.0,8.0,-22.0,7.0,-23.0,6.0,-23.0,5.0,-23.0,3.0,-22.0,2.0
13.0,3.0,13.0,2.0,13.0,1.0,13.0,2.0,12.0,2.0,11.0,2.0,11.0,1.0,10.0,0.0,10.0,0.0,10.0,-1.0,11.0,-1.0,11.0,-2.0,10.0,-2.0,9.0,-2.0,9.0,-3.0,9.0,-5.0,8.0,-5.0,7.0,-5.0,7.0,-6.0,7.0,-7.0,7.0,-7.0,7.0,-8.0,7.0,-8.0,6.0,-10.0,7.0,-11.0,7.0,-12.0,6.0,-14.0,7.0,-15.0,7.0,-16.0,6.0,-16.0,6.0,-16.0,6.0,-17.0,5.0,-18.0,5.0,-18.0,5.0,-19.0,5.0,-20.0,6.0,-20.0,7.0,-20.0,7.0,-20.0,7.0,-22.0,6.0,-23.0,6.0,-24.0,7.0,-25.0,8.0,-24.0,7.0,-24.0,8.0,-24.0,9.0,-24.0,10.0,-24.0,12.0,-24.0,13.0,-23.0,13.0,-21.0,13.0,-20.0
3.0,-12.0,2.0,-12.0,2.0,-13.0,3.0,-13.0,3.0,-12.0,2.0,-11.0,1.0,-10.0,1.0,-10.0,0.0,-10.0,0.0,-10.0,0.0,-11.0,-1.0,-11.0,-1.0,-10.0,-1.0,-9.0,-2.0,-9.0,-3.0,-9.0,-4.0,-8.0,-4.0,-8.0,-5.0,-7.0,-5.0,-7.0,-6.0,-8.0,-6.0,-8.0,-7.0,-7.0,-8.0,-7.0,-10.0,-8.0,-11.0,-8.0,-13.0,-7.0,-13.0,-7.0,-14.0,-7.0,-14.0,-7.0,-13.0,-7.0,-14.0,-6.0,-15.0,-6.0,-16.0,-6.0,-17.0,-6.0,-18.0,-6.0,-18.0,-6.0,-18.0,-7.0,-18.0,-7.0,-19.0,-7.0,-21.0,-7.0,-22.0,-6.0,-23.0,-7.0,-22.0,-7.0,-22.0,-7.0,-22.0,-8.0,-22.0,-8.0,-22.0,-9.0,-22.0,-10.0,-21.0,-11.0,-20.0,-12.0,-19.0,-12.0
1.0,10.0,2.0,9.0,2.0,9.0,1.0,10.0,1.0,9.0,1.0,8.0,2.0,8.0,2.0,7.0,2.0,7.0,2.0,7.0,3.0,7.0,3.0,7.0,3.0,6.0,3.0,6.0,3.0,6.0,4.0,5.0,5.0,4.0,4.0,4.0,5.0,3.0,5.0,3.0,6.0,3.0,6.0,3.0,6.0,3.0,7.0,2.0,9.0,2.0,9.0,2.0,10.0,1.0,11.0,1.0,12.0,0.0,11.0,0.0,11.0,0.0,12.0,0.0,12.0,-1.0,13.0,-1.0,13.0,-1.0,14.0,-1.0,14.0,-1.0,14.0,-1.0,14.0,-1.0,15.0,-1.0,16.0,-1.0,17.0,-2.0,18.0,-2.0,18.0,-1.0,18.0,-1.0,18.0,-1.0,18.0,0.0,18.0,0.0,18.0,1.0,18.0,2.0,17.0,3.0,16.0,4.0
3.0,-14.0,2.0,-14.0,2.0,-15.0,3.0,-15.0,3.0,-14.0,2.0,-13.0,1.0,-13.0,1.0,-12.0,1.0,-12.0,0.0,-12.0,0.0,-13.0,-1.0,-13.0,-1.0,-12.0,-1.0,-11.0,-2.0,-11.0,-4.0,-11.0,-5.0,-10.0,-5.0,-9.0,-5.0,-9.0,-5.0,-9.0,-6.0,-10.0,-7.0,-9.0,-7.0,-9.0,-9.0,-9.0,-10.0,-10.0,-11.0,-10.0,-14.0,-9.0,-14.0,-9.0,-15.0,-9.0,-15.0,-9.0,-14.0,-9.0,-15.0,-9.0,-16.0,-8.0,-17.0,-9.0,-18.0,-9.0,-19.0,-8.0,-19.0,-9.0,-18.0,-10.0,-19.0,-9.0,-20.0,-9.0,-22.0,-10.0,-23.0,-10.0,-24.0,-10.0,-23.0,-10.0,-23.0,-11.0,-23.0,-11.0,-23.0,-12.0,-22.0,-12.0,-22.0,-14.0,-21.0,-15.0,-20.0,-16.0,-19.0,-16.0
1.0,-14.0,0.0,-14.0,-1.0,-14.0,0.0,-14.0,1.0,-13.0,0.0,-12.0,-1.0,-12.0,-1.0,-11.0,-1.0,-11.0,-2.0,-11.0,-2.0,-12.0,-3.0,-12.0,-3.0,-11.0,-3.0,-10.0,-3.0,-10.0,-5.0,-9.0,-6.0,-9.0,-6.0,-8.0,-6.0,-7.0,-6.0,-8.0,-7.0,-8.0,-8.0,-8.0,-8.0,-7.0,-9.0,-7.0,-11.0,-7.0,-12.0,-8.0,-14.0,-6.0,-14.0,-7.0,-15.0,-7.0,-15.0,-6.0,-14.0,-6.0,-15.0,-6.0,-16.0,-6.0,-16.0,-6.0,-18.0,-6.0,-19.0,-5.0,-19.0,-6.0,-18.0,-6.0,-18.0,-6.0,-20.0,-6.0,-21.0,-6.0,-22.0,-5.0,-23.0,-6.0,-22.0,-7.0,-22.0,-7.0,-22.0,-7.0,-22.0,-8.0,-22.0,-8.0,-21.0,-9.0,-21.0,-11.0,-20.0,-12.0,-19.0,-12.0
-5.0,-12.0,-5.0,-11.0,-5.0,-11.0,-5.0,-12.0,-4.0,-11.0,-4.0,-10.0,-5.0,-10.0,-5.0,-9.0,-5.0,-9.0,-5.0,-9.0,-6.0,-10.0,-6.0,-9.0,-7.0,-8.0,-6.0,-8.0,-6.0,-8.0,-7.0,-7.0,-8.0,-6.0,-7.0,-5.0,-8.0,-5.0,-8.0,-5.0,-8.0,-5.0,-9.0,-5.0,-9.0,-4.0,-10.0,-3.0,-12.0,-3.0,-12.0,-4.0,-13.0,-2.0,-14.0,-2.0,-15.0,-2.0,-15.0,-2.0,-14.0,-2.0,-15.0,-1.0,-16.0,-1.0,-16.0,-1.0,-17.0,0.0,-17.0,0.0,-18.0,-1.0,-17.0,-1.0,-18.0,-1.0,-19.0,-1.0,-19.0,-1.0,-20.0,0.0,-21.0,0.0,-21.0,-1.0,-20.0,-1.0,-21.0,-1.0,-21.0,-2.0,-21.0,-2.0,-21.0,-3.0,-21.0,-5.0,-20.0,-6.0,-19.0,-7.0
-12.0,7.0,-11.0,8.0,-11.0,9.0,-12.0,8.0,-11.0,7.0,-10.0,7.0,-9.0,7.0,-8.0,7.0,-8.0,7.0,-8.0,8.0,-8.0,8.0,-8.0,9.0,-7.0,9.0,-7.0,8.0,-6.0,8.0,-5.0,9.0,-4.0,9.0,-3.0,9.0,-2.0,9.0,-2.0,9.0,-3.0,10.0,-2.0,10.0,-1.0,10.0,0.0,11.0,0.0,13.0,1.0,13.0,3.0,14.0,3.0,15.0,4.0,16.0,4.0,16.0,3.0,15.0,4.0,15.0,5.0,16.0,6.0,16.0,6.0,17.0,7.0,17.0,7.0,18.0,5.0,18.0,5.0,18.0,7.0,19.0,8.0,19.0,9.0,21.0,9.0,22.0,9.0,21.0,8.0,21.0,8.0,21.0,8.0,21.0,7.0,22.0,5.0,23.0,4.0,23.0,2.0,22.0,2.0,21.0
0.0,-16.0,0.0,-16.0,-1.0,-16.0,0.0,-16.0,1.0,-15.0,0.0,-14.0,-1.0,-14.0,-2.0,-13.0,-2.0,-13.0,-2.0,-13.0,-3.0,-14.0,-3.0,-14.0,-4.0,-13.0,-3.0,-12.0,-4.0,-12.0,-6.0,-11.0,-7.0,-10.0,-6.0,-10.0,-7.0,-9.0,-7.0,-9.0,-8.0,-10.0,-8.0,-10.0,-9.0,-9.0,-11.0,-9.0,-13.0,-10.0,-13.0,-10.0,-16.0,-9.0,-16.0,-10.0,-17.0,-10.0,-17.0,-10.0,-16.0,-10.0,-17.0,-9.0,-18.0,-9.0,-19.0,-9.0,-20.0,-9.0,-21.0,-9.0,-21.0,-10.0,-20.0,-10.0,-20.0,-10.0,-22.0,-10.0,-23.0,-10.0,-25.0,-10.0,-26.0,-11.0,-25.0,-12.0,-24.0,-12.0,-24.0,-12.0,-24.0,-13.0,-24.0,-13.0,-23.0,-15.0,-23.0,-16.0,-21.0,-17.0,-19.0,-17.0
-5.0,-11.0,-6.0,-11.0,-6.0,-11.0,-6.0,-11.0,-5.0,-11.0,-5.0,-10.0,-5.0,-9.0,-5.0,-9.0,-5.0,-8.0,-6.0,-8.0,-6.0,-9.0,-7.0,-8.0,-7.0,-8.0,-6.0,-7.0,-6.0,-7.0,-7.0,-6.0,-8.0,-5.0,-7.0,-5.0,-8.0,-4.0,-8.0,-4.0,-9.0,-4.0,-9.0,-4.0,-9.0,-3.0,-10.0,-2.0,-12.0,-2.0,-12.0,-3.0,-13.0,-1.0,-14.0,-1.0,-15.0,-1.0,-15.0,-1.0,-14.0,-1.0,-15.0,0.0,-15.0,0.0,-15.0,0.0,-16.0,0.0,-17.0,1.0,-17.0,0.0,-17.0,0.0,-17.0,0.0,-18.0,0.0,-19.0,1.0,-20.0,1.0,-21.0,1.0,-20.0,0.0,-20.0,0.0,-20.0,-1.0,-20.0,-1.0,-20.0,-1.0,-20.0,-2.0,-20.0,-3.0,-20.0,-4.0,-19.0,-5.0
4.0,10.0,5.0,9.0,5.0,9.0,5.0,10.0,4.0,9.0,4.0,8.0,4.0,8.0,4.0,7.0,4.0,7.0,5.0,7.0,5.0,8.0,6.0,7.0,6.0,6.0,6.0,6.0,6.0,5.0,7.0,5.0,7.0,4.0,7.0,3.0,7.0,3.0,7.0,3.0,8.0,3.0,8.0,3.0,8.0,2.0,9.0,1.0,11.0,1.0,11.0,1.0,12.0,0.0,13.0,0.0,14.0,-1.0,13.0,-1.0,13.0,-1.0,14.0,-1.0,14.0,-2.0,15.0,-2.0,15.0,-2.0,16.0,-2.0,16.0,-2.0,16.0,-1.0,16.0,-2.0,17.0,-2.0,18.0,-2.0,19.0,-3.0,19.0,-3.0,19.0,-2.0,19.0,-2.0,19.0,-2.0,19.0,-1.0,20.0,-1.0,20.0,0.0,19.0,2.0,18.0,3.0,17.0,4.0
-9.0,10.0,-9.0,10.0,-9.0,11.0,-10.0,10.0,-9.0,10.0,-8.0,9.0,-7.0,9.0,-6.0,9.0,-6.0,9.0,-6.0,9.0,-6.0,10.0,-6.0,11.0,-5.0,10.0,-5.0,9.0,-4.0,9.0,-2.0,10.0,-1.0,10.0,-1.0,9.0,-1.0,9.0,-1.0,9.0,0.0,10.0,0.0,11.0,1.0,10.0,2.0,11.0,3.0,13.0,4.0,13.0,7.0,14.0,6.0,14.0,7.0,15.0,7.0,15.0,6.0,14.0,7.0,15.0,8.0,15.0,9.0,16.0,10.0,16.0,11.0,17.0,10.0,17.0,9.0,17.0,9.0,17.0,10.0,18.0,12.0,19.0,13.0,20.0,13.0,20.0,12.0,21.0,12.0,21.0,11.0,21.0,11.0,21.0,10.0,22.0,9.0,22.0,8.0,23.0,6.0,23.0,6.0,22.0
6.0,10.0,7.0,9.0,7.0,9.0,7.0,10.0,6.0,9.0,6.0,8.0,6.0,8.0,6.0,7.0,6.0,7.0,6.0,7.0,7.0,7.0,8.0,7.0,8.0,6.0,7.0,5.0,7.0,5.0,8.0,4.0,8.0,3.0,8.0,2.0,8.0,1.0,8.0,1.0,9.0,2.0,9.0,1.0,9.0,1.0,10.0,0.0,12.0,-1.0,12.0,-1.0,13.0,-2.0,14.0,-3.0,15.0,-3.0,14.0,-3.0,14.0,-3.0,14.0,-4.0,15.0,-5.0,15.0,-5.0,16.0,-5.0,17.0,-5.0,17.0,-5.0,17.0,-4.0,17.0,-5.0,18.0,-5.0,19.0,-5.0,20.0,-6.0,21.0,-6.0,20.0,-6.0,20.0,-5.0,20.0,-5.0,21.0,-4.0,21.0,-4.0,22.0,-3.0,22.0,-2.0,21.0,0.0,20.0,1.0
11.0,1.0,11.0,0.0,12.0,-1.0,12.0,0.0,11.0,0.0,10.0,0.0,10.0,-1.0,9.0,-1.0,9.0,-1.0,10.0,-2.0,10.0,-2.0,10.0,-3.0,10.0,-3.0,9.0,-3.0,8.0,-3.0,8.0,-5.0,7.0,-5.0,7.0,-5.0,6.0,-6.0,7.0,-6.0,7.0,-7.0,7.0,-7.0,6.0,-7.0,6.0,-9.0,7.0,-10.0,7.0,-10.0,6.0,-12.0,7.0,-13.0,7.0,-14.0,6.0,-14.0,6.0,-14.0,6.0,-14.0,6.0,-15.0,6.0,-15.0,5.0,-16.0,5.0,-17.0,6.0,-17.0,7.0,-17.0,7.0,-17.0,7.0,-18.0,6.0,-19.0,6.0,-20.0,7.0,-21.0,7.0,-20.0,8.0,-20.0,8.0,-20.0,9.0,-20.0,10.0,-20.0,11.0,-19.0,11.0,-19.0,12.0,-17.0,12.0,-16.0
-12.0,-4.0,-12.0,-3.0,-13.0,-3.0,-13.0,-4.0,-12.0,-4.0,-11.0,-3.0,-11.0,-2.0,-11.0,-1.0,-11.0,-1.0,-11.0,-1.0,-11.0,-1.0,-12.0,-1.0,-11.0,0.0,-11.0,0.0,-10.0,0.0,-10.0,2.0,-9.0,2.0,-8.0,2.0,-8.0,3.0,-9.0,4.0,-9.0,4.0,-9.0,5.0,-9.0,5.0,-9.0,6.0,-10.0,8.0,-10.0,8.0,-9.0,10.0,-10.0,11.0,-10.0,11.0,-10.0,11.0,-10.0,11.0,-10.0,12.0,-10.0,13.0,-10.0,13.0,-9.0,14.0,-9.0,14.0,-10.0,14.0,-11.0,14.0,-11.0,14.0,-11.0,15.0,-11.0,16.0,-11.0,17.0,-12.0,18.0,-12.0,17.0,-11.0,17.0,-11.0,17.0,-12.0,17.0,-14.0,17.0,-15.0,16.0,-15.0,15.0,-15.0,13.0,-15.0,13.0
12.0,2.0,12.0,2.0,12.0,1.0,13.0,2.0,11.0,2.0,10.0,2.0,10.0,1.0,10.0,0.0,10.0,0.0,10.0,0.0,11.0,0.0,11.0,-1.0,10.0,-1.0,10.0,-1.0,9.0,-2.0,9.0,-3.0,8.0,-3.0,8.0,-3.0,8.0,-4.0,8.0,-4.0,9.0,-5.0,8.0,-5.0,8.0,-6.0,8.0,-7.0,9.0,-8.0,9.0,-9.0,9.0,-11.0,10.0,-11.0,10.0,-12.0,9.0,-12.0,9.0,-11.0,9.0,-12.0,9.0,-13.0,9.0,-13.0,9.0,-14.0,9.0,-15.0,10.0,-15.0,11.0,-14.0,11.0,-15.0,11.0,-16.0,11.0,-16.0,11.0,-17.0,12.0,-17.0,12.0,-17.0,12.0,-16.0,13.0,-16.0,13.0,-16.0,14.0,-16.0,15.0,-16.0,16.0,-14.0,16.0,-13.0,16.0,-12.0
-12.0,-6.0,-12.0,-5.0,-13.0,-5.0,-13.0,-5.0,-12.0,-5.0,-11.0,-5.0,-11.0,-4.0,-11.0,-3.0,-10.0,-3.0,-11.0,-3.0,-11.0,-3.0,-12.0,-3.0,-11.0,-2.0,-11.0,-2.0,-10.0,-1.0,-10.0,0.0,-10.0,1.0,-10.0,1.0,-9.0,2.0,-10.0,2.0,-10.0,2.0,-10.0,3.0,-10.0,3.0,-10.0,5.0,-11.0,6.0,-12.0,6.0,-12.0,8.0,-13.0,8.0,-13.0,9.0,-13.0,9.0,-12.0,8.0,-13.0,9.0,-13.0,10.0,-13.0,10.0,-13.0,11.0,-13.0,11.0,-14.0,11.0,-14.0,10.0,-15.0,11.0,-15.0,12.0,-15.0,12.0,-16.0,14.0,-16.0,14.0,-16.0,13.0,-16.0,12.0,-16.0,12.0,-17.0,12.0,-18.0,12.0,-19.0,11.0,-19.0,10.0,-19.0,8.0,-18.0,7.0
6.0,11.0,7.0,10.0,7.0,10.0,7.0,11.0,6.0,10.0,6.0,9.0,6.0,9.0,6.0,8.0,6.0,7.0,6.0,7.0,7.0,8.0,8.0,7.0,8.0,7.0,7.0,6.0,7.0,6.0,8.0,5.0,8.0,4.0,8.0,3.0,8.0,2.0,8.0,2.0,9.0,3.0,10.0,2.0,9.0,2.0,10.0,1.0,12.0,0.0,12.0,0.0,13.0,-1.0,14.0,-1.0,15.0,-2.0,15.0,-2.0,14.0,-2.0,14.0,-3.0,15.0,-3.0,15.0,-3.0,16.0,-4.0,17.0,-4.0,17.0,-3.0,17.0,-3.0,17.0,-3.0,18.0,-4.0,19.0,-4.0,20.0,-5.0,20.0,-5.0,20.0,-4.0,20.0,-4.0,20.0,-4.0,21.0,-3.0,21.0,-3.0,21.0,-2.0,20.0,0.0,20.0,1.0,19.0,2.0
12.0,2.0,12.0,1.0,12.0,1.0,13.0,1.0,12.0,2.0,11.0,1.0,10.0,1.0,10.0,0.0,10.0,0.0,10.0,-1.0,11.0,-1.0,11.0,-2.0,10.0,-2.0,10.0,-2.0,9.0,-3.0,9.0,-4.0,8.0,-4.0,8.0,-4.0,7.0,-5.0,8.0,-5.0,8.0,-5.0,8.0,-6.0,8.0,-7.0,7.0,-8.0,8.0,-9.0,8.0,-10.0,8.0,-12.0,9.0,-12.0,9.0,-13.0,8.0,-13.0,8.0,-12.0,8.0,-13.0,8.0,-14.0,8.0,-14.0,8.0,-15.0,8.0,-15.0,9.0,-16.0,9.0,-15.0,9.0,-16.0,10.0,-17.0,10.0,-17.0,10.0,-18.0,10.0,-18.0,10.0,-18.0,11.0,-17.0,11.0,-17.0,12.0,-17.0,13.0,-17.0,13.0,-17.0,14.0,-16.0,14.0,-14.0,14.0,-13.0
6.0,-11.0,5.0,-12.0,5.0,-12.0,6.0,-12.0,5.0,-11.0,4.0,-10.0,4.0,-10.0,3.0,-10.0,3.0,-10.0,3.0,-10.0,2.0,-11.0,2.0,-11.0,1.0,-11.0,2.0,-10.0,1.0,-10.0,-1.0,-10.0,-2.0,-10.0,-2.0,-10.0,-2.0,-9.0,-2.0,-9.0,-2.0,-10.0,-3.0,-10.0,-4.0,-10.0,-5.0,-10.0,-6.0,-11.0,-6.0,-12.0,-8.0,-12.0,-8.0,-13.0,-9.0,-13.0,-9.0,-13.0,-8.0,-13.0,-9.0,-13.0,-10.0,-13.0,-10.0,-13.0,-11.0,-14.0,-12.0,-14.0,-12.0,-15.0,-10.0,-15.0,-11.0,-15.0,-12.0,-15.0,-13.0,-16.0,-14.0,-16.0,-14.0,-17.0,-13.0,-17.0,-13.0,-17.0,-13.0,-17.0,-12.0,-18.0,-11.0,-18.0,-10.0,-19.0,-9.0,-19.0,-8.0,-19.0,-7.0,-19.0
1.0,-13.0,1.0,-12.0,0.0,-13.0,1.0,-13.0,1.0,-12.0,1.0,-11.0,0.0,-11.0,-1.0,-10.0,-1.0,-10.0,-1.0,-10.0,-1.0,-11.0,-2.0,-11.0,-2.0,-10.0,-2.0,-10.0,-3.0,-9.0,-4.0,-9.0,-5.0,-9.0,-5.0,-8.0,-5.0,-7.0,-5.0,-8.0,-6.0,-8.0,-6.0,-8.0,-7.0,-8.0,-8.0,-7.0,-9.0,-8.0,-10.0,-9.0,-12.0,-7.0,-12.0,-8.0,-13.0,-8.0,-13.0,-8.0,-12.0,-8.0,-13.0,-8.0,-14.0,-7.0,-14.0,-8.0,-15.0,-8.0,-16.0,-8.0,-16.0,-8.0,-15.0,-9.0,-15.0,-8.0,-17.0,-8.0,-18.0,-8.0,-19.0,-9.0,-19.0,-9.0,-19.0,-9.0,-18.0,-10.0,-18.0,-10.0,-18.0,-11.0,-18.0,-11.0,-17.0,-12.0,-16.0,-13.0,-15.0,-14.0,-14.0,-13.0
-3.0,10.0,-2.0,10.0,-2.0,10.0,-3.0,10.0,-3.0,10.0,-2.0,9.0,-2.0,9.0,-1.0,8.0,-1.0,8.0,-1.0,8.0,-1.0,9.0,0.0,9.0,0.0,8.0,0.0,7.0,1.0,7.0,2.0,7.0,3.0,7.0,3.0,6.0,3.0,6.0,3.0,6.0,4.0,6.0,4.0,6.0,4.0,6.0,6.0,6.0,7.0,6.0,8.0,7.0,9.0,6.0,9.0,7.0,10.0,7.0,10.0,7.0,9.0,7.0,10.0,6.0,11.0,6.0,11.0,6.0,12.0,7.0,13.0,6.0,13.0,7.0,12.0,7.0,12.0,7.0,13.0,7.0,14.0,8.0,15.0,8.0,16.0,8.0,15.0,9.0,15.0,9.0,14.0,9.0,14.0,9.0,14.0,10.0,13.0,10.0,13.0,11.0,12.0,11.0,11.0,11.0
10.0,4.0,10.0,3.0,11.0,3.0,11.0,4.0,10.0,4.0,9.0,3.0,9.0,3.0,8.0,2.0,8.0,2.0,9.0,2.0,9.0,2.0,9.0,1.0,9.0,0.0,8.0,0.0,8.0,0.0,8.0,-2.0,7.0,-2.0,7.0,-3.0,7.0,-3.0,7.0,-4.0,7.0,-4.0,7.0,-4.0,7.0,-5.0,7.0,-6.0,8.0,-7.0,8.0,-8.0,7.0,-10.0,8.0,-10.0,8.0,-11.0,8.0,-11.0,8.0,-11.0,8.0,-11.0,8.0,-12.0,8.0,-13.0,8.0,-13.0,8.0,-14.0,9.0,-14.0,9.0,-13.0,9.0,-14.0,9.0,-15.0,9.0,-15.0,9.0,-16.0,10.0,-17.0,10.0,-16.0,10.0,-16.0,11.0,-16.0,11.0,-16.0,12.0,-16.0,12.0,-15.0,13.0,-14.0,13.0,-12.0,13.0,-11.0
-9.0,11.0,-8.0,11.0,-8.0,12.0,-9.0,12.0,-8.0,11.0,-7.0,10.0,-6.0,10.0,-5.0,9.0,-5.0,9.0,-5.0,10.0,-5.0,11.0,-4.0,11.0,-4.0,10.0,-4.0,10.0,-3.0,9.0,-2.0,9.0,0.0,9.0,0.0,9.0,1.0,9.0,1.0,9.0,1.0,10.0,1.0,10.0,2.0,10.0,4.0,10.0,5.0,11.0,6.0,12.0,8.0,11.0,8.0,13.0,9.0,13.0,9.0,13.0,8.0,13.0,9.0,13.0,10.0,13.0,10.0,13.0,12.0,13.0,13.0,14.0,12.0,15.0,11.0,15.0,11.0,15.0,12.0,16.0,14.0,16.0,15.0,17.0,15.0,18.0,15.0,18.0,14.0,17.0,14.0,18.0,13.0,18.0,12.0,19.0,11.0,20.0,10.0,21.0,9.0,20.0,8.0,19.0
5.0,-12.0,4.0,-13.0,5.0,-13.0,6.0,-13.0,5.0,-12.0,4.0,-11.0,4.0,-11.0,3.0,-11.0,2.0,-10.0,2.0,-11.0,2.0,-11.0,2.0,-12.0,2.0,-11.0,2.0,-10.0,1.0,-10.0,-1.0,-10.0,-2.0,-10.0,-2.0,-9.0,-2.0,-9.0,-2.0,-9.0,-3.0,-9.0,-3.0,-10.0,-4.0,-9.0,-5.0,-9.0,-6.0,-10.0,-7.0,-11.0,-10.0,-11.0,-10.0,-12.0,-10.0,-12.0,-10.0,-11.0,-10.0,-11.0,-10.0,-11.0,-11.0,-11.0,-12.0,-11.0,-13.0,-12.0,-14.0,-12.0,-14.0,-12.0,-13.0,-13.0,-13.0,-13.0,-14.0,-13.0,-15.0,-14.0,-17.0,-14.0,-17.0,-15.0,-16.0,-15.0,-16.0,-15.0,-16.0,-15.0,-16.0,-16.0,-15.0,-16.0,-14.0,-17.0,-13.0,-18.0,-11.0,-18.0,-11.0,-18.0
-9.0,3.0,-8.0,4.0,-8.0,4.0,-9.0,3.0,-8.0,3.0,-7.0,3.0,-7.0,3.0,-6.0,3.0,-6.0,3.0,-7.0,3.0,-7.0,4.0,-7.0,4.0,-6.0,4.0,-6.0,4.0,-5.0,4.0,-5.0,4.0,-4.0,4.0,-4.0,4.0,-3.0,4.0,-4.0,5.0,-4.0,5.0,-3.0,5.0,-3.0,5.0,-2.0,6.0,-2.0,7.0,-2.0,7.0,-1.0,8.0,-1.0,9.0,-1.0,9.0,-1.0,9.0,-1.0,9.0,0.0,9.0,0.0,10.0,0.0,10.0,1.0,10.0,1.0,10.0,1.0,11.0,0.0,11.0,0.0,11.0,1.0,12.0,1.0,12.0,2.0,13.0,1.0,13.0,1.0,13.0,1.0,13.0,1.0,13.0,0.0,13.0,-1.0,14.0,-1.0,14.0,-2.0,13.0,-3.0,13.0,-3.0,12.0
8.0,-12.0,7.0,-12.0,7.0,-13.0,8.0,-12.0,8.0,-11.0,7.0,-10.0,6.0,-10.0,5.0,-10.0,5.0,-10.0,5.0,-11.0,5.0,-11.0,5.0,-12.0,4.0,-11.0,4.0,-10.0,3.0,-10.0,2.0,-11.0,1.0,-11.0,0.0,-10.0,0.0,-10.0,0.0,-10.0,0.0,-11.0,-1.0,-11.0,-2.0,-10.0,-3.0,-11.0,-4.0,-12.0,-4.0,-13.0,-7.0,-13.0,-7.0,-13.0,-8.0,-14.0,-8.0,-13.0,-7.0,-13.0,-8.0,-13.0,-9.0,-13.0,-10.0,-14.0,-11.0,-14.0,-12.0,-15.0,-11.0,-15.0,-10.0,-15.0,-10.0,-15.0,-12.0,-16.0,-13.0,-16.0,-15.0,-17.0,-15.0,-18.0,-14.0,-18.0,-13.0,-18.0,-13.0,-18.0,-13.0,-19.0,-12.0,-20.0,-11.0,-20.0,-10.0,-21.0,-9.0,-20.0,-8.0,-20.0
-14.0,6.0,-14.0,7.0,-14.0,8.0,-15.0,7.0,-14.0,6.0,-13.0,6.0,-12.0,6.0,-11.0,6.0,-11.0,7.0,-11.0,7.0,-12.0,8.0,-11.0,8.0,-11.0,8.0,-10.0,7.0,-10.0,7.0,-8.0,9.0,-7.0,9.0,-6.0,8.0,-6.0,9.0,-6.0,9.0,-6.0,10.0,-6.0,10.0,-5.0,10.0,-4.0,11.0,-4.0,13.0,-3.0,13.0,-1.0,15.0,-2.0,16.0,-1.0,17.0,-1.0,17.0,-1.0,16.0,0.0,17.0,0.0,17.0,1.0,18.0,2.0,18.0,3.0,19.0,2.0,20.0,1.0,20.0,0.0,20.0,1.0,21.0,2.0,22.0,3.0,24.0,2.0,25.0,2.0,24.0,2.0,24.0,1.0,24.0,0.0,24.0,-1.0,24.0,-2.0,25.0,-3.0,25.0,-4.0,23.0,-5.0,22.0
0.0,14.0,0.0,13.0,1.0,14.0,0.0,14.0,-1.0,13.0,0.0,12.0,0.0,12.0,1.0,11.0,1.0,11.0,1.0,11.0,1.0,12.0,2.0,12.0,2.0,11.0,2.0,11.0,2.0,10.0,4.0,10.0,5.0,9.0,4.0,8.0,5.0,8.0,5.0,8.0,5.0,8.0,6.0,8.0,6.0,7.0,8.0,7.0,9.0,8.0,10.0,8.0,12.0,7.0,13.0,7.0,13.0,7.0,13.0,7.0,13.0,7.0,14.0,7.0,15.0,6.0,15.0,6.0,16.0,6.0,17.0,7.0,17.0,7.0,16.0,8.0,17.0,7.0,18.0,7.0,19.0,8.0,21.0,8.0,21.0,8.0,21.0,9.0,20.0,9.0,20.0,9.0,20.0,10.0,20.0,11.0,19.0,12.0,18.0,13.0,17.0,14.0,16.0,14.0
11.0,-4.0,11.0,-4.0,11.0,-5.0,12.0,-4.0,11.0,-4.0,10.0,-4.0,9.0,-4.0,9.0,-5.0,9.0,-5.0,9.0,-5.0,9.0,-5.0,9.0,-6.0,9.0,-6.0,8.0,-6.0,8.0,-6.0,7.0,-7.0,6.0,-7.0,5.0,-7.0,5.0,-8.0,5.0,-8.0,5.0,-9.0,5.0,-9.0,4.0,-9.0,3.0,-10.0,4.0,-11.0,4.0,-12.0,2.0,-13.0,3.0,-14.0,2.0,-15.0,2.0,-15.0,2.0,-15.0,2.0,-15.0,1.0,-16.0,1.0,-16.0,1.0,-17.0,0.0,-17.0,1.0,-18.0,2.0,-18.0,2.0,-18.0,2.0,-19.0,1.0,-20.0,1.0,-21.0,1.0,-21.0,1.0,-21.0,1.0,-21.0,2.0,-21.0,3.0,-21.0,4.0,-21.0,5.0,-21.0,6.0,-21.0,7.0,-19.0,7.0,-18.0
-14.0,-2.0,-14.0,-1.0,-15.0,-1.0,-15.0,-1.0,-14.0,-2.0,-13.0,-1.0,-13.0,-1.0,-12.0,0.0,-12.0,1.0,-12.0,1.0,-13.0,1.0,-13.0,2.0,-12.0,2.0,-11.0,2.0,-11.0,2.0,-10.0,4.0,-10.0,5.0,-9.0,5.0,-9.0,5.0,-9.0,6.0,-9.0,7.0,-9.0,7.0,-8.0,7.0,-8.0,9.0,-8.0,10.0,-9.0,11.0,-7.0,13.0,-8.0,14.0,-8.0,15.0,-7.0,15.0,-7.0,14.0,-7.0,15.0,-6.0,16.0,-6.0,17.0,-6.0,17.0,-6.0,18.0,-7.0,19.0,-8.0,18.0,-8.0,18.0,-8.0,20.0,-7.0,21.0,-7.0,22.0,-8.0,23.0,-8.0,22.0,-8.0,22.0,-8.0,22.0,-9.0,22.0,-10.0,22.0,-11.0,21.0,-13.0,21.0,-13.0,19.0,-13.0,18.0
-2.0,13.0,-1.0,13.0,-1.0,14.0,-1.0,14.0,-2.0,13.0,-1.0,12.0,0.0,11.0,1.0,11.0,1.0,11.0,1.0,11.0,1.0,11.0,2.0,11.0,2.0,11.0,2.0,10.0,3.0,9.0,5.0,9.0,5.0,8.0,5.0,7.0,5.0,7.0,6.0,7.0,6.0,7.0,7.0,7.0,8.0,7.0,9.0,6.0,10.0,7.0,11.0,8.0,14.0,5.0,14.0,6.0,15.0,6.0,15.0,6.0,14.0,6.0,15.0,5.0,16.0,5.0,17.0,5.0,18.0,5.0,19.0,5.0,19.0,6.0,18.0,6.0,19.0,6.0,20.0,6.0,21.0,6.0,23.0,6.0,24.0,6.0,23.0,7.0,22.0,7.0,22.0,7.0,22.0,8.0,22.0,9.0,21.0,10.0,20.0,11.0,19.0,12.0,18.0,12.0
-6.0,11.0,-5.0,11.0,-5.0,11.0,-6.0,12.0,-6.0,11.0,-5.0,10.0,-3.0,10.0,-3.0,9.0,-3.0,9.0,-3.0,9.0,-2.0,10.0,-2.0,11.0,-1.0,10.0,-1.0,9.0,-1.0,9.0,1.0,9.0,2.0,9.0,2.0,8.0,2.0,8.0,2.0,8.0,3.0,9.0,3.0,9.0,4.0,8.0,5.0,8.0,7.0,10.0,7.0,10.0,9.0,9.0,9.0,10.0,10.0,11.0,10.0,10.0,10.0,10.0,10.0,10.0,11.0,10.0,12.0,10.0,13.0,11.0,14.0,11.0,13.0,11.0,12.0,12.0,12.0,12.0,14.0,13.0,15.0,13.0,16.0,13.0,16.0,14.0,15.0,14.0,15.0,14.0,15.0,14.0,15.0,15.0,14.0,16.0,13.0,16.0,12.0,17.0,10.0,17.0,10.0,17.0
12.0,0.0,12.0,-1.0,13.0,-2.0,13.0,-1.0,11.0,-1.0,10.0,-1.0,10.0,-2.0,9.0,-2.0,9.0,-3.0,10.0,-3.0,10.0,-3.0,10.0,-4.0,9.0,-4.0,9.0,-4.0,8.0,-5.0,7.0,-6.0,7.0,-7.0,6.0,-6.0,6.0,-7.0,6.0,-7.0,6.0,-8.0,6.0,-9.0,5.0,-9.0,5.0,-10.0,5.0,-11.0,5.0,-12.0,4.0,-14.0,4.0,-15.0,4.0,-16.0,4.0,-15.0,4.0,-15.0,3.0,-16.0,3.0,-16.0,3.0,-17.0,2.0,-17.0,2.0,-18.0,3.0,-19.0,4.0,-18.0,3.0,-19.0,3.0,-20.0,3.0,-20.0,2.0,-21.0,3.0,-22.0,3.0,-21.0,3.0,-21.0,4.0,-21.0,4.0,-21.0,5.0,-22.0,6.0,-22.0,7.0,-21.0,8.0,-19.0,8.0,-18.0
-14.0,3.0,-14.0,4.0,-14.0,5.0,-15.0,4.0,-14.0,3.0,-13.0,3.0,-12.0,4.0,-11.0,4.0,-11.0,5.0,-11.0,5.0,-11.0,5.0,-11.0,6.0,-11.0,6.0,-10.0,6.0,-9.0,6.0,-8.0,8.0,-7.0,8.0,-6.0,7.0,-6.0,8.0,-6.0,9.0,-6.0,9.0,-6.0,10.0,-5.0,10.0,-4.0,11.0,-5.0,13.0,-4.0,13.0,-2.0,15.0,-3.0,16.0,-2.0,17.0,-2.0,17.0,-3.0,16.0,-2.0,17.0,-1.0,18.0,-1.0,18.0,0.0,18.0,0.0,19.0,-1.0,20.0,-2.0,19.0,-2.0,20.0,-1.0,21.0,0.0,22.0,0.0,23.0,-1.0,24.0,-1.0,23.0,-1.0,23.0,-1.0,23.0,-2.0,23.0,-3.0,23.0,-5.0,23.0,-7.0,23.0,-8.0,21.0,-8.0,20.0
8.0,9.0,9.0,8.0,9.0,8.0,9.0,9.0,8.0,8.0,7.0,8.0,7.0,7.0,7.0,6.0,7.0,6.0,7.0,6.0,8.0,6.0,9.0,5.0,9.0,5.0,8.0,4.0,8.0,4.0,9.0,3.0,9.0,2.0,8.0,1.0,8.0,0.0,9.0,0.0,9.0,0.0,9.0,0.0,9.0,-1.0,10.0,-2.0,11.0,-3.0,12.0,-3.0,12.0,-5.0,13.0,-5.0,14.0,-6.0,14.0,-6.0,13.0,-5.0,13.0,-6.0,14.0,-7.0,14.0,-7.0,15.0,-8.0,15.0,-8.0,16.0,-8.0,16.0,-7.0,16.0,-8.0,17.0,-8.0,17.0,-9.0,18.0,-9.0,19.0,-10.0,19.0,-9.0,19.0,-9.0,19.0,-8.0,19.0,-8.0,20.0,-7.0,20.0,-6.0,20.0,-5.0,20.0,-3.0,19.0,-2.0
11.0,5.0,11.0,4.0,12.0,4.0,12.0,5.0,11.0,5.0,10.0,4.0,9.0,3.0,9.0,3.0,9.0,2.0,9.0,2.0,10.0,2.0,10.0,1.0,10.0,1.0,9.0,1.0,9.0,0.0,9.0,-1.0,9.0,-2.0,8.0,-2.0,8.0,-3.0,8.0,-3.0,9.0,-3.0,9.0,-4.0,8.0,-5.0,9.0,-6.0,10.0,-7.0,10.0,-7.0,10.0,-9.0,11.0,-10.0,11.0,-10.0,11.0,-10.0,11.0,-10.0,11.0,-11.0,11.0,-12.0,11.0,-12.0,11.0,-12.0,11.0,-13.0,12.0,-13.0,12.0,-13.0,12.0,-13.0,13.0,-14.0,13.0,-15.0,13.0,-16.0,14.0,-16.0,14.0,-15.0,14.0,-15.0,14.0,-14.0,15.0,-14.0,16.0,-14.0,17.0,-14.0,17.0,-12.0,17.0,-10.0,17.0,-9.0
11.0,4.0,12.0,3.0,12.0,3.0,12.0,3.0,11.0,3.0,10.0,3.0,10.0,2.0,9.0,2.0,9.0,1.0,10.0,1.0,11.0,1.0,11.0,0.0,10.0,0.0,10.0,0.0,9.0,-1.0,9.0,-2.0,9.0,-3.0,8.0,-3.0,8.0,-4.0,8.0,-4.0,9.0,-4.0,9.0,-5.0,8.0,-5.0,8.0,-7.0,9.0,-8.0,9.0,-8.0,9.0,-10.0,10.0,-11.0,10.0,-12.0,10.0,-11.0,9.0,-11.0,9.0,-12.0,9.0,-13.0,9.0,-13.0,9.0,-14.0,9.0,-14.0,10.0,-15.0,10.0,-14.0,11.0,-15.0,11.0,-16.0,11.0,-16.0,11.0,-17.0,12.0,-18.0,12.0,-17.0,12.0,-17.0,13.0,-16.0,13.0,-16.0,14.0,-17.0,15.0,-16.0,15.0,-15.0,16.0,-13.0,16.0,-12.0
0.0,-13.0,-1.0,-12.0,-1.0,-13.0,0.0,-13.0,0.0,-12.0,0.0,-11.0,-1.0,-11.0,-2.0,-10.0,-2.0,-10.0,-2.0,-10.0,-2.0,-11.0,-3.0,-11.0,-3.0,-10.0,-3.0,-10.0,-3.0,-9.0,-5.0,-9.0,-5.0,-9.0,-5.0,-8.0,-5.0,-7.0,-5.0,-8.0,-6.0,-8.0,-6.0,-8.0,-7.0,-7.0,-8.0,-7.0,-9.0,-8.0,-10.0,-8.0,-11.0,-7.0,-12.0,-8.0,-12.0,-8.0,-12.0,-8.0,-12.0,-7.0,-12.0,-7.0,-13.0,-7.0,-14.0,-7.0,-14.0,-7.0,-15.0,-7.0,-15.0,-8.0,-14.0,-8.0,-15.0,-8.0,-16.0,-8.0,-16.0,-8.0,-18.0,-9.0,-18.0,-9.0,-18.0,-9.0,-17.0,-9.0,-17.0,-10.0,-17.0,-10.0,-17.0,-11.0,-16.0,-12.0,-16.0,-12.0,-14.0,-13.0,-13.0,-13.0
6.0,-12.0,5.0,-12.0,5.0,-12.0,6.0,-13.0,6.0,-12.0,5.0,-11.0,4.0,-11.0,3.0,-11.0,3.0,-10.0,3.0,-11.0,3.0,-12.0,2.0,-12.0,2.0,-11.0,2.0,-11.0,1.0,-11.0,0.0,-11.0,-1.0,-11.0,-1.0,-10.0,-2.0,-10.0,-2.0,-10.0,-2.0,-11.0,-2.0,-11.0,-3.0,-11.0,-4.0,-11.0,-5.0,-12.0,-6.0,-13.0,-8.0,-13.0,-8.0,-14.0,-8.0,-14.0,-8.0,-14.0,-8.0,-14.0,-8.0,-14.0,-9.0,-14.0,-10.0,-14.0,-11.0,-15.0,-11.0,-15.0,-11.0,-16.0,-10.0,-16.0,-10.0,-16.0,-11.0,-17.0,-12.0,-17.0,-13.0,-18.0,-13.0,-18.0,-12.0,-18.0,-12.0,-19.0,-12.0,-19.0,-11.0,-19.0,-10.0,-20.0,-9.0,-20.0,-8.0,-21.0,-7.0,-20.0,-6.0,-20.0
9.0,-11.0,8.0,-11.0,8.0,-12.0,9.0,-12.0,8.0,-11.0,7.0,-10.0,6.0,-10.0,5.0,-10.0,5.0,-10.0,5.0,-11.0,5.0,-12.0,4.0,-12.0,4.0,-12.0,4.0,-11.0,3.0,-11.0,1.0,-12.0,0.0,-12.0,-1.0,-12.0,-1.0,-11.0,-1.0,-12.0,-1.0,-13.0,-2.0,-13.0,-3.0,-13.0,-4.0,-13.0,-4.0,-15.0,-5.0,-16.0,-8.0,-16.0,-8.0,-17.0,-8.0,-18.0,-8.0,-17.0,-8.0,-17.0,-8.0,-17.0,-9.0,-17.0,-10.0,-18.0,-11.0,-18.0,-12.0,-19.0,-11.0,-20.0,-9.0,-19.0,-10.0,-20.0,-11.0,-20.0,-13.0,-21.0,-14.0,-22.0,-14.0,-22.0,-13.0,-22.0,-13.0,-22.0,-12.0,-22.0,-11.0,-23.0,-10.0,-23.0,-9.0,-24.0,-8.0,-24.0,-6.0,-24.0,-5.0,-23.0
-11.0,-6.0,-12.0,-6.0,-12.0,-5.0,-12.0,-6.0,-11.0,-6.0,-10.0,-5.0,-10.0,-4.0,-10.0,-4.0,-10.0,-3.0,-10.0,-3.0,-11.0,-3.0,-11.0,-2.0,-11.0,-1.0,-10.0,-1.0,-10.0,-1.0,-10.0,1.0,-10.0,1.0,-9.0,2.0,-9.0,2.0,-10.0,3.0,-11.0,3.0,-11.0,4.0,-10.0,4.0,-10.0,6.0,-12.0,7.0,-12.0,7.0,-12.0,9.0,-13.0,10.0,-14.0,11.0,-13.0,10.0,-13.0,10.0,-13.0,11.0,-13.0,12.0,-13.0,12.0,-13.0,13.0,-13.0,13.0,-14.0,13.0,-15.0,12.0,-15.0,13.0,-16.0,14.0,-16.0,14.0,-16.0,15.0,-17.0,16.0,-17.0,15.0,-17.0,14.0,-17.0,14.0,-17.0,14.0,-18.0,13.0,-19.0,13.0,-20.0,12.0,-19.0,10.0,-19.0,9.0
1.0,13.0,2.0,12.0,2.0,12.0,1.0,13.0,1.0,12.0,1.0,11.0,2.0,10.0,3.0,10.0,3.0,9.0,3.0,9.0,3.0,10.0,4.0,10.0,4.0,9.0,4.0,8.0,5.0,8.0,6.0,7.0,7.0,6.0,7.0,6.0,7.0,5.0,7.0,5.0,8.0,5.0,8.0,5.0,9.0,5.0,10.0,4.0,12.0,5.0,13.0,5.0,15.0,3.0,15.0,3.0,16.0,3.0,16.0,3.0,16.0,3.0,16.0,3.0,17.0,2.0,18.0,2.0,18.0,2.0,20.0,2.0,20.0,3.0,19.0,3.0,19.0,3.0,20.0,3.0,21.0,2.0,22.0,2.0,23.0,2.0,23.0,3.0,22.0,3.0,22.0,4.0,22.0,4.0,22.0,5.0,22.0,6.0,21.0,7.0,20.0,8.0,19.0,9.0
2.0,-12.0,1.0,-12.0,1.0,-13.0,2.0,-13.0,2.0,-12.0,1.0,-11.0,0.0,-11.0,-1.0,-10.0,-1.0,-10.0,-1.0,-10.0,-1.0,-11.0,-2.0,-11.0,-2.0,-11.0,-2.0,-10.0,-3.0,-10.0,-4.0,-10.0,-5.0,-9.0,-5.0,-8.0,-5.0,-8.0,-6.0,-8.0,-6.0,-9.0,-7.0,-9.0,-7.0,-8.0,-8.0,-8.0,-10.0,-9.0,-11.0,-9.0,-13.0,-8.0,-13.0,-9.0,-14.0,-9.0,-14.0,-9.0,-13.0,-9.0,-14.0,-8.0,-15.0,-8.0,-16.0,-8.0,-17.0,-8.0,-17.0,-9.0,-17.0,-9.0,-16.0,-10.0,-16.0,-10.0,-18.0,-10.0,-19.0,-10.0,-20.0,-10.0,-20.0,-10.0,-19.0,-10.0,-19.0,-10.0,-19.0,-11.0,-19.0,-11.0,-18.0,-12.0,-17.0,-13.0,-17.0,-14.0,-16.0,-14.0,-15.0,-14.0
11.0,-2.0,11.0,-3.0,11.0,-3.0,12.0,-3.0,11.0,-2.0,10.0,-2.0,9.0,-3.0,9.0,-3.0,9.0,-4.0,9.0,-4.0,9.0,-4.0,9.0,-5.0,8.0,-6.0,8.0,-5.0,7.0,-6.0,6.0,-7.0,6.0,-7.0,5.0,-7.0,5.0,-8.0,5.0,-8.0,5.0,-9.0,5.0,-9.0,4.0,-9.0,4.0,-11.0,4.0,-12.0,4.0,-13.0,3.0,-14.0,3.0,-16.0,3.0,-16.0,3.0,-16.0,3.0,-16.0,3.0,-16.0,2.0,-17.0,2.0,-17.0,2.0,-18.0,2.0,-18.0,2.0,-19.0,3.0,-19.0,3.0,-19.0,3.0,-20.0,2.0,-20.0,2.0,-21.0,3.0,-22.0,3.0,-21.0,4.0,-21.0,4.0,-21.0,5.0,-21.0,5.0,-21.0,6.0,-21.0,7.0,-20.0,8.0,-19.0,8.0,-18.0
5.0,-11.0,4.0,-11.0,4.0,-12.0,4.0,-12.0,4.0,-11.0,3.0,-10.0,2.0,-10.0,1.0,-10.0,1.0,-9.0,1.0,-10.0,1.0,-11.0,0.0,-11.0,0.0,-10.0,0.0,-10.0,-1.0,-10.0,-2.0,-10.0,-3.0,-10.0,-3.0,-9.0,-3.0,-9.0,-4.0,-9.0,-4.0,-9.0,-5.0,-9.0,-5.0,-9.0,-6.0,-9.0,-8.0,-10.0,-8.0,-11.0,-11.0,-10.0,-11.0,-11.0,-11.0,-12.0,-12.0,-11.0,-11.0,-11.0,-12.0,-11.0,-13.0,-11.0,-13.0,-11.0,-14.0,-12.0,-15.0,-12.0,-14.0,-13.0,-13.0,-13.0,-13.0,-13.0,-15.0,-13.0,-16.0,-13.0,-17.0,-14.0,-17.0,-14.0,-16.0,-14.0,-16.0,-14.0,-16.0,-15.0,-15.0,-15.0,-15.0,-16.0,-14.0,-16.0,-13.0,-17.0,-12.0,-17.0,-11.0,-17.0
-11.0,7.0,-10.0,8.0,-10.0,8.0,-11.0,8.0,-10.0,7.0,-9.0,7.0,-8.0,7.0,-7.0,7.0,-7.0,7.0,-7.0,7.0,-7.0,8.0,-7.0,9.0,-6.0,9.0,-6.0,8.0,-5.0,8.0,-4.0,9.0,-3.0,9.0,-2.0,9.0,-2.0,9.0,-2.0,9.0,-2.0,10.0,-1.0,10.0,0.0,10.0,1.0,11.0,1.0,12.0,2.0,13.0,4.0,14.0,4.0,15.0,4.0,16.0,4.0,15.0,4.0,15.0,5.0,15.0,5.0,16.0,6.0,16.0,7.0,17.0,7.0,17.0,7.0,18.0,5.0,18.0,5.0,18.0,6.0,19.0,7.0,19.0,8.0,20.0,8.0,21.0,7.0,21.0,7.0,20.0,6.0,21.0,6.0,21.0,5.0,21.0,4.0,22.0,2.0,22.0,1.0,21.0,0.0,20.0
-4.0,10.0,-3.0,10.0,-3.0,11.0,-4.0,11.0,-4.0,10.0,-3.0,10.0,-2.0,9.0,-1.0,9.0,-1.0,9.0,-1.0,9.0,0.0,10.0,0.0,10.0,1.0,9.0,0.0,8.0,1.0,8.0,3.0,8.0,3.0,8.0,3.0,7.0,4.0,7.0,4.0,7.0,4.0,7.0,5.0,7.0,6.0,7.0,7.0,7.0,8.0,8.0,9.0,8.0,11.0,7.0,11.0,7.0,12.0,8.0,12.0,7.0,12.0,8.0,12.0,7.0,13.0,7.0,14.0,7.0,15.0,7.0,15.0,7.0,15.0,8.0,14.0,8.0,15.0,8.0,16.0,8.0,17.0,8.0,18.0,8.0,18.0,9.0,18.0,9.0,17.0,9.0,17.0,9.0,17.0,10.0,16.0,10.0,16.0,11.0,15.0,12.0,14.0,12.0,13.0,12.0
9.0,7.0,10.0,6.0,10.0,6.0,10.0,6.0,9.0,6.0,9.0,5.0,8.0,5.0,8.0,4.0,9.0,4.0,9.0,4.0,10.0,4.0,10.0,3.0,10.0,2.0,9.0,2.0,9.0,2.0,9.0,0.0,9.0,-1.0,9.0,-1.0,9.0,-2.0,9.0,-2.0,10.0,-2.0,10.0,-2.0,10.0,-3.0,10.0,-5.0,11.0,-5.0,12.0,-5.0,12.0,-8.0,13.0,-8.0,14.0,-9.0,13.0,-9.0,13.0,-8.0,13.0,-9.0,13.0,-10.0,14.0,-10.0,14.0,-11.0,15.0,-11.0,16.0,-11.0,16.0,-10.0,16.0,-11.0,16.0,-11.0,16.0,-12.0,17.0,-13.0,18.0,-13.0,18.0,-12.0,18.0,-12.0,18.0,-11.0,18.0,-11.0,19.0,-11.0,19.0,-10.0,19.0,-9.0,19.0,-7.0,19.0,-6.0
-6.0,-14.0,-6.0,-13.0,-7.0,-13.0,-6.0,-13.0,-5.0,-13.0,-6.0,-12.0,-6.0,-11.0,-7.0,-10.0,-7.0,-10.0,-7.0,-10.0,-8.0,-11.0,-9.0,-10.0,-9.0,-9.0,-8.0,-9.0,-8.0,-8.0,-10.0,-7.0,-10.0,-6.0,-9.0,-6.0,-10.0,-5.0,-10.0,-5.0,-11.0,-5.0,-12.0,-5.0,-12.0,-4.0,-13.0,-3.0,-15.0,-3.0,-16.0,-3.0,-17.0,-1.0,-18.0,-2.0,-18.0,-1.0,-18.0,-1.0,-18.0,-1.0,-18.0,0.0,-19.0,0.0,-19.0,0.0,-21.0,1.0,-21.0,1.0,-22.0,0.0,-21.0,-1.0,-21.0,0.0,-23.0,0.0,-23.0,0.0,-25.0,1.0,-25.0,1.0,-25.0,0.0,-24.0,0.0,-24.0,-1.0,-24.0,-1.0,-24.0,-2.0,-24.0,-3.0,-24.0,-4.0,-23.0,-6.0,-21.0,-6.0
-15.0,-1.0,-14.0,0.0,-15.0,0.0,-15.0,0.0,-14.0,-1.0,-13.0,-1.0,-13.0,0.0,-12.0,1.0,-12.0,1.0,-12.0,1.0,-13.0,2.0,-13.0,3.0,-13.0,3.0,-12.0,3.0,-11.0,3.0,-11.0,5.0,-10.0,5.0,-10.0,5.0,-9.0,6.0,-10.0,6.0,-10.0,7.0,-10.0,7.0,-9.0,8.0,-9.0,9.0,-10.0,11.0,-10.0,12.0,-9.0,13.0,-11.0,14.0,-11.0,15.0,-10.0,15.0,-10.0,14.0,-10.0,15.0,-10.0,16.0,-10.0,17.0,-9.0,17.0,-9.0,18.0,-11.0,18.0,-12.0,17.0,-12.0,17.0,-12.0,18.0,-12.0,19.0,-12.0,21.0,-12.0,21.0,-13.0,20.0,-12.0,20.0,-13.0,19.0,-13.0,19.0,-14.0,19.0,-16.0,18.0,-16.0,17.0,-16.0,15.0,-16.0,14.0
4.0,12.0,5.0,11.0,5.0,11.0,4.0,12.0,4.0,11.0,4.0,10.0,4.0,10.0,5.0,9.0,5.0,9.0,5.0,9.0,6.0,9.0,6.0,9.0,6.0,8.0,6.0,8.0,6.0,7.0,8.0,6.0,8.0,6.0,7.0,5.0,8.0,5.0,8.0,5.0,9.0,5.0,9.0,5.0,9.0,4.0,11.0,4.0,12.0,4.0,13.0,4.0,14.0,2.0,15.0,2.0,16.0,2.0,16.0,2.0,15.0,2.0,16.0,2.0,16.0,1.0,17.0,1.0,18.0,1.0,19.0,1.0,19.0,2.0,18.0,3.0,18.0,2.0,19.0,2.0,20.0,2.0,21.0,1.0,22.0,1.0,21.0,2.0,21.0,2.0,21.0,3.0,21.0,3.0,20.0,4.0,20.0,5.0,20.0,6.0,18.0,7.0,17.0,8.0
-12.0,4.0,-12.0,5.0,-12.0,6.0,-13.0,5.0,-12.0,4.0,-11.0,4.0,-10.0,5.0,-10.0,5.0,-9.0,5.0,-10.0,5.0,-10.0,6.0,-10.0,7.0,-9.0,7.0,-9.0,7.0,-9.0,7.0,-7.0,8.0,-6.0,8.0,-6.0,8.0,-6.0,8.0,-6.0,9.0,-7.0,9.0,-6.0,10.0,-5.0,10.0,-4.0,11.0,-4.0,13.0,-4.0,13.0,-3.0,15.0,-3.0,15.0,-3.0,16.0,-3.0,16.0,-3.0,16.0,-3.0,16.0,-3.0,17.0,-3.0,17.0,-2.0,18.0,-1.0,19.0,-2.0,19.0,-3.0,18.0,-3.0,18.0,-3.0,20.0,-2.0,20.0,-2.0,21.0,-2.0,22.0,-3.0,22.0,-3.0,21.0,-4.0,21.0,-4.0,21.0,-5.0,21.0,-6.0,21.0,-7.0,20.0,-8.0,19.0,-8.0,18.0
-1.0,-13.0,-2.0,-12.0,-3.0,-13.0,-2.0,-13.0,-2.0,-12.0,-2.0,-11.0,-3.0,-11.0,-3.0,-10.0,-3.0,-10.0,-4.0,-10.0,-4.0,-11.0,-5.0,-11.0,-5.0,-10.0,-5.0,-9.0,-5.0,-9.0,-7.0,-8.0,-7.0,-8.0,-7.0,-7.0,-7.0,-7.0,-7.0,-7.0,-8.0,-7.0,-8.0,-7.0,-9.0,-6.0,-10.0,-6.0,-12.0,-6.0,-12.0,-7.0,-14.0,-5.0,-15.0,-6.0,-15.0,-5.0,-15.0,-5.0,-15.0,-5.0,-15.0,-5.0,-16.0,-4.0,-16.0,-4.0,-17.0,-4.0,-18.0,-4.0,-18.0,-5.0,-17.0,-5.0,-17.0,-5.0,-18.0,-5.0,-20.0,-5.0,-21.0,-4.0,-21.0,-5.0,-21.0,-5.0,-20.0,-6.0,-20.0,-6.0,-20.0,-6.0,-20.0,-6.0,-20.0,-7.0,-19.0,-8.0,-18.0,-9.0,-17.0,-9.0
6.0,-12.0,5.0,-12.0,5.0,-13.0,6.0,-13.0,6.0,-12.0,5.0,-11.0,4.0,-11.0,3.0,-11.0,3.0,-11.0,3.0,-11.0,3.0,-12.0,2.0,-12.0,2.0,-12.0,2.0,-11.0,1.0,-11.0,-1.0,-12.0,-1.0,-11.0,-2.0,-11.0,-2.0,-10.0,-2.0,-11.0,-2.0,-12.0,-3.0,-12.0,-4.0,-11.0,-5.0,-12.0,-6.0,-13.0,-6.0,-14.0,-9.0,-14.0,-9.0,-15.0,-9.0,-15.0,-9.0,-15.0,-9.0,-15.0,-10.0,-15.0,-10.0,-15.0,-11.0,-15.0,-12.0,-16.0,-13.0,-16.0,-12.0,-17.0,-11.0,-17.0,-11.0,-17.0,-12.0,-17.0,-13.0,-18.0,-14.0,-19.0,-14.0,-20.0,-13.0,-20.0,-13.0,-19.0,-12.0,-19.0,-12.0,-20.0,-11.0,-20.0,-10.0,-21.0,-9.0,-21.0,-7.0,-21.0,-6.0,-20.0
-13.0,1.0,-13.0,2.0,-13.0,2.0,-14.0,1.0,-13.0,1.0,-12.0,1.0,-11.0,2.0,-10.0,2.0,-10.0,2.0,-10.0,3.0,-11.0,3.0,-11.0,4.0,-10.0,4.0,-10.0,4.0,-9.0,4.0,-8.0,5.0,-7.0,6.0,-7.0,6.0,-7.0,6.0,-7.0,7.0,-8.0,7.0,-7.0,8.0,-7.0,8.0,-6.0,9.0,-6.0,11.0,-6.0,11.0,-5.0,13.0,-6.0,13.0,-6.0,14.0,-6.0,14.0,-6.0,14.0,-6.0,14.0,-6.0,15.0,-6.0,15.0,-5.0,16.0,-4.0,16.0,-5.0,17.0,-6.0,16.0,-6.0,16.0,-6.0,17.0,-6.0,18.0,-6.0,19.0,-7.0,20.0,-7.0,19.0,-7.0,19.0,-7.0,18.0,-8.0,18.0,-9.0,18.0,-9.0,18.0,-10.0,17.0,-11.0,16.0,-11.0,15.0
6.0,11.0,7.0,10.0,7.0,10.0,7.0,10.0,6.0,10.0,6.0,9.0,6.0,8.0,7.0,7.0,7.0,7.0,7.0,7.0,7.0,7.0,8.0,7.0,8.0,6.0,7.0,6.0,7.0,5.0,8.0,4.0,8.0,3.0,8.0,3.0,8.0,2.0,9.0,2.0,9.0,2.0,10.0,1.0,10.0,1.0,11.0,0.0,12.0,0.0,13.0,0.0,14.0,-3.0,14.0,-3.0,15.0,-3.0,15.0,-3.0,14.0,-3.0,15.0,-4.0,15.0,-5.0,15.0,-5.0,16.0,-5.0,17.0,-6.0,17.0,-5.0,17.0,-4.0,17.0,-5.0,18.0,-5.0,18.0,-6.0,19.0,-6.0,20.0,-6.0,20.0,-6.0,19.0,-6.0,19.0,-5.0,19.0,-5.0,20.0,-5.0,20.0,-4.0,20.0,-2.0,19.0,0.0,18.0,0.0
-11.0,-10.0,-11.0,-9.0,-12.0,-9.0,-12.0,-9.0,-11.0,-9.0,-10.0,-8.0,-10.0,-8.0,-10.0,-7.0,-10.0,-6.0,-10.0,-6.0,-11.0,-7.0,-12.0,-6.0,-11.0,-5.0,-11.0,-5.0,-10.0,-4.0,-11.0,-3.0,-11.0,-2.0,-10.0,-2.0,-10.0,-1.0,-11.0,-1.0,-12.0,-1.0,-12.0,0.0,-12.0,0.0,-12.0,2.0,-14.0,2.0,-15.0,2.0,-15.0,5.0,-17.0,4.0,-17.0,5.0,-16.0,5.0,-16.0,5.0,-17.0,6.0,-17.0,6.0,-17.0,6.0,-18.0,7.0,-18.0,7.0,-19.0,6.0,-19.0,5.0,-19.0,6.0,-20.0,6.0,-20.0,7.0,-21.0,8.0,-22.0,8.0,-22.0,7.0,-21.0,6.0,-21.0,6.0,-22.0,5.0,-22.0,5.0,-23.0,4.0,-23.0,3.0,-22.0,1.0,-21.0,0.0
14.0,-2.0,13.0,-3.0,14.0,-3.0,14.0,-3.0,13.0,-2.0,12.0,-2.0,11.0,-3.0,11.0,-3.0,10.0,-3.0,10.0,-3.0,11.0,-4.0,11.0,-5.0,11.0,-5.0,10.0,-5.0,10.0,-5.0,9.0,-7.0,8.0,-7.0,7.0,-7.0,7.0,-7.0,8.0,-8.0,8.0,-8.0,8.0,-9.0,7.0,-9.0,7.0,-10.0,7.0,-12.0,7.0,-13.0,6.0,-15.0,8.0,-15.0,8.0,-16.0,7.0,-16.0,7.0,-15.0,7.0,-16.0,7.0,-17.0,7.0,-17.0,7.0,-17.0,6.0,-18.0,7.0,-18.0,9.0,-18.0,9.0,-18.0,9.0,-19.0,8.0,-20.0,9.0,-21.0,9.0,-21.0,10.0,-21.0,10.0,-20.0,10.0,-20.0,11.0,-20.0,12.0,-19.0,12.0,-19.0,13.0,-18.0,13.0,-17.0,14.0,-16.0
-14.0,7.0,-14.0,8.0,-14.0,9.0,-15.0,8.0,-14.0,7.0,-12.0,7.0,-12.0,7.0,-11.0,7.0,-10.0,8.0,-11.0,8.0,-11.0,8.0,-11.0,9.0,-10.0,9.0,-10.0,9.0,-9.0,9.0,-7.0,10.0,-6.0,10.0,-6.0,10.0,-5.0,10.0,-6.0,10.0,-6.0,11.0,-5.0,12.0,-4.0,12.0,-3.0,13.0,-4.0,15.0,-3.0,15.0,-1.0,17.0,-2.0,18.0,-2.0,19.0,-1.0,19.0,-2.0,18.0,-1.0,19.0,-1.0,19.0,-1.0,20.0,0.0,20.0,1.0,21.0,-1.0,21.0,-2.0,21.0,-2.0,21.0,-1.0,22.0,0.0,23.0,0.0,25.0,-1.0,25.0,-2.0,25.0,-1.0,24.0,-2.0,24.0,-3.0,24.0,-4.0,24.0,-5.0,24.0,-7.0,23.0,-8.0,22.0,-8.0,21.0
-9.0,-11.0,-9.0,-10.0,-10.0,-10.0,-9.0,-11.0,-8.0,-10.0,-8.0,-9.0,-8.0,-9.0,-8.0,-8.0,-8.0,-7.0,-9.0,-8.0,-9.0,-8.0,-10.0,-7.0,-10.0,-7.0,-9.0,-6.0,-9.0,-6.0,-10.0,-5.0,-10.0,-4.0,-10.0,-3.0,-10.0,-2.0,-10.0,-2.0,-11.0,-2.0,-11.0,-2.0,-11.0,-2.0,-12.0,0.0,-13.0,0.0,-14.0,0.0,-14.0,2.0,-15.0,2.0,-16.0,2.0,-16.0,2.0,-15.0,2.0,-16.0,3.0,-16.0,3.0,-17.0,3.0,-17.0,4.0,-18.0,4.0,-18.0,3.0,-18.0,2.0,-18.0,3.0,-18.0,3.0,-19.0,4.0,-20.0,4.0,-21.0,4.0,-20.0,4.0,-20.0,4.0,-20.0,3.0,-20.0,3.0,-20.0,2.0,-20.0,1.0,-20.0,0.0,-19.0,-1.0,-18.0,-2.0
10.0,3.0,10.0,2.0,11.0,2.0,11.0,3.0,10.0,3.0,9.0,3.0,9.0,2.0,8.0,1.0,8.0,1.0,9.0,1.0,9.0,1.0,10.0,0.0,9.0,0.0,9.0,0.0,8.0,-1.0,8.0,-2.0,8.0,-3.0,8.0,-3.0,7.0,-4.0,7.0,-4.0,8.0,-4.0,8.0,-4.0,7.0,-4.0,8.0,-6.0,9.0,-7.0,9.0,-7.0,9.0,-9.0,10.0,-9.0,10.0,-10.0,10.0,-10.0,10.0,-9.0,10.0,-10.0,10.0,-10.0,10.0,-10.0,10.0,-11.0,10.0,-12.0,11.0,-12.0,11.0,-11.0,11.0,-11.0,11.0,-12.0,12.0,-12.0,12.0,-13.0,13.0,-13.0,13.0,-12.0,13.0,-12.0,13.0,-11.0,13.0,-11.0,14.0,-11.0,14.0,-11.0,14.0,-10.0,14.0,-8.0,14.0,-7.0
6.0,-13.0,5.0,-13.0,4.0,-13.0,5.0,-13.0,5.0,-12.0,4.0,-11.0,3.0,-11.0,3.0,-11.0,2.0,-11.0,2.0,-11.0,2.0,-12.0,2.0,-12.0,1.0,-12.0,1.0,-11.0,1.0,-11.0,-1.0,-11.0,-2.0,-11.0,-2.0,-11.0,-2.0,-10.0,-3.0,-11.0,-3.0,-11.0,-4.0,-12.0,-4.0,-11.0,-5.0,-11.0,-6.0,-13.0,-7.0,-14.0,-10.0,-13.0,-10.0,-14.0,-10.0,-15.0,-10.0,-15.0,-9.0,-14.0,-10.0,-14.0,-11.0,-14.0,-11.0,-14.0,-12.0,-15.0,-13.0,-15.0,-12.0,-16.0,-11.0,-16.0,-11.0,-16.0,-13.0,-16.0,-14.0,-17.0,-15.0,-18.0,-15.0,-18.0,-14.0,-18.0,-13.0,-18.0,-13.0,-18.0,-12.0,-19.0,-12.0,-19.0,-11.0,-20.0,-10.0,-20.0,-8.0,-20.0,-7.0,-19.0
-11.0,6.0,-10.0,7.0,-10.0,7.0,-11.0,7.0,-10.0,6.0,-9.0,6.0,-9.0,6.0,-8.0,7.0,-8.0,7.0,-8.0,7.0,-8.0,7.0,-8.0,8.0,-7.0,8.0,-7.0,7.0,-6.0,7.0,-5.0,8.0,-4.0,8.0,-3.0,8.0,-3.0,8.0,-3.0,9.0,-3.0,9.0,-3.0,10.0,-2.0,10.0,-1.0,11.0,-1.0,12.0,-1.0,12.0,1.0,13.0,0.0,14.0,1.0,15.0,1.0,15.0,1.0,14.0,1.0,15.0,2.0,15.0,2.0,16.0,3.0,16.0,3.0,16.0,2.0,17.0,1.0,17.0,1.0,17.0,2.0,18.0,3.0,18.0,3.0,19.0,3.0,20.0,2.0,19.0,3.0,19.0,2.0,19.0,2.0,19.0,1.0,19.0,-1.0,20.0,-2.0,19.0,-2.0,18.0,-3.0,17.0
12.0,0.0,11.0,0.0,12.0,-1.0,12.0,0.0,11.0,0.0,10.0,0.0,10.0,-1.0,9.0,-2.0,9.0,-2.0,10.0,-2.0,10.0,-2.0,10.0,-3.0,10.0,-4.0,9.0,-3.0,8.0,-4.0,8.0,-5.0,7.0,-5.0,7.0,-5.0,6.0,-6.0,7.0,-7.0,7.0,-7.0,7.0,-7.0,6.0,-8.0,6.0,-9.0,7.0,-10.0,7.0,-11.0,6.0,-13.0,7.0,-13.0,7.0,-14.0,7.0,-14.0,7.0,-13.0,7.0,-14.0,7.0,-15.0,7.0,-15.0,6.0,-16.0,6.0,-17.0,7.0,-17.0,8.0,-16.0,8.0,-16.0,8.0,-17.0,8.0,-18.0,8.0,-18.0,9.0,-19.0,9.0,-19.0,9.0,-18.0,9.0,-18.0,9.0,-18.0,10.0,-18.0,11.0,-17.0,12.0,-16.0,12.0,-14.0,12.0,-14.0
9.0,7.0,9.0,7.0,9.0,6.0,9.0,7.0,8.0,7.0,8.0,6.0,8.0,5.0,8.0,4.0,8.0,4.0,8.0,4.0,9.0,4.0,9.0,4.0,9.0,3.0,9.0,3.0,8.0,2.0,9.0,1.0,9.0,0.0,8.0,0.0,8.0,-1.0,8.0,-1.0,9.0,-1.0,9.0,-2.0,9.0,-2.0,10.0,-3.0,11.0,-4.0,12.0,-4.0,12.0,-6.0,13.0,-6.0,13.0,-7.0,13.0,-7.0,13.0,-7.0,13.0,-8.0,13.0,-8.0,14.0,-8.0,14.0,-9.0,14.0,-9.0,15.0,-9.0,15.0,-8.0,15.0,-8.0,16.0,-9.0,16.0,-10.0,17.0,-10.0,17.0,-10.0,17.0,-9.0,17.0,-9.0,17.0,-8.0,18.0,-8.0,19.0,-8.0,19.0,-7.0,19.0,-6.0,18.0,-4.0,18.0,-3.0
-12.0,6.0,-12.0,7.0,-12.0,8.0,-12.0,7.0,-12.0,7.0,-11.0,7.0,-9.0,7.0,-9.0,7.0,-8.0,7.0,-8.0,7.0,-9.0,8.0,-8.0,9.0,-8.0,9.0,-8.0,8.0,-7.0,8.0,-5.0,9.0,-4.0,9.0,-3.0,9.0,-3.0,9.0,-3.0,10.0,-3.0,10.0,-3.0,11.0,-2.0,11.0,-1.0,12.0,0.0,14.0,0.0,15.0,2.0,15.0,2.0,16.0,2.0,17.0,2.0,17.0,2.0,16.0,3.0,17.0,3.0,17.0,4.0,18.0,4.0,19.0,5.0,20.0,5.0,20.0,3.0,20.0,3.0,20.0,4.0,22.0,5.0,23.0,6.0,24.0,5.0,24.0,5.0,24.0,4.0,24.0,4.0,24.0,3.0,24.0,2.0,24.0,1.0,24.0,-1.0,24.0,-2.0,24.0,-3.0,23.0
9.0,-9.0,8.0,-9.0,8.0,-10.0,9.0,-9.0,8.0,-8.0,7.0,-8.0,6.0,-8.0,5.0,-8.0,5.0,-8.0,5.0,-9.0,5.0,-9.0,4.0,-10.0,4.0,-10.0,4.0,-9.0,3.0,-9.0,2.0,-10.0,1.0,-10.0,0.0,-9.0,0.0,-9.0,0.0,-10.0,0.0,-10.0,-1.0,-11.0,-2.0,-11.0,-3.0,-11.0,-4.0,-13.0,-4.0,-13.0,-6.0,-14.0,-6.0,-14.0,-7.0,-15.0,-7.0,-15.0,-6.0,-15.0,-7.0,-15.0,-8.0,-15.0,-8.0,-15.0,-9.0,-16.0,-10.0,-16.0,-10.0,-17.0,-9.0,-17.0,-9.0,-18.0,-10.0,-18.0,-11.0,-19.0,-12.0,-19.0,-12.0,-20.0,-11.0,-20.0,-11.0,-20.0,-10.0,-20.0,-10.0,-21.0,-9.0,-21.0,-8.0,-22.0,-7.0,-22.0,-6.0,-21.0,-5.0,-21.0
-5.0,-14.0,-6.0,-13.0,-6.0,-14.0,-6.0,-14.0,-5.0,-13.0,-5.0,-12.0,-6.0,-11.0,-6.0,-10.0,-6.0,-10.0,-6.0,-10.0,-7.0,-10.0,-8.0,-10.0,-8.0,-9.0,-7.0,-8.0,-8.0,-8.0,-9.0,-7.0,-10.0,-6.0,-9.0,-5.0,-9.0,-4.0,-10.0,-4.0,-11.0,-5.0,-11.0,-4.0,-11.0,-4.0,-12.0,-2.0,-14.0,-3.0,-15.0,-3.0,-17.0,0.0,-17.0,0.0,-18.0,0.0,-18.0,0.0,-18.0,0.0,-18.0,1.0,-19.0,1.0,-19.0,2.0,-20.0,2.0,-21.0,2.0,-21.0,2.0,-21.0,1.0,-22.0,1.0,-23.0,2.0,-24.0,2.0,-25.0,3.0,-26.0,3.0,-26.0,2.0,-25.0,2.0,-25.0,1.0,-25.0,1.0,-25.0,0.0,-25.0,-1.0,-25.0,-2.0,-25.0,-4.0,-24.0,-5.0
4.0,11.0,5.0,11.0,5.0,11.0,5.0,11.0,4.0,10.0,4.0,9.0,5.0,9.0,5.0,8.0,5.0,8.0,5.0,7.0,6.0,8.0,7.0,7.0,7.0,6.0,6.0,6.0,6.0,6.0,7.0,5.0,8.0,4.0,8.0,3.0,8.0,2.0,8.0,2.0,9.0,2.0,10.0,2.0,9.0,1.0,10.0,0.0,12.0,0.0,13.0,0.0,14.0,-2.0,14.0,-2.0,15.0,-3.0,15.0,-3.0,15.0,-3.0,15.0,-4.0,15.0,-4.0,16.0,-5.0,17.0,-5.0,17.0,-6.0,18.0,-5.0,18.0,-4.0,18.0,-5.0,19.0,-6.0,19.0,-6.0,20.0,-7.0,21.0,-7.0,21.0,-6.0,21.0,-6.0,21.0,-6.0,21.0,-5.0,21.0,-5.0,21.0,-4.0,22.0,-3.0,21.0,-1.0,21.0,0.0
-10.0,6.0,-9.0,7.0,-9.0,7.0,-10.0,7.0,-9.0,6.0,-8.0,6.0,-7.0,6.0,-7.0,6.0,-6.0,6.0,-6.0,7.0,-7.0,7.0,-6.0,8.0,-6.0,7.0,-5.0,7.0,-5.0,7.0,-3.0,8.0,-2.0,8.0,-2.0,8.0,-1.0,8.0,-2.0,8.0,-2.0,8.0,-1.0,9.0,0.0,9.0,1.0,10.0,1.0,11.0,2.0,12.0,4.0,12.0,3.0,13.0,4.0,13.0,4.0,13.0,4.0,13.0,4.0,13.0,5.0,13.0,5.0,14.0,6.0,15.0,7.0,15.0,6.0,16.0,5.0,15.0,5.0,15.0,6.0,16.0,7.0,17.0,8.0,18.0,8.0,18.0,7.0,18.0,7.0,18.0,7.0,18.0,7.0,19.0,6.0,19.0,4.0,19.0,3.0,20.0,2.0,19.0,2.0,19.0
8.0,-9.0,8.0,-9.0,8.0,-10.0,9.0,-10.0,8.0,-9.0,7.0,-9.0,6.0,-9.0,5.0,-9.0,5.0,-9.0,5.0,-9.0,5.0,-10.0,4.0,-10.0,4.0,-10.0,4.0,-9.0,3.0,-9.0,1.0,-10.0,0.0,-10.0,0.0,-10.0,-1.0,-10.0,-1.0,-10.0,-1.0,-11.0,-2.0,-11.0,-2.0,-11.0,-4.0,-11.0,-4.0,-13.0,-5.0,-14.0,-7.0,-13.0,-7.0,-14.0,-8.0,-15.0,-8.0,-15.0,-8.0,-15.0,-9.0,-15.0,-10.0,-15.0,-10.0,-15.0,-11.0,-15.0,-12.0,-16.0,-11.0,-17.0,-10.0,-17.0,-10.0,-17.0,-11.0,-17.0,-13.0,-18.0,-14.0,-19.0,-14.0,-19.0,-13.0,-19.0,-13.0,-19.0,-13.0,-19.0,-12.0,-19.0,-12.0,-20.0,-10.0,-21.0,-9.0,-21.0,-8.0,-21.0,-7.0,-21.0
-4.0,13.0,-3.0,13.0,-3.0,14.0,-4.0,14.0,-4.0,13.0,-3.0,12.0,-2.0,11.0,-1.0,11.0,-1.0,11.0,-1.0,11.0,0.0,12.0,1.0,12.0,1.0,11.0,1.0,10.0,1.0,10.0,3.0,10.0,4.0,10.0,4.0,9.0,4.0,8.0,5.0,9.0,5.0,9.0,6.0,9.0,7.0,9.0,8.0,9.0,10.0,10.0,11.0,11.0,13.0,10.0,13.0,10.0,14.0,10.0,14.0,10.0,14.0,10.0,15.0,10.0,16.0,10.0,16.0,10.0,17.0,10.0,18.0,11.0,18.0,11.0,17.0,12.0,17.0,12.0,19.0,12.0,20.0,12.0,22.0,12.0,22.0,13.0,21.0,14.0,20.0,14.0,20.0,15.0,20.0,15.0,19.0,16.0,19.0,16.0,18.0,17.0,16.0,18.0,15.0,18.0
-5.0,11.0,-4.0,11.0,-4.0,11.0,-4.0,12.0,-4.0,11.0,-3.0,10.0,-3.0,10.0,-2.0,9.0,-2.0,9.0,-1.0,10.0,-1.0,10.0,0.0,10.0,0.0,10.0,0.0,9.0,1.0,9.0,2.0,9.0,3.0,8.0,3.0,8.0,4.0,8.0,4.0,8.0,5.0,9.0,5.0,9.0,6.0,8.0,7.0,8.0,8.0,9.0,9.0,10.0,11.0,9.0,12.0,9.0,13.0,10.0,13.0,10.0,12.0,9.0,13.0,9.0,14.0,9.0,14.0,9.0,16.0,9.0,17.0,10.0,16.0,10.0,15.0,11.0,15.0,11.0,17.0,11.0,18.0,11.0,19.0,11.0,19.0,12.0,19.0,12.0,19.0,12.0,19.0,12.0,18.0,13.0,18.0,13.0,17.0,14.0,16.0,15.0,15.0,15.0,14.0,15.0
10.0,-6.0,10.0,-7.0,10.0,-7.0,10.0,-7.0,10.0,-6.0,9.0,-6.0,8.0,-6.0,7.0,-6.0,7.0,-7.0,7.0,-7.0,7.0,-8.0,7.0,-9.0,6.0,-9.0,6.0,-8.0,5.0,-8.0,4.0,-9.0,3.0,-9.0,2.0,-9.0,2.0,-10.0,3.0,-10.0,3.0,-11.0,2.0,-11.0,1.0,-11.0,0.0,-12.0,0.0,-14.0,0.0,-15.0,-2.0,-16.0,-2.0,-17.0,-2.0,-18.0,-2.0,-17.0,-2.0,-17.0,-2.0,-18.0,-3.0,-18.0,-3.0,-18.0,-4.0,-19.0,-5.0,-20.0,-4.0,-20.0,-3.0,-20.0,-2.0,-20.0,-3.0,-21.0,-4.0,-22.0,-4.0,-23.0,-4.0,-24.0,-3.0,-24.0,-3.0,-23.0,-3.0,-23.0,-2.0,-24.0,-1.0,-24.0,0.0,-24.0,1.0,-24.0,2.0,-23.0,3.0,-22.0
2.0,11.0,3.0,10.0,4.0,11.0,3.0,11.0,3.0,11.0,3.0,9.0,4.0,9.0,4.0,8.0,4.0,8.0,5.0,8.0,5.0,8.0,6.0,8.0,6.0,7.0,5.0,7.0,6.0,7.0,8.0,6.0,8.0,5.0,8.0,4.0,8.0,3.0,8.0,4.0,9.0,4.0,10.0,4.0,10.0,3.0,11.0,2.0,12.0,2.0,13.0,2.0,15.0,0.0,16.0,1.0,16.0,0.0,16.0,0.0,16.0,0.0,16.0,-1.0,17.0,-1.0,18.0,-1.0,19.0,-2.0,20.0,-2.0,20.0,-1.0,19.0,0.0,19.0,-1.0,21.0,-1.0,22.0,-2.0,23.0,-2.0,23.0,-2.0,23.0,-1.0,23.0,-1.0,23.0,-1.0,23.0,0.0,23.0,0.0,23.0,2.0,23.0,3.0,22.0,4.0,21.0,5.0
13.0,1.0,13.0,0.0,13.0,-1.0,14.0,0.0,13.0,0.0,11.0,0.0,11.0,-1.0,10.0,-2.0,10.0,-2.0,11.0,-2.0,11.0,-3.0,11.0,-4.0,11.0,-5.0,10.0,-5.0,9.0,-5.0,9.0,-7.0,8.0,-7.0,8.0,-7.0,7.0,-8.0,7.0,-9.0,8.0,-9.0,8.0,-10.0,7.0,-10.0,7.0,-12.0,8.0,-14.0,8.0,-14.0,6.0,-17.0,7.0,-17.0,7.0,-19.0,7.0,-18.0,6.0,-18.0,6.0,-19.0,6.0,-20.0,6.0,-20.0,6.0,-21.0,5.0,-22.0,7.0,-22.0,8.0,-22.0,7.0,-23.0,7.0,-24.0,7.0,-25.0,7.0,-26.0,7.0,-27.0,8.0,-26.0,8.0,-25.0,8.0,-25.0,9.0,-25.0,10.0,-25.0,11.0,-25.0,12.0,-24.0,13.0,-22.0,14.0,-21.0
-10.0,-9.0,-10.0,-8.0,-10.0,-8.0,-10.0,-8.0,-9.0,-8.0,-9.0,-7.0,-9.0,-6.0,-9.0,-6.0,-9.0,-5.0,-9.0,-5.0,-10.0,-5.0,-11.0,-4.0,-11.0,-3.0,-10.0,-3.0,-10.0,-3.0,-10.0,-1.0,-10.0,-1.0,-10.0,0.0,-10.0,1.0,-10.0,1.0,-11.0,1.0,-12.0,2.0,-11.0,2.0,-12.0,4.0,-13.0,5.0,-14.0,5.0,-14.0,7.0,-15.0,7.0,-16.0,8.0,-15.0,8.0,-15.0,8.0,-15.0,9.0,-15.0,10.0,-15.0,10.0,-16.0,11.0,-17.0,12.0,-17.0,12.0,-17.0,11.0,-18.0,11.0,-18.0,12.0,-19.0,13.0,-20.0,14.0,-20.0,14.0,-20.0,13.0,-20.0,13.0,-20.0,12.0,-21.0,12.0,-21.0,12.0,-22.0,11.0,-22.0,10.0,-22.0,8.0,-22.0,7.0
-6.0,-11.0,-6.0,-10.0,-7.0,-10.0,-7.0,-10.0,-6.0,-10.0,-6.0,-9.0,-6.0,-8.0,-6.0,-8.0,-7.0,-7.0,-7.0,-7.0,-8.0,-8.0,-8.0,-7.0,-8.0,-6.0,-8.0,-6.0,-8.0,-5.0,-9.0,-4.0,-9.0,-4.0,-9.0,-3.0,-9.0,-2.0,-9.0,-2.0,-10.0,-3.0,-11.0,-2.0,-11.0,-1.0,-12.0,0.0,-13.0,0.0,-14.0,0.0,-15.0,2.0,-16.0,2.0,-16.0,3.0,-16.0,3.0,-15.0,3.0,-16.0,3.0,-17.0,4.0,-17.0,4.0,-18.0,5.0,-18.0,5.0,-19.0,5.0,-19.0,4.0,-19.0,4.0,-20.0,5.0,-20.0,5.0,-21.0,6.0,-22.0,6.0,-22.0,5.0,-21.0,5.0,-22.0,5.0,-22.0,4.0,-22.0,4.0,-23.0,3.0,-23.0,2.0,-22.0,0.0,-21.0,0.0
4.0,11.0,4.0,10.0,5.0,10.0,4.0,11.0,4.0,10.0,4.0,9.0,4.0,9.0,5.0,8.0,5.0,7.0,5.0,7.0,6.0,8.0,7.0,7.0,7.0,7.0,6.0,6.0,7.0,6.0,8.0,4.0,9.0,3.0,8.0,3.0,8.0,2.0,9.0,3.0,10.0,3.0,10.0,2.0,10.0,2.0,11.0,0.0,13.0,0.0,14.0,0.0,15.0,-2.0,16.0,-2.0,16.0,-3.0,16.0,-3.0,16.0,-3.0,16.0,-3.0,17.0,-4.0,18.0,-4.0,18.0,-5.0,19.0,-6.0,20.0,-5.0,19.0,-4.0,19.0,-5.0,20.0,-6.0,21.0,-6.0,23.0,-7.0,23.0,-7.0,23.0,-7.0,23.0,-6.0,23.0,-6.0,23.0,-5.0,23.0,-5.0,24.0,-4.0,24.0,-3.0,23.0,-1.0,23.0,0.0
-11.0,6.0,-10.0,6.0,-10.0,7.0,-10.0,7.0,-10.0,6.0,-9.0,6.0,-8.0,6.0,-7.0,7.0,-7.0,7.0,-7.0,7.0,-7.0,8.0,-7.0,8.0,-6.0,8.0,-6.0,8.0,-5.0,8.0,-3.0,9.0,-2.0,9.0,-2.0,9.0,-1.0,9.0,-2.0,9.0,-2.0,10.0,-1.0,11.0,0.0,10.0,1.0,11.0,1.0,13.0,2.0,14.0,4.0,14.0,4.0,15.0,4.0,16.0,5.0,16.0,4.0,15.0,5.0,16.0,6.0,16.0,6.0,17.0,7.0,17.0,8.0,18.0,7.0,18.0,6.0,18.0,6.0,19.0,7.0,19.0,8.0,20.0,9.0,21.0,9.0,22.0,8.0,22.0,9.0,21.0,8.0,22.0,8.0,22.0,7.0,23.0,6.0,23.0,4.0,23.0,3.0,23.0,2.0,22.0
2.0,12.0,3.0,11.0,3.0,11.0,2.0,12.0,2.0,11.0,2.0,10.0,3.0,9.0,3.0,9.0,4.0,8.0,4.0,8.0,5.0,9.0,6.0,8.0,6.0,8.0,5.0,7.0,6.0,7.0,7.0,6.0,7.0,5.0,7.0,5.0,8.0,4.0,8.0,4.0,9.0,4.0,9.0,4.0,10.0,3.0,11.0,2.0,13.0,2.0,14.0,3.0,15.0,1.0,16.0,1.0,17.0,1.0,16.0,1.0,16.0,1.0,17.0,1.0,17.0,0.0,18.0,0.0,19.0,0.0,19.0,-1.0,20.0,-1.0,19.0,0.0,20.0,0.0,21.0,0.0,22.0,0.0,23.0,-1.0,24.0,-1.0,24.0,0.0,23.0,0.0,23.0,1.0,23.0,1.0,23.0,2.0,23.0,2.0,23.0,3.0,22.0,5.0,21.0,6.0
-11.0,-6.0,-11.0,-5.0,-11.0,-5.0,-11.0,-6.0,-10.0,-6.0,-10.0,-5.0,-10.0,-4.0,-9.0,-3.0,-9.0,-3.0,-9.0,-3.0,-10.0,-3.0,-11.0,-2.0,-10.0,-1.0,-9.0,-1.0,-9.0,-1.0,-9.0,1.0,-9.0,2.0,-9.0,2.0,-9.0,3.0,-9.0,3.0,-10.0,3.0,-10.0,4.0,-9.0,4.0,-9.0,6.0,-11.0,7.0,-11.0,7.0,-11.0,9.0,-11.0,10.0,-12.0,11.0,-11.0,11.0,-11.0,10.0,-11.0,11.0,-11.0,12.0,-11.0,12.0,-11.0,13.0,-12.0,14.0,-13.0,14.0,-13.0,13.0,-13.0,13.0,-13.0,14.0,-13.0,15.0,-14.0,16.0,-14.0,17.0,-15.0,16.0,-14.0,16.0,-15.0,16.0,-15.0,16.0,-15.0,15.0,-16.0,15.0,-17.0,14.0,-18.0,12.0,-18.0,11.0
8.0,9.0,8.0,8.0,8.0,8.0,8.0,9.0,7.0,8.0,7.0,7.0,7.0,7.0,8.0,6.0,8.0,5.0,8.0,5.0,8.0,6.0,9.0,5.0,9.0,4.0,8.0,4.0,8.0,3.0,9.0,2.0,9.0,1.0,9.0,0.0,9.0,-1.0,9.0,-1.0,10.0,-1.0,10.0,-1.0,10.0,-2.0,11.0,-3.0,13.0,-4.0,13.0,-4.0,14.0,-6.0,14.0,-7.0,15.0,-7.0,15.0,-7.0,14.0,-7.0,15.0,-8.0,15.0,-9.0,15.0,-9.0,16.0,-10.0,17.0,-10.0,17.0,-10.0,17.0,-9.0,17.0,-9.0,18.0,-11.0,19.0,-11.0,20.0,-12.0,20.0,-13.0,20.0,-12.0,20.0,-12.0,20.0,-11.0,21.0,-11.0,21.0,-11.0,22.0,-10.0,22.0,-8.0,22.0,-7.0,21.0,-5.0
10.0,8.0,11.0,7.0,11.0,6.0,11.0,7.0,10.0,7.0,10.0,6.0,10.0,5.0,10.0,4.0,9.0,4.0,10.0,4.0,11.0,4.0,11.0,3.0,11.0,2.0,10.0,2.0,10.0,1.0,10.0,-1.0,10.0,-2.0,10.0,-2.0,10.0,-3.0,10.0,-3.0,11.0,-3.0,11.0,-4.0,11.0,-5.0,11.0,-6.0,13.0,-7.0,14.0,-8.0,14.0,-10.0,15.0,-11.0,15.0,-12.0,15.0,-12.0,15.0,-11.0,15.0,-12.0,15.0,-13.0,15.0,-14.0,16.0,-14.0,16.0,-15.0,17.0,-15.0,17.0,-14.0,17.0,-15.0,18.0,-16.0,18.0,-17.0,19.0,-18.0,20.0,-18.0,20.0,-18.0,20.0,-17.0,20.0,-17.0,21.0,-16.0,21.0,-16.0,22.0,-15.0,23.0,-14.0,23.0,-12.0,23.0,-11.0
1.0,11.0,2.0,11.0,3.0,11.0,2.0,12.0,1.0,11.0,2.0,10.0,3.0,9.0,3.0,9.0,3.0,8.0,3.0,8.0,4.0,9.0,5.0,9.0,5.0,8.0,5.0,7.0,5.0,7.0,7.0,6.0,7.0,5.0,7.0,5.0,7.0,4.0,8.0,4.0,8.0,5.0,9.0,5.0,9.0,4.0,10.0,3.0,12.0,4.0,13.0,4.0,15.0,2.0,15.0,2.0,16.0,2.0,16.0,2.0,16.0,2.0,16.0,1.0,17.0,0.0,18.0,0.0,19.0,0.0,20.0,0.0,20.0,1.0,19.0,1.0,19.0,1.0,20.0,0.0,21.0,0.0,23.0,0.0,24.0,0.0,23.0,1.0,23.0,1.0,23.0,1.0,23.0,2.0,23.0,2.0,23.0,4.0,22.0,5.0,22.0,6.0,21.0,7.0
11.0,1.0,11.0,0.0,12.0,0.0,12.0,1.0,11.0,1.0,10.0,0.0,10.0,0.0,9.0,-1.0,9.0,-1.0,10.0,-2.0,10.0,-2.0,10.0,-3.0,9.0,-4.0,9.0,-4.0,9.0,-4.0,8.0,-5.0,8.0,-6.0,7.0,-6.0,7.0,-7.0,7.0,-7.0,8.0,-8.0,8.0,-8.0,7.0,-9.0,6.0,-10.0,7.0,-12.0,7.0,-12.0,6.0,-14.0,7.0,-15.0,7.0,-16.0,7.0,-16.0,7.0,-15.0,6.0,-16.0,6.0,-17.0,6.0,-18.0,6.0,-18.0,6.0,-19.0,7.0,-19.0,7.0,-19.0,7.0,-20.0,7.0,-21.0,7.0,-22.0,7.0,-23.0,7.0,-23.0,8.0,-23.0,8.0,-22.0,8.0,-22.0,9.0,-23.0,10.0,-23.0,11.0,-22.0,11.0,-22.0,12.0,-20.0,12.0,-19.0
4.0,-14.0,3.0,-13.0,2.0,-14.0,3.0,-14.0,3.0,-13.0,2.0,-12.0,1.0,-12.0,0.0,-12.0,0.0,-11.0,0.0,-12.0,-1.0,-13.0,-2.0,-13.0,-2.0,-12.0,-2.0,-12.0,-2.0,-11.0,-5.0,-11.0,-6.0,-11.0,-5.0,-10.0,-6.0,-10.0,-6.0,-10.0,-7.0,-11.0,-8.0,-11.0,-8.0,-10.0,-10.0,-10.0,-11.0,-11.0,-12.0,-12.0,-15.0,-11.0,-15.0,-12.0,-16.0,-12.0,-16.0,-11.0,-16.0,-11.0,-17.0,-11.0,-18.0,-11.0,-18.0,-11.0,-19.0,-11.0,-20.0,-11.0,-20.0,-12.0,-19.0,-13.0,-19.0,-13.0,-21.0,-12.0,-23.0,-12.0,-25.0,-13.0,-25.0,-13.0,-24.0,-14.0,-24.0,-14.0,-24.0,-14.0,-24.0,-15.0,-23.0,-16.0,-22.0,-17.0,-21.0,-18.0,-20.0,-19.0,-19.0,-19.0
-11.0,-7.0,-11.0,-6.0,-12.0,-6.0,-12.0,-7.0,-11.0,-6.0,-10.0,-6.0,-10.0,-5.0,-10.0,-4.0,-10.0,-4.0,-11.0,-4.0,-11.0,-4.0,-12.0,-3.0,-11.0,-2.0,-11.0,-2.0,-10.0,-1.0,-11.0,0.0,-10.0,1.0,-10.0,1.0,-10.0,2.0,-10.0,3.0,-11.0,3.0,-11.0,4.0,-11.0,4.0,-11.0,6.0,-12.0,7.0,-13.0,7.0,-13.0,9.0,-14.0,10.0,-14.0,11.0,-14.0,11.0,-13.0,10.0,-13.0,11.0,-13.0,12.0,-14.0,13.0,-14.0,13.0,-14.0,14.0,-15.0,14.0,-15.0,13.0,-15.0,13.0,-16.0,15.0,-16.0,16.0,-16.0,17.0,-17.0,17.0,-17.0,16.0,-17.0,16.0,-17.0,16.0,-18.0,16.0,-19.0,16.0,-20.0,15.0,-20.0,14.0,-20.0,12.0,-20.0,11.0
8.0,-10.0,7.0,-10.0,7.0,-11.0,8.0,-11.0,7.0,-10.0,6.0,-9.0,5.0,-9.0,4.0,-9.0,4.0,-10.0,4.0,-10.0,4.0,-11.0,4.0,-11.0,3.0,-11.0,3.0,-10.0,2.0,-10.0,0.0,-11.0,-1.0,-11.0,-1.0,-10.0,-1.0,-10.0,-1.0,-11.0,-1.0,-12.0,-2.0,-12.0,-3.0,-12.0,-4.0,-12.0,-5.0,-14.0,-5.0,-14.0,-8.0,-15.0,-8.0,-16.0,-8.0,-16.0,-8.0,-16.0,-8.0,-16.0,-8.0,-16.0,-9.0,-16.0,-10.0,-16.0,-11.0,-17.0,-11.0,-18.0,-11.0,-18.0,-9.0,-18.0,-10.0,-18.0,-11.0,-19.0,-12.0,-20.0,-13.0,-21.0,-13.0,-21.0,-12.0,-21.0,-12.0,-21.0,-12.0,-22.0,-11.0,-22.0,-10.0,-23.0,-9.0,-23.0,-8.0,-23.0,-7.0,-23.0,-6.0,-22.0
12.0,0.0,12.0,-1.0,12.0,-1.0,13.0,-1.0,11.0,0.0,11.0,0.0,10.0,-1.0,9.0,-2.0,9.0,-2.0,9.0,-3.0,10.0,-3.0,10.0,-4.0,9.0,-5.0,9.0,-4.0,9.0,-5.0,8.0,-6.0,7.0,-7.0,6.0,-7.0,6.0,-8.0,7.0,-8.0,7.0,-9.0,7.0,-9.0,6.0,-9.0,5.0,-11.0,6.0,-13.0,6.0,-14.0,5.0,-15.0,7.0,-16.0,6.0,-17.0,5.0,-17.0,6.0,-17.0,6.0,-17.0,5.0,-18.0,5.0,-19.0,5.0,-19.0,4.0,-20.0,5.0,-21.0,6.0,-20.0,6.0,-20.0,6.0,-21.0,5.0,-22.0,5.0,-23.0,6.0,-24.0,6.0,-24.0,6.0,-23.0,7.0,-23.0,8.0,-23.0,8.0,-23.0,9.0,-22.0,10.0,-22.0,11.0,-21.0,11.0,-20.0
-6.0,12.0,-5.0,12.0,-5.0,13.0,-6.0,13.0,-6.0,12.0,-4.0,11.0,-3.0,11.0,-3.0,11.0,-2.0,11.0,-2.0,11.0,-2.0,12.0,-1.0,12.0,-1.0,11.0,-1.0,11.0,0.0,10.0,3.0,10.0,4.0,10.0,4.0,9.0,4.0,9.0,4.0,9.0,5.0,10.0,6.0,10.0,7.0,10.0,8.0,10.0,9.0,12.0,10.0,12.0,13.0,11.0,14.0,12.0,15.0,12.0,14.0,12.0,14.0,12.0,15.0,12.0,16.0,12.0,16.0,12.0,18.0,12.0,19.0,12.0,18.0,13.0,16.0,14.0,16.0,14.0,18.0,14.0,20.0,14.0,22.0,14.0,22.0,15.0,21.0,15.0,21.0,15.0,21.0,15.0,20.0,16.0,19.0,17.0,19.0,18.0,17.0,19.0,16.0,19.0,14.0,19.0
13.0,3.0,13.0,2.0,14.0,2.0,14.0,2.0,13.0,3.0,12.0,2.0,11.0,1.0,11.0,0.0,11.0,0.0,11.0,0.0,12.0,-1.0,12.0,-2.0,11.0,-3.0,10.0,-3.0,10.0,-3.0,9.0,-5.0,9.0,-6.0,8.0,-6.0,8.0,-7.0,8.0,-7.0,9.0,-8.0,9.0,-9.0,8.0,-9.0,8.0,-11.0,9.0,-12.0,10.0,-13.0,8.0,-15.0,9.0,-16.0,9.0,-17.0,9.0,-17.0,9.0,-17.0,9.0,-18.0,9.0,-18.0,9.0,-19.0,9.0,-19.0,9.0,-20.0,10.0,-21.0,11.0,-20.0,11.0,-20.0,11.0,-21.0,10.0,-22.0,10.0,-23.0,11.0,-24.0,12.0,-24.0,12.0,-23.0,12.0,-23.0,13.0,-23.0,14.0,-22.0,15.0,-22.0,16.0,-21.0,16.0,-19.0,16.0,-18.0
-14.0,4.0,-13.0,5.0,-13.0,5.0,-14.0,5.0,-13.0,4.0,-12.0,4.0,-11.0,4.0,-10.0,5.0,-10.0,5.0,-10.0,5.0,-10.0,6.0,-10.0,7.0,-9.0,7.0,-9.0,6.0,-8.0,7.0,-7.0,8.0,-6.0,8.0,-5.0,8.0,-5.0,9.0,-5.0,9.0,-6.0,10.0,-5.0,11.0,-4.0,11.0,-3.0,12.0,-3.0,14.0,-3.0,15.0,-1.0,16.0,-2.0,17.0,-2.0,18.0,-1.0,18.0,-2.0,18.0,-1.0,19.0,-1.0,19.0,-1.0,19.0,0.0,20.0,1.0,21.0,0.0,21.0,-2.0,21.0,-2.0,21.0,-1.0,22.0,0.0,23.0,0.0,25.0,0.0,26.0,-1.0,25.0,-1.0,24.0,-2.0,24.0,-2.0,24.0,-4.0,24.0,-5.0,25.0,-6.0,24.0,-7.0,22.0,-8.0,21.0
13.0,2.0,13.0,1.0,13.0,1.0,13.0,1.0,12.0,2.0,11.0,1.0,11.0,0.0,10.0,0.0,10.0,-1.0,11.0,-1.0,11.0,-1.0,11.0,-2.0,11.0,-3.0,10.0,-3.0,9.0,-4.0,9.0,-5.0,8.0,-6.0,8.0,-6.0,7.0,-7.0,8.0,-7.0,8.0,-8.0,8.0,-8.0,7.0,-9.0,7.0,-11.0,8.0,-12.0,8.0,-13.0,7.0,-15.0,8.0,-16.0,8.0,-17.0,8.0,-16.0,8.0,-16.0,8.0,-17.0,7.0,-18.0,7.0,-18.0,7.0,-19.0,7.0,-20.0,8.0,-20.0,9.0,-20.0,9.0,-20.0,9.0,-21.0,8.0,-22.0,8.0,-23.0,9.0,-24.0,9.0,-23.0,9.0,-23.0,10.0,-22.0,11.0,-23.0,12.0,-23.0,13.0,-22.0,13.0,-21.0,14.0,-19.0,14.0,-18.0
6.0,-14.0,5.0,-14.0,5.0,-14.0,6.0,-15.0,6.0,-13.0,5.0,-13.0,3.0,-12.0,2.0,-12.0,2.0,-12.0,2.0,-12.0,2.0,-13.0,1.0,-13.0,1.0,-13.0,1.0,-12.0,0.0,-12.0,-3.0,-12.0,-4.0,-12.0,-4.0,-11.0,-4.0,-10.0,-5.0,-11.0,-5.0,-12.0,-6.0,-12.0,-7.0,-11.0,-8.0,-11.0,-10.0,-13.0,-10.0,-14.0,-14.0,-13.0,-14.0,-14.0,-15.0,-14.0,-15.0,-14.0,-14.0,-14.0,-15.0,-13.0,-16.0,-13.0,-17.0,-14.0,-18.0,-14.0,-19.0,-14.0,-19.0,-16.0,-17.0,-16.0,-17.0,-16.0,-19.0,-16.0,-21.0,-17.0,-22.0,-17.0,-23.0,-17.0,-22.0,-17.0,-21.0,-17.0,-21.0,-18.0,-21.0,-19.0,-20.0,-20.0,-19.0,-21.0,-18.0,-22.0,-16.0,-22.0,-15.0,-21.0
-11.0,-8.0,-12.0,-7.0,-12.0,-7.0,-12.0,-7.0,-11.0,-7.0,-11.0,-6.0,-10.0,-5.0,-10.0,-5.0,-10.0,-4.0,-11.0,-4.0,-11.0,-4.0,-12.0,-3.0,-11.0,-2.0,-10.0,-2.0,-10.0,-2.0,-11.0,0.0,-10.0,1.0,-10.0,1.0,-10.0,2.0,-10.0,3.0,-11.0,3.0,-11.0,3.0,-11.0,4.0,-11.0,5.0,-12.0,7.0,-13.0,7.0,-12.0,9.0,-14.0,10.0,-14.0,11.0,-14.0,11.0,-13.0,10.0,-13.0,12.0,-13.0,13.0,-13.0,13.0,-14.0,13.0,-14.0,14.0,-15.0,14.0,-15.0,13.0,-16.0,14.0,-16.0,15.0,-16.0,16.0,-17.0,17.0,-17.0,17.0,-18.0,17.0,-17.0,16.0,-18.0,16.0,-18.0,16.0,-19.0,16.0,-20.0,15.0,-21.0,13.0,-21.0,11.0,-20.0,10.0
-1.0,11.0,0.0,11.0,0.0,11.0,-1.0,11.0,-1.0,10.0,-1.0,10.0,0.0,9.0,1.0,9.0,1.0,9.0,1.0,9.0,1.0,9.0,2.0,9.0,2.0,8.0,2.0,8.0,3.0,7.0,4.0,7.0,5.0,6.0,5.0,6.0,5.0,5.0,6.0,5.0,6.0,6.0,7.0,6.0,7.0,5.0,8.0,5.0,10.0,5.0,10.0,6.0,12.0,4.0,13.0,4.0,14.0,4.0,13.0,4.0,13.0,4.0,14.0,4.0,15.0,3.0,15.0,4.0,16.0,3.0,17.0,4.0,17.0,4.0,16.0,4.0,17.0,4.0,18.0,4.0,19.0,4.0,20.0,4.0,21.0,4.0,20.0,5.0,20.0,5.0,20.0,5.0,20.0,6.0,20.0,6.0,19.0,7.0,19.0,9.0,17.0,10.0,16.0,10.0
-10.0,-7.0,-10.0,-7.0,-11.0,-6.0,-11.0,-7.0,-10.0,-7.0,-9.0,-6.0,-9.0,-5.0,-9.0,-5.0,-9.0,-4.0,-9.0,-4.0,-10.0,-4.0,-10.0,-4.0,-10.0,-3.0,-9.0,-3.0,-9.0,-2.0,-9.0,-1.0,-9.0,0.0,-9.0,0.0,-9.0,1.0,-9.0,1.0,-10.0,1.0,-10.0,2.0,-10.0,2.0,-10.0,4.0,-11.0,5.0,-12.0,5.0,-11.0,7.0,-13.0,7.0,-13.0,8.0,-13.0,8.0,-13.0,8.0,-13.0,8.0,-13.0,9.0,-13.0,10.0,-13.0,10.0,-14.0,11.0,-15.0,11.0,-15.0,10.0,-15.0,10.0,-15.0,11.0,-16.0,12.0,-16.0,13.0,-17.0,13.0,-17.0,13.0,-17.0,12.0,-17.0,12.0,-18.0,11.0,-19.0,11.0,-19.0,11.0,-20.0,9.0,-19.0,7.0,-19.0,7.0
-10.0,8.0,-10.0,9.0,-10.0,9.0,-10.0,9.0,-10.0,8.0,-9.0,8.0,-8.0,8.0,-7.0,8.0,-7.0,8.0,-7.0,8.0,-7.0,9.0,-6.0,9.0,-6.0,9.0,-5.0,8.0,-5.0,8.0,-3.0,9.0,-2.0,9.0,-1.0,9.0,-1.0,9.0,-1.0,9.0,-1.0,10.0,0.0,10.0,1.0,10.0,2.0,11.0,2.0,12.0,3.0,13.0,6.0,14.0,5.0,15.0,6.0,15.0,6.0,15.0,6.0,15.0,6.0,15.0,7.0,16.0,7.0,16.0,8.0,16.0,9.0,17.0,8.0,18.0,7.0,18.0,7.0,18.0,8.0,19.0,10.0,19.0,11.0,20.0,11.0,21.0,10.0,21.0,10.0,21.0,9.0,21.0,9.0,21.0,8.0,22.0,7.0,22.0,5.0,22.0,4.0,22.0,3.0,22.0
4.0,12.0,4.0,12.0,5.0,12.0,4.0,13.0,3.0,12.0,4.0,10.0,4.0,10.0,5.0,9.0,5.0,9.0,5.0,9.0,6.0,9.0,6.0,9.0,6.0,8.0,6.0,8.0,6.0,7.0,8.0,6.0,8.0,5.0,8.0,4.0,8.0,3.0,9.0,3.0,9.0,4.0,10.0,3.0,10.0,3.0,11.0,2.0,13.0,2.0,14.0,2.0,15.0,0.0,16.0,0.0,17.0,0.0,17.0,-1.0,16.0,0.0,17.0,-1.0,17.0,-2.0,18.0,-2.0,19.0,-3.0,20.0,-3.0,20.0,-2.0,20.0,-1.0,19.0,-2.0,21.0,-3.0,22.0,-3.0,23.0,-3.0,24.0,-3.0,23.0,-3.0,23.0,-3.0,23.0,-2.0,24.0,-2.0,23.0,-1.0,23.0,0.0,23.0,1.0,22.0,3.0,21.0,3.0
10.0,-7.0,9.0,-7.0,9.0,-8.0,10.0,-8.0,9.0,-7.0,8.0,-6.0,7.0,-7.0,6.0,-7.0,6.0,-7.0,6.0,-7.0,6.0,-8.0,6.0,-9.0,5.0,-8.0,5.0,-8.0,5.0,-8.0,3.0,-9.0,2.0,-9.0,2.0,-9.0,1.0,-9.0,2.0,-9.0,2.0,-10.0,1.0,-10.0,0.0,-10.0,-1.0,-11.0,-1.0,-13.0,-1.0,-13.0,-3.0,-14.0,-3.0,-15.0,-3.0,-16.0,-3.0,-16.0,-3.0,-15.0,-3.0,-16.0,-4.0,-16.0,-4.0,-16.0,-5.0,-17.0,-6.0,-18.0,-5.0,-18.0,-4.0,-18.0,-4.0,-18.0,-5.0,-19.0,-5.0,-20.0,-6.0,-21.0,-6.0,-21.0,-5.0,-21.0,-5.0,-21.0,-5.0,-21.0,-4.0,-21.0,-3.0,-21.0,-2.0,-22.0,-1.0,-21.0,0.0,-20.0,0.0,-20.0
-11.0,5.0,-10.0,5.0,-11.0,6.0,-11.0,5.0,-10.0,5.0,-9.0,4.0,-8.0,5.0,-8.0,5.0,-8.0,5.0,-8.0,5.0,-8.0,6.0,-8.0,7.0,-7.0,7.0,-7.0,6.0,-6.0,6.0,-5.0,7.0,-4.0,8.0,-3.0,7.0,-3.0,7.0,-3.0,8.0,-3.0,8.0,-3.0,9.0,-2.0,9.0,-1.0,10.0,-1.0,11.0,0.0,12.0,2.0,13.0,1.0,14.0,2.0,14.0,2.0,14.0,1.0,14.0,2.0,14.0,3.0,15.0,3.0,15.0,4.0,16.0,5.0,16.0,4.0,17.0,3.0,17.0,3.0,17.0,4.0,18.0,5.0,18.0,5.0,19.0,5.0,20.0,5.0,20.0,5.0,19.0,4.0,20.0,4.0,20.0,3.0,20.0,2.0,20.0,1.0,20.0,0.0,19.0,-1.0,18.0
-12.0,1.0,-12.0,2.0,-12.0,2.0,-13.0,1.0,-12.0,1.0,-11.0,1.0,-10.0,2.0,-10.0,2.0,-9.0,3.0,-9.0,3.0,-10.0,3.0,-10.0,4.0,-9.0,4.0,-8.0,3.0,-8.0,4.0,-7.0,5.0,-6.0,6.0,-6.0,6.0,-5.0,6.0,-5.0,6.0,-6.0,7.0,-5.0,7.0,-5.0,8.0,-4.0,9.0,-4.0,10.0,-5.0,11.0,-3.0,13.0,-3.0,13.0,-3.0,14.0,-3.0,14.0,-3.0,13.0,-3.0,14.0,-2.0,15.0,-2.0,15.0,-2.0,16.0,-1.0,17.0,-2.0,17.0,-3.0,16.0,-3.0,16.0,-2.0,18.0,-2.0,18.0,-2.0,20.0,-2.0,20.0,-2.0,20.0,-3.0,19.0,-3.0,19.0,-4.0,20.0,-4.0,19.0,-5.0,19.0,-6.0,19.0,-7.0,18.0,-7.0,17.0
2.0,-13.0,2.0,-13.0,1.0,-14.0,2.0,-14.0,2.0,-13.0,2.0,-12.0,1.0,-11.0,0.0,-11.0,0.0,-11.0,0.0,-11.0,-1.0,-11.0,-1.0,-11.0,-2.0,-11.0,-2.0,-10.0,-2.0,-10.0,-4.0,-10.0,-5.0,-9.0,-5.0,-8.0,-5.0,-8.0,-5.0,-8.0,-6.0,-9.0,-7.0,-9.0,-7.0,-8.0,-8.0,-8.0,-10.0,-9.0,-11.0,-9.0,-13.0,-8.0,-14.0,-9.0,-14.0,-9.0,-14.0,-9.0,-14.0,-9.0,-15.0,-8.0,-15.0,-8.0,-16.0,-8.0,-17.0,-8.0,-18.0,-8.0,-18.0,-9.0,-17.0,-9.0,-17.0,-9.0,-19.0,-9.0,-20.0,-9.0,-21.0,-9.0,-22.0,-10.0,-21.0,-10.0,-21.0,-10.0,-21.0,-11.0,-21.0,-11.0,-20.0,-12.0,-19.0,-13.0,-19.0,-14.0,-17.0,-14.0,-17.0,-14.0
9.0,7.0,9.0,6.0,10.0,5.0,9.0,6.0,8.0,6.0,8.0,5.0,8.0,4.0,7.0,4.0,7.0,3.0,8.0,3.0,8.0,3.0,9.0,2.0,8.0,2.0,8.0,1.0,7.0,1.0,8.0,0.0,8.0,-1.0,7.0,-2.0,7.0,-2.0,7.0,-3.0,8.0,-3.0,8.0,-3.0,7.0,-4.0,8.0,-5.0,9.0,-6.0,9.0,-7.0,9.0,-9.0,10.0,-10.0,10.0,-10.0,10.0,-10.0,9.0,-10.0,9.0,-11.0,9.0,-12.0,9.0,-12.0,10.0,-13.0,10.0,-13.0,11.0,-13.0,11.0,-13.0,11.0,-13.0,12.0,-14.0,12.0,-15.0,12.0,-16.0,12.0,-16.0,12.0,-16.0,12.0,-15.0,13.0,-15.0,13.0,-15.0,14.0,-15.0,15.0,-15.0,15.0,-13.0,15.0,-12.0,15.0,-10.0
-8.0,9.0,-8.0,10.0,-8.0,10.0,-9.0,10.0,-8.0,9.0,-7.0,8.0,-6.0,8.0,-6.0,8.0,-5.0,8.0,-5.0,8.0,-5.0,9.0,-4.0,9.0,-4.0,9.0,-4.0,8.0,-3.0,8.0,-1.0,9.0,0.0,8.0,0.0,8.0,0.0,8.0,1.0,8.0,1.0,9.0,1.0,9.0,2.0,9.0,4.0,9.0,5.0,10.0,5.0,11.0,8.0,11.0,8.0,12.0,8.0,12.0,8.0,12.0,8.0,12.0,9.0,12.0,10.0,12.0,10.0,12.0,11.0,13.0,12.0,13.0,12.0,14.0,11.0,14.0,11.0,14.0,13.0,15.0,14.0,15.0,15.0,16.0,15.0,17.0,15.0,17.0,14.0,17.0,14.0,17.0,14.0,18.0,13.0,18.0,12.0,18.0,11.0,19.0,10.0,19.0,9.0,19.0
-12.0,5.0,-12.0,5.0,-12.0,6.0,-12.0,5.0,-11.0,4.0,-10.0,4.0,-9.0,5.0,-9.0,5.0,-9.0,5.0,-9.0,5.0,-9.0,6.0,-8.0,7.0,-8.0,6.0,-7.0,6.0,-7.0,6.0,-5.0,7.0,-4.0,7.0,-4.0,7.0,-3.0,7.0,-3.0,8.0,-3.0,8.0,-3.0,9.0,-2.0,9.0,-1.0,10.0,0.0,11.0,0.0,12.0,2.0,13.0,2.0,14.0,2.0,15.0,3.0,15.0,2.0,14.0,3.0,15.0,4.0,15.0,4.0,16.0,5.0,16.0,6.0,17.0,5.0,17.0,4.0,17.0,4.0,18.0,5.0,18.0,6.0,19.0,7.0,20.0,7.0,21.0,6.0,21.0,6.0,20.0,6.0,21.0,6.0,21.0,5.0,22.0,3.0,22.0,3.0,22.0,1.0,21.0,0.0,20.0
-3.0,13.0,-2.0,13.0,-2.0,14.0,-3.0,14.0,-4.0,13.0,-3.0,12.0,-2.0,11.0,-1.0,11.0,-1.0,10.0,-1.0,11.0,0.0,11.0,0.0,11.0,0.0,11.0,0.0,10.0,1.0,9.0,3.0,9.0,4.0,9.0,4.0,8.0,4.0,7.0,4.0,8.0,5.0,8.0,6.0,8.0,6.0,7.0,7.0,7.0,9.0,8.0,10.0,9.0,13.0,7.0,13.0,8.0,14.0,8.0,14.0,8.0,13.0,8.0,14.0,8.0,15.0,7.0,16.0,8.0,17.0,8.0,18.0,8.0,18.0,8.0,17.0,9.0,17.0,9.0,19.0,9.0,20.0,9.0,22.0,9.0,22.0,10.0,22.0,10.0,21.0,11.0,21.0,11.0,21.0,11.0,21.0,12.0,20.0,13.0,19.0,14.0,18.0,15.0,17.0,15.0
12.0,2.0,12.0,1.0,13.0,1.0,13.0,1.0,12.0,2.0,11.0,1.0,10.0,0.0,10.0,0.0,10.0,0.0,10.0,0.0,11.0,-1.0,11.0,-1.0,10.0,-2.0,9.0,-2.0,9.0,-2.0,9.0,-4.0,8.0,-4.0,7.0,-4.0,7.0,-5.0,7.0,-6.0,8.0,-6.0,7.0,-6.0,7.0,-7.0,7.0,-8.0,7.0,-10.0,8.0,-10.0,6.0,-12.0,8.0,-13.0,8.0,-14.0,7.0,-14.0,7.0,-13.0,7.0,-14.0,7.0,-15.0,7.0,-15.0,6.0,-16.0,6.0,-16.0,7.0,-16.0,8.0,-16.0,8.0,-17.0,8.0,-18.0,8.0,-19.0,8.0,-20.0,8.0,-20.0,8.0,-20.0,8.0,-19.0,9.0,-19.0,9.0,-19.0,10.0,-19.0,11.0,-19.0,12.0,-18.0,12.0,-17.0,12.0,-16.0
13.0,0.0,13.0,-1.0,14.0,-2.0,14.0,-1.0,12.0,0.0,11.0,-1.0,11.0,-1.0,10.0,-2.0,10.0,-2.0,10.0,-2.0,11.0,-3.0,11.0,-3.0,11.0,-3.0,10.0,-3.0,9.0,-4.0,9.0,-5.0,8.0,-6.0,7.0,-6.0,7.0,-6.0,7.0,-7.0,8.0,-7.0,7.0,-8.0,7.0,-8.0,6.0,-9.0,7.0,-11.0,7.0,-11.0,6.0,-13.0,7.0,-14.0,7.0,-14.0,6.0,-14.0,6.0,-14.0,6.0,-15.0,6.0,-16.0,6.0,-16.0,5.0,-17.0,5.0,-17.0,6.0,-17.0,7.0,-17.0,7.0,-17.0,7.0,-18.0,6.0,-19.0,6.0,-20.0,7.0,-21.0,7.0,-20.0,7.0,-20.0,7.0,-20.0,8.0,-20.0,9.0,-20.0,10.0,-19.0,11.0,-19.0,11.0,-17.0,11.0,-16.0
10.0,-7.0,10.0,-7.0,10.0,-8.0,11.0,-7.0,10.0,-6.0,9.0,-6.0,8.0,-6.0,7.0,-7.0,7.0,-6.0,7.0,-7.0,8.0,-7.0,7.0,-8.0,7.0,-8.0,7.0,-7.0,6.0,-7.0,5.0,-8.0,4.0,-8.0,4.0,-8.0,3.0,-8.0,4.0,-8.0,4.0,-9.0,4.0,-9.0,3.0,-9.0,2.0,-10.0,2.0,-12.0,2.0,-13.0,1.0,-14.0,1.0,-14.0,1.0,-15.0,1.0,-15.0,1.0,-14.0,1.0,-15.0,1.0,-15.0,1.0,-16.0,0.0,-17.0,0.0,-17.0,1.0,-17.0,2.0,-17.0,2.0,-17.0,1.0,-18.0,1.0,-19.0,0.0,-20.0,1.0,-20.0,1.0,-19.0,2.0,-19.0,2.0,-19.0,2.0,-19.0,3.0,-19.0,4.0,-19.0,5.0,-18.0,6.0,-17.0,6.0,-17.0
16.0,6.0,16.0,5.0,16.0,5.0,16.0,5.0,15.0,6.0,14.0,5.0,13.0,4.0,12.0,4.0,12.0,4.0,13.0,3.0,14.0,2.0,15.0,2.0,14.0,1.0,13.0,1.0,13.0,1.0,13.0,-1.0,13.0,-2.0,12.0,-2.0,12.0,-3.0,12.0,-3.0,13.0,-4.0,13.0,-4.0,12.0,-5.0,13.0,-7.0,14.0,-9.0,15.0,-9.0,15.0,-12.0,16.0,-12.0,17.0,-13.0,17.0,-13.0,16.0,-12.0,16.0,-13.0,16.0,-14.0,17.0,-14.0,17.0,-15.0,17.0,-16.0,18.0,-15.0,18.0,-14.0,19.0,-15.0,19.0,-16.0,20.0,-16.0,20.0,-17.0,21.0,-18.0,21.0,-17.0,21.0,-16.0,21.0,-15.0,22.0,-15.0,22.0,-14.0,23.0,-14.0,23.0,-13.0,23.0,-10.0,22.0,-9.0
-9.0,-9.0,-9.0,-8.0,-9.0,-8.0,-9.0,-9.0,-8.0,-9.0,-8.0,-8.0,-8.0,-7.0,-8.0,-7.0,-8.0,-6.0,-8.0,-6.0,-9.0,-7.0,-9.0,-6.0,-9.0,-5.0,-8.0,-5.0,-8.0,-5.0,-9.0,-4.0,-9.0,-3.0,-9.0,-2.0,-9.0,-2.0,-9.0,-1.0,-9.0,-2.0,-10.0,-1.0,-10.0,-1.0,-10.0,0.0,-12.0,1.0,-12.0,1.0,-13.0,3.0,-14.0,3.0,-14.0,3.0,-14.0,3.0,-14.0,3.0,-14.0,3.0,-14.0,4.0,-15.0,4.0,-15.0,4.0,-16.0,4.0,-16.0,4.0,-16.0,3.0,-16.0,3.0,-17.0,4.0,-17.0,4.0,-18.0,5.0,-19.0,5.0,-18.0,4.0,-18.0,4.0,-18.0,4.0,-18.0,3.0,-18.0,3.0,-19.0,2.0,-19.0,1.0,-18.0,0.0,-17.0,-1.0
0.0,13.0,0.0,13.0,0.0,14.0,-1.0,14.0,0.0,12.0,1.0,10.0,1.0,10.0,0.0,10.0,0.0,8.0,1.0,8.0,2.0,10.0,2.0,11.0,3.0,11.0,3.0,10.0,4.0,8.0,6.0,8.0,6.0,7.0,4.0,6.0,4.0,5.0,5.0,6.0,7.0,6.0,8.0,5.0,8.0,5.0,9.0,5.0,10.0,5.0,10.0,5.0,13.0,4.0,13.0,4.0,14.0,4.0,13.0,4.0,13.0,4.0,14.0,4.0,15.0,3.0,15.0,3.0,16.0,3.0,17.0,3.0,17.0,3.0,16.0,4.0,17.0,3.0,18.0,3.0,19.0,3.0,20.0,3.0,20.0,3.0,20.0,4.0,19.0,4.0,19.0,4.0,19.0,4.0,19.0,5.0,19.0,5.0,19.0,7.0,18.0,7.0,17.0,8.0
9.0,-12.0,8.0,-12.0,8.0,-13.0,10.0,-13.0,9.0,-11.0,8.0,-11.0,7.0,-11.0,6.0,-10.0,6.0,-10.0,6.0,-10.0,6.0,-11.0,5.0,-12.0,5.0,-11.0,5.0,-10.0,4.0,-10.0,2.0,-11.0,1.0,-11.0,1.0,-11.0,0.0,-10.0,0.0,-11.0,0.0,-11.0,-1.0,-11.0,-2.0,-11.0,-3.0,-12.0,-4.0,-13.0,-4.0,-14.0,-7.0,-14.0,-6.0,-16.0,-7.0,-16.0,-7.0,-16.0,-7.0,-16.0,-7.0,-16.0,-8.0,-16.0,-8.0,-17.0,-9.0,-18.0,-10.0,-18.0,-9.0,-19.0,-8.0,-19.0,-8.0,-19.0,-9.0,-20.0,-10.0,-21.0,-11.0,-21.0,-11.0,-22.0,-10.0,-22.0,-10.0,-22.0,-9.0,-22.0,-9.0,-22.0,-8.0,-22.0,-7.0,-23.0,-6.0,-23.0,-5.0,-22.0,-4.0,-22.0
-14.0,6.0,-14.0,7.0,-14.0,8.0,-15.0,7.0,-14.0,6.0,-12.0,6.0,-12.0,6.0,-11.0,6.0,-10.0,6.0,-11.0,6.0,-11.0,7.0,-11.0,8.0,-10.0,8.0,-10.0,7.0,-9.0,7.0,-7.0,8.0,-6.0,8.0,-6.0,8.0,-5.0,8.0,-5.0,9.0,-6.0,9.0,-5.0,10.0,-4.0,10.0,-3.0,11.0,-3.0,12.0,-3.0,13.0,0.0,15.0,-1.0,16.0,-1.0,17.0,0.0,17.0,-1.0,16.0,0.0,17.0,0.0,17.0,0.0,18.0,1.0,19.0,2.0,19.0,1.0,20.0,-1.0,19.0,-1.0,20.0,0.0,21.0,1.0,22.0,2.0,23.0,1.0,24.0,0.0,23.0,0.0,23.0,0.0,23.0,-1.0,23.0,-2.0,23.0,-4.0,23.0,-5.0,23.0,-6.0,21.0,-6.0,21.0
4.0,-16.0,3.0,-16.0,3.0,-16.0,4.0,-16.0,4.0,-15.0,3.0,-14.0,2.0,-13.0,1.0,-13.0,1.0,-13.0,1.0,-13.0,1.0,-14.0,0.0,-14.0,0.0,-13.0,0.0,-12.0,-1.0,-12.0,-3.0,-12.0,-4.0,-11.0,-3.0,-11.0,-4.0,-10.0,-4.0,-10.0,-4.0,-10.0,-5.0,-10.0,-6.0,-10.0,-7.0,-10.0,-9.0,-11.0,-9.0,-12.0,-12.0,-11.0,-12.0,-12.0,-13.0,-12.0,-13.0,-12.0,-12.0,-12.0,-13.0,-12.0,-14.0,-12.0,-15.0,-12.0,-16.0,-12.0,-17.0,-13.0,-17.0,-13.0,-15.0,-14.0,-16.0,-14.0,-17.0,-14.0,-18.0,-14.0,-20.0,-15.0,-20.0,-15.0,-19.0,-15.0,-18.0,-15.0,-18.0,-16.0,-18.0,-17.0,-17.0,-17.0,-16.0,-18.0,-15.0,-19.0,-14.0,-19.0,-13.0,-19.0
-13.0,-8.0,-13.0,-7.0,-13.0,-6.0,-13.0,-7.0,-12.0,-7.0,-11.0,-6.0,-11.0,-6.0,-11.0,-5.0,-11.0,-4.0,-11.0,-4.0,-12.0,-5.0,-12.0,-4.0,-11.0,-3.0,-11.0,-3.0,-10.0,-2.0,-11.0,-1.0,-10.0,0.0,-10.0,0.0,-9.0,1.0,-10.0,1.0,-10.0,2.0,-10.0,2.0,-10.0,3.0,-10.0,4.0,-11.0,5.0,-12.0,5.0,-11.0,8.0,-12.0,8.0,-13.0,9.0,-12.0,9.0,-12.0,9.0,-12.0,10.0,-12.0,10.0,-12.0,11.0,-12.0,11.0,-13.0,12.0,-14.0,11.0,-14.0,11.0,-14.0,11.0,-15.0,12.0,-14.0,13.0,-15.0,14.0,-16.0,14.0,-16.0,14.0,-15.0,13.0,-15.0,13.0,-16.0,13.0,-16.0,13.0,-17.0,12.0,-18.0,11.0,-18.0,9.0,-18.0,8.0
-10.0,10.0,-9.0,10.0,-9.0,11.0,-10.0,10.0,-10.0,9.0,-9.0,8.0,-8.0,8.0,-7.0,8.0,-7.0,8.0,-7.0,8.0,-7.0,9.0,-7.0,10.0,-6.0,9.0,-6.0,8.0,-6.0,8.0,-4.0,9.0,-3.0,9.0,-3.0,8.0,-2.0,8.0,-2.0,8.0,-2.0,9.0,-2.0,9.0,-1.0,9.0,0.0,10.0,1.0,11.0,1.0,12.0,3.0,12.0,3.0,13.0,3.0,14.0,3.0,14.0,3.0,13.0,3.0,14.0,4.0,14.0,4.0,15.0,5.0,15.0,6.0,16.0,6.0,16.0,4.0,16.0,4.0,16.0,5.0,17.0,6.0,18.0,6.0,19.0,6.0,19.0,5.0,19.0,5.0,19.0,5.0,19.0,4.0,19.0,3.0,19.0,2.0,20.0,2.0,20.0,0.0,19.0,0.0,19.0
-14.0,-2.0,-14.0,-1.0,-15.0,0.0,-15.0,-1.0,-14.0,-2.0,-13.0,-2.0,-12.0,-1.0,-12.0,0.0,-11.0,0.0,-12.0,0.0,-12.0,0.0,-12.0,1.0,-12.0,1.0,-11.0,1.0,-11.0,1.0,-10.0,3.0,-9.0,3.0,-9.0,3.0,-9.0,4.0,-9.0,4.0,-9.0,5.0,-9.0,5.0,-8.0,5.0,-8.0,7.0,-9.0,8.0,-9.0,9.0,-8.0,10.0,-9.0,11.0,-9.0,12.0,-9.0,12.0,-9.0,11.0,-9.0,12.0,-9.0,13.0,-9.0,13.0,-9.0,14.0,-9.0,14.0,-9.0,14.0,-10.0,14.0,-10.0,14.0,-10.0,15.0,-10.0,16.0,-10.0,17.0,-11.0,17.0,-11.0,17.0,-11.0,16.0,-11.0,16.0,-12.0,16.0,-13.0,16.0,-14.0,15.0,-14.0,14.0,-14.0,13.0,-14.0,12.0
2.0,-15.0,2.0,-15.0,2.0,-16.0,3.0,-16.0,3.0,-15.0,2.0,-14.0,1.0,-13.0,1.0,-13.0,0.0,-12.0,0.0,-13.0,0.0,-14.0,-1.0,-14.0,-1.0,-13.0,-1.0,-12.0,-1.0,-12.0,-3.0,-12.0,-4.0,-11.0,-4.0,-10.0,-4.0,-10.0,-4.0,-10.0,-5.0,-11.0,-5.0,-11.0,-6.0,-10.0,-7.0,-10.0,-9.0,-12.0,-10.0,-13.0,-12.0,-12.0,-12.0,-13.0,-13.0,-13.0,-13.0,-13.0,-12.0,-13.0,-13.0,-13.0,-14.0,-13.0,-14.0,-13.0,-15.0,-13.0,-16.0,-13.0,-16.0,-14.0,-15.0,-14.0,-15.0,-14.0,-16.0,-15.0,-17.0,-15.0,-19.0,-15.0,-19.0,-16.0,-18.0,-16.0,-18.0,-16.0,-17.0,-17.0,-17.0,-17.0,-16.0,-17.0,-15.0,-18.0,-14.0,-19.0,-13.0,-19.0,-12.0,-19.0
-13.0,0.0,-13.0,1.0,-13.0,2.0,-14.0,1.0,-13.0,0.0,-12.0,0.0,-11.0,1.0,-11.0,2.0,-11.0,2.0,-11.0,2.0,-11.0,2.0,-11.0,3.0,-11.0,3.0,-10.0,3.0,-9.0,4.0,-9.0,5.0,-8.0,5.0,-8.0,5.0,-7.0,5.0,-8.0,6.0,-8.0,7.0,-7.0,7.0,-7.0,8.0,-6.0,9.0,-7.0,10.0,-7.0,10.0,-6.0,12.0,-7.0,13.0,-7.0,14.0,-6.0,14.0,-6.0,13.0,-6.0,14.0,-6.0,15.0,-6.0,15.0,-6.0,16.0,-5.0,16.0,-6.0,17.0,-7.0,16.0,-7.0,16.0,-7.0,17.0,-6.0,18.0,-6.0,19.0,-7.0,20.0,-7.0,19.0,-7.0,19.0,-7.0,18.0,-8.0,19.0,-9.0,19.0,-10.0,19.0,-11.0,18.0,-11.0,16.0,-11.0,15.0
-12.0,3.0,-12.0,3.0,-12.0,4.0,-13.0,3.0,-12.0,3.0,-11.0,3.0,-10.0,3.0,-9.0,4.0,-9.0,4.0,-10.0,4.0,-10.0,4.0,-10.0,5.0,-9.0,5.0,-9.0,5.0,-8.0,5.0,-7.0,6.0,-6.0,6.0,-6.0,6.0,-5.0,7.0,-6.0,7.0,-6.0,8.0,-6.0,8.0,-5.0,9.0,-4.0,10.0,-5.0,11.0,-5.0,12.0,-3.0,13.0,-4.0,14.0,-4.0,15.0,-3.0,15.0,-3.0,14.0,-3.0,15.0,-3.0,16.0,-3.0,16.0,-2.0,17.0,-2.0,17.0,-2.0,18.0,-4.0,17.0,-4.0,17.0,-3.0,18.0,-2.0,19.0,-2.0,20.0,-3.0,21.0,-3.0,20.0,-3.0,20.0,-3.0,20.0,-4.0,20.0,-5.0,20.0,-7.0,20.0,-7.0,20.0,-8.0,18.0,-8.0,18.0
11.0,-3.0,11.0,-4.0,11.0,-5.0,12.0,-4.0,10.0,-3.0,9.0,-4.0,9.0,-4.0,8.0,-4.0,8.0,-5.0,8.0,-5.0,9.0,-5.0,9.0,-6.0,8.0,-6.0,8.0,-6.0,7.0,-6.0,6.0,-7.0,5.0,-8.0,4.0,-8.0,4.0,-8.0,4.0,-9.0,4.0,-9.0,4.0,-10.0,3.0,-10.0,3.0,-11.0,3.0,-12.0,3.0,-13.0,1.0,-15.0,2.0,-16.0,1.0,-16.0,1.0,-16.0,1.0,-16.0,1.0,-17.0,0.0,-17.0,0.0,-18.0,-1.0,-18.0,-1.0,-18.0,0.0,-19.0,1.0,-18.0,1.0,-19.0,0.0,-20.0,-1.0,-20.0,-1.0,-21.0,-1.0,-22.0,-1.0,-21.0,-1.0,-21.0,0.0,-21.0,0.0,-22.0,1.0,-22.0,3.0,-22.0,4.0,-21.0,5.0,-20.0,5.0,-19.0
-5.0,-12.0,-6.0,-11.0,-6.0,-11.0,-6.0,-12.0,-5.0,-11.0,-5.0,-10.0,-5.0,-9.0,-6.0,-9.0,-6.0,-8.0,-6.0,-8.0,-7.0,-9.0,-7.0,-9.0,-7.0,-8.0,-7.0,-7.0,-7.0,-7.0,-8.0,-6.0,-8.0,-5.0,-8.0,-5.0,-8.0,-4.0,-9.0,-4.0,-10.0,-4.0,-10.0,-4.0,-10.0,-3.0,-11.0,-2.0,-13.0,-2.0,-14.0,-2.0,-15.0,-1.0,-16.0,-1.0,-16.0,-1.0,-16.0,-1.0,-16.0,-1.0,-16.0,-1.0,-17.0,0.0,-17.0,0.0,-18.0,0.0,-19.0,0.0,-19.0,0.0,-18.0,-1.0,-19.0,0.0,-20.0,0.0,-20.0,0.0,-21.0,1.0,-22.0,1.0,-22.0,0.0,-21.0,-1.0,-21.0,-1.0,-22.0,-1.0,-21.0,-2.0,-21.0,-2.0,-21.0,-3.0,-21.0,-5.0,-20.0,-5.0
-13.0,5.0,-12.0,5.0,-12.0,6.0,-13.0,5.0,-12.0,5.0,-11.0,4.0,-10.0,5.0,-10.0,5.0,-9.0,6.0,-10.0,6.0,-10.0,6.0,-10.0,7.0,-9.0,7.0,-9.0,6.0,-8.0,7.0,-6.0,8.0,-5.0,8.0,-5.0,8.0,-4.0,8.0,-5.0,9.0,-5.0,10.0,-4.0,10.0,-3.0,10.0,-3.0,11.0,-3.0,13.0,-2.0,14.0,0.0,15.0,-1.0,16.0,-1.0,17.0,-1.0,17.0,-1.0,16.0,-1.0,17.0,0.0,18.0,0.0,18.0,1.0,18.0,1.0,19.0,0.0,19.0,-1.0,19.0,-1.0,19.0,0.0,20.0,1.0,21.0,2.0,22.0,1.0,23.0,1.0,22.0,1.0,22.0,1.0,22.0,0.0,22.0,-1.0,23.0,-2.0,23.0,-4.0,23.0,-5.0,21.0,-5.0,20.0
6.0,11.0,7.0,11.0,7.0,11.0,7.0,11.0,6.0,11.0,6.0,10.0,6.0,9.0,6.0,8.0,6.0,8.0,6.0,8.0,7.0,8.0,8.0,8.0,8.0,7.0,7.0,7.0,7.0,6.0,8.0,5.0,9.0,4.0,8.0,3.0,8.0,3.0,9.0,3.0,10.0,3.0,10.0,3.0,10.0,2.0,11.0,1.0,13.0,1.0,14.0,1.0,15.0,-1.0,16.0,-1.0,17.0,-2.0,16.0,-2.0,16.0,-1.0,17.0,-2.0,17.0,-2.0,18.0,-3.0,18.0,-3.0,19.0,-3.0,20.0,-3.0,19.0,-2.0,19.0,-2.0,19.0,-3.0,20.0,-3.0,21.0,-4.0,22.0,-4.0,22.0,-3.0,22.0,-3.0,22.0,-3.0,22.0,-2.0,22.0,-2.0,22.0,-1.0,22.0,0.0,21.0,2.0,20.0,2.0
-6.0,12.0,-5.0,12.0,-4.0,13.0,-6.0,13.0,-6.0,12.0,-5.0,11.0,-4.0,11.0,-3.0,11.0,-3.0,10.0,-3.0,11.0,-3.0,12.0,-2.0,12.0,-2.0,11.0,-2.0,10.0,-1.0,10.0,0.0,10.0,2.0,10.0,2.0,9.0,2.0,9.0,2.0,9.0,2.0,10.0,3.0,10.0,4.0,10.0,5.0,10.0,6.0,11.0,7.0,12.0,9.0,12.0,9.0,13.0,10.0,13.0,10.0,13.0,9.0,13.0,10.0,13.0,11.0,13.0,11.0,13.0,12.0,14.0,12.0,14.0,12.0,15.0,11.0,15.0,11.0,15.0,12.0,15.0,13.0,16.0,14.0,16.0,14.0,17.0,13.0,17.0,13.0,17.0,13.0,17.0,12.0,18.0,12.0,18.0,11.0,19.0,10.0,19.0,8.0,19.0,7.0,18.0
1.0,12.0,2.0,11.0,2.0,12.0,2.0,12.0,1.0,11.0,1.0,10.0,2.0,10.0,3.0,9.0,3.0,9.0,3.0,9.0,3.0,10.0,4.0,10.0,4.0,9.0,3.0,8.0,4.0,8.0,5.0,8.0,6.0,7.0,6.0,6.0,6.0,5.0,6.0,6.0,7.0,6.0,7.0,6.0,7.0,5.0,9.0,5.0,10.0,5.0,11.0,6.0,13.0,4.0,13.0,5.0,14.0,5.0,14.0,5.0,13.0,5.0,14.0,5.0,15.0,4.0,15.0,4.0,16.0,4.0,16.0,4.0,16.0,5.0,15.0,5.0,15.0,5.0,16.0,5.0,17.0,5.0,18.0,5.0,19.0,5.0,19.0,5.0,18.0,5.0,18.0,6.0,18.0,6.0,18.0,6.0,17.0,7.0,17.0,8.0,16.0,9.0,15.0,9.0
-8.0,-13.0,-8.0,-12.0,-9.0,-12.0,-8.0,-13.0,-7.0,-12.0,-7.0,-11.0,-8.0,-10.0,-8.0,-10.0,-8.0,-9.0,-8.0,-9.0,-9.0,-10.0,-10.0,-10.0,-9.0,-9.0,-9.0,-8.0,-9.0,-8.0,-10.0,-7.0,-10.0,-6.0,-10.0,-5.0,-10.0,-4.0,-11.0,-4.0,-11.0,-5.0,-12.0,-4.0,-12.0,-3.0,-13.0,-2.0,-15.0,-2.0,-16.0,-2.0,-17.0,-1.0,-18.0,-1.0,-19.0,-1.0,-18.0,-1.0,-18.0,-1.0,-19.0,0.0,-19.0,0.0,-20.0,0.0,-20.0,1.0,-21.0,1.0,-21.0,0.0,-21.0,-1.0,-21.0,-1.0,-22.0,0.0,-23.0,0.0,-24.0,0.0,-24.0,0.0,-24.0,0.0,-23.0,-1.0,-23.0,-1.0,-23.0,-2.0,-23.0,-2.0,-23.0,-3.0,-23.0,-4.0,-22.0,-5.0,-21.0,-6.0
4.0,11.0,5.0,10.0,5.0,11.0,5.0,11.0,4.0,10.0,4.0,10.0,4.0,9.0,5.0,9.0,5.0,8.0,5.0,8.0,6.0,9.0,6.0,8.0,6.0,8.0,6.0,7.0,6.0,7.0,7.0,6.0,8.0,5.0,7.0,4.0,8.0,4.0,8.0,4.0,9.0,4.0,9.0,4.0,9.0,3.0,10.0,2.0,12.0,2.0,13.0,2.0,14.0,0.0,15.0,1.0,16.0,0.0,16.0,0.0,15.0,1.0,16.0,0.0,16.0,0.0,17.0,0.0,17.0,-1.0,18.0,-1.0,19.0,0.0,18.0,1.0,18.0,0.0,19.0,0.0,20.0,0.0,21.0,0.0,21.0,0.0,21.0,0.0,20.0,1.0,20.0,1.0,20.0,1.0,20.0,2.0,20.0,2.0,20.0,4.0,18.0,5.0,18.0,6.0
1.0,-13.0,0.0,-12.0,0.0,-13.0,1.0,-13.0,1.0,-12.0,0.0,-11.0,0.0,-11.0,-1.0,-11.0,-1.0,-10.0,-1.0,-11.0,-2.0,-11.0,-2.0,-11.0,-3.0,-11.0,-2.0,-10.0,-3.0,-10.0,-5.0,-10.0,-5.0,-9.0,-5.0,-9.0,-5.0,-8.0,-6.0,-8.0,-6.0,-9.0,-7.0,-9.0,-7.0,-8.0,-9.0,-8.0,-10.0,-9.0,-11.0,-10.0,-13.0,-8.0,-14.0,-9.0,-14.0,-9.0,-14.0,-9.0,-14.0,-9.0,-15.0,-9.0,-15.0,-9.0,-16.0,-9.0,-17.0,-9.0,-18.0,-9.0,-17.0,-10.0,-16.0,-11.0,-16.0,-11.0,-18.0,-11.0,-19.0,-11.0,-20.0,-11.0,-20.0,-11.0,-20.0,-12.0,-19.0,-12.0,-19.0,-12.0,-18.0,-13.0,-18.0,-13.0,-17.0,-14.0,-16.0,-15.0,-15.0,-15.0,-14.0,-15.0
-14.0,1.0,-14.0,2.0,-14.0,3.0,-14.0,2.0,-13.0,1.0,-12.0,2.0,-12.0,2.0,-11.0,3.0,-11.0,3.0,-11.0,4.0,-11.0,4.0,-11.0,5.0,-11.0,5.0,-11.0,5.0,-10.0,5.0,-9.0,7.0,-8.0,7.0,-7.0,7.0,-7.0,8.0,-7.0,8.0,-7.0,9.0,-7.0,10.0,-6.0,10.0,-5.0,11.0,-6.0,13.0,-6.0,14.0,-4.0,16.0,-4.0,17.0,-4.0,18.0,-4.0,18.0,-4.0,18.0,-4.0,19.0,-3.0,19.0,-3.0,20.0,-3.0,20.0,-2.0,21.0,-3.0,21.0,-5.0,21.0,-5.0,21.0,-4.0,23.0,-3.0,23.0,-3.0,25.0,-3.0,26.0,-4.0,25.0,-4.0,24.0,-4.0,24.0,-5.0,24.0,-6.0,24.0,-7.0,24.0,-9.0,23.0,-9.0,22.0,-10.0,20.0
-1.0,-12.0,-1.0,-12.0,-2.0,-12.0,-1.0,-13.0,-1.0,-12.0,-1.0,-11.0,-2.0,-11.0,-2.0,-10.0,-3.0,-10.0,-3.0,-10.0,-4.0,-11.0,-4.0,-11.0,-5.0,-10.0,-4.0,-10.0,-5.0,-9.0,-6.0,-9.0,-7.0,-8.0,-7.0,-7.0,-7.0,-7.0,-7.0,-7.0,-8.0,-7.0,-9.0,-7.0,-9.0,-6.0,-10.0,-5.0,-12.0,-6.0,-13.0,-6.0,-15.0,-5.0,-16.0,-5.0,-17.0,-5.0,-16.0,-5.0,-16.0,-5.0,-17.0,-5.0,-18.0,-4.0,-18.0,-4.0,-19.0,-4.0,-20.0,-4.0,-20.0,-4.0,-19.0,-5.0,-20.0,-5.0,-21.0,-5.0,-22.0,-5.0,-23.0,-4.0,-24.0,-5.0,-23.0,-5.0,-23.0,-5.0,-22.0,-6.0,-23.0,-6.0,-22.0,-7.0,-22.0,-8.0,-21.0,-8.0,-20.0,-10.0,-20.0,-10.0
-5.0,-12.0,-6.0,-11.0,-7.0,-11.0,-6.0,-12.0,-5.0,-11.0,-5.0,-10.0,-6.0,-10.0,-6.0,-9.0,-6.0,-9.0,-7.0,-9.0,-7.0,-9.0,-8.0,-9.0,-8.0,-8.0,-7.0,-8.0,-8.0,-7.0,-9.0,-6.0,-9.0,-5.0,-9.0,-5.0,-9.0,-4.0,-9.0,-4.0,-10.0,-4.0,-10.0,-4.0,-11.0,-3.0,-12.0,-2.0,-13.0,-2.0,-14.0,-2.0,-15.0,0.0,-16.0,0.0,-17.0,0.0,-17.0,1.0,-17.0,0.0,-17.0,1.0,-18.0,1.0,-19.0,2.0,-19.0,2.0,-20.0,2.0,-20.0,2.0,-20.0,1.0,-20.0,1.0,-21.0,1.0,-22.0,2.0,-23.0,2.0,-24.0,2.0,-24.0,1.0,-23.0,1.0,-23.0,1.0,-23.0,0.0,-23.0,0.0,-23.0,-1.0,-23.0,-2.0,-22.0,-4.0,-21.0,-5.0
-13.0,-3.0,-13.0,-2.0,-13.0,-2.0,-13.0,-3.0,-12.0,-3.0,-11.0,-2.0,-11.0,-2.0,-11.0,-1.0,-11.0,-1.0,-11.0,0.0,-12.0,0.0,-12.0,0.0,-11.0,1.0,-11.0,1.0,-10.0,2.0,-10.0,3.0,-9.0,4.0,-9.0,3.0,-9.0,4.0,-9.0,5.0,-9.0,5.0,-9.0,6.0,-8.0,6.0,-8.0,8.0,-9.0,9.0,-9.0,10.0,-8.0,12.0,-9.0,13.0,-10.0,14.0,-9.0,13.0,-9.0,13.0,-9.0,14.0,-9.0,15.0,-9.0,15.0,-9.0,16.0,-9.0,17.0,-10.0,17.0,-11.0,16.0,-11.0,16.0,-11.0,18.0,-11.0,19.0,-11.0,20.0,-12.0,20.0,-12.0,20.0,-11.0,19.0,-12.0,19.0,-12.0,19.0,-13.0,19.0,-15.0,18.0,-15.0,18.0,-16.0,16.0,-15.0,14.0
1.0,-15.0,0.0,-15.0,0.0,-15.0,1.0,-15.0,1.0,-14.0,0.0,-13.0,-1.0,-13.0,-1.0,-12.0,-2.0,-12.0,-2.0,-13.0,-2.0,-13.0,-3.0,-13.0,-3.0,-13.0,-3.0,-12.0,-3.0,-11.0,-5.0,-11.0,-6.0,-10.0,-6.0,-10.0,-6.0,-9.0,-7.0,-9.0,-7.0,-10.0,-8.0,-10.0,-9.0,-9.0,-10.0,-8.0,-12.0,-9.0,-13.0,-10.0,-16.0,-8.0,-16.0,-9.0,-17.0,-9.0,-17.0,-9.0,-16.0,-9.0,-17.0,-8.0,-18.0,-8.0,-19.0,-9.0,-20.0,-8.0,-21.0,-8.0,-21.0,-10.0,-20.0,-10.0,-20.0,-10.0,-22.0,-10.0,-23.0,-10.0,-25.0,-9.0,-25.0,-10.0,-24.0,-10.0,-24.0,-11.0,-24.0,-11.0,-24.0,-12.0,-23.0,-13.0,-23.0,-14.0,-22.0,-15.0,-21.0,-15.0,-20.0,-16.0
-10.0,-12.0,-11.0,-10.0,-11.0,-10.0,-11.0,-11.0,-10.0,-11.0,-10.0,-10.0,-10.0,-9.0,-10.0,-8.0,-10.0,-8.0,-10.0,-8.0,-11.0,-8.0,-12.0,-8.0,-11.0,-7.0,-11.0,-6.0,-11.0,-6.0,-12.0,-4.0,-12.0,-3.0,-11.0,-3.0,-11.0,-2.0,-12.0,-2.0,-12.0,-2.0,-13.0,-2.0,-12.0,-1.0,-13.0,1.0,-15.0,1.0,-16.0,1.0,-16.0,4.0,-18.0,4.0,-19.0,5.0,-18.0,5.0,-18.0,4.0,-18.0,5.0,-19.0,6.0,-19.0,6.0,-20.0,7.0,-21.0,7.0,-21.0,6.0,-21.0,5.0,-21.0,6.0,-22.0,6.0,-23.0,7.0,-24.0,8.0,-25.0,8.0,-24.0,7.0,-24.0,7.0,-24.0,7.0,-25.0,6.0,-25.0,6.0,-26.0,4.0,-26.0,3.0,-25.0,1.0,-24.0,0.0
14.0,-4.0,13.0,-5.0,14.0,-6.0,14.0,-5.0,13.0,-4.0,12.0,-4.0,11.0,-5.0,11.0,-5.0,10.0,-5.0,11.0,-6.0,11.0,-6.0,11.0,-7.0,11.0,-8.0,10.0,-7.0,9.0,-7.0,8.0,-9.0,7.0,-9.0,6.0,-9.0,6.0,-9.0,7.0,-10.0,7.0,-10.0,6.0,-11.0,5.0,-11.0,5.0,-12.0,5.0,-14.0,5.0,-15.0,3.0,-17.0,4.0,-18.0,4.0,-19.0,3.0,-18.0,4.0,-18.0,3.0,-19.0,3.0,-20.0,3.0,-20.0,2.0,-20.0,2.0,-21.0,3.0,-22.0,4.0,-21.0,4.0,-22.0,3.0,-23.0,3.0,-24.0,3.0,-25.0,3.0,-25.0,4.0,-25.0,4.0,-24.0,4.0,-24.0,5.0,-24.0,6.0,-24.0,7.0,-24.0,8.0,-24.0,9.0,-22.0,9.0,-21.0
11.0,6.0,12.0,5.0,12.0,4.0,12.0,5.0,11.0,5.0,10.0,4.0,10.0,4.0,10.0,3.0,10.0,3.0,10.0,2.0,11.0,3.0,11.0,2.0,11.0,1.0,10.0,1.0,10.0,1.0,10.0,-1.0,10.0,-2.0,10.0,-2.0,9.0,-3.0,10.0,-3.0,10.0,-3.0,11.0,-3.0,10.0,-4.0,10.0,-5.0,12.0,-6.0,12.0,-7.0,12.0,-9.0,13.0,-9.0,13.0,-10.0,13.0,-10.0,13.0,-9.0,13.0,-10.0,13.0,-11.0,13.0,-11.0,14.0,-12.0,14.0,-12.0,15.0,-12.0,15.0,-11.0,15.0,-12.0,15.0,-12.0,15.0,-13.0,16.0,-14.0,17.0,-14.0,17.0,-14.0,17.0,-13.0,17.0,-13.0,17.0,-13.0,18.0,-12.0,19.0,-12.0,19.0,-11.0,19.0,-9.0,18.0,-8.0
-11.0,8.0,-10.0,8.0,-11.0,9.0,-11.0,8.0,-11.0,7.0,-10.0,7.0,-9.0,7.0,-8.0,7.0,-8.0,8.0,-8.0,8.0,-8.0,9.0,-8.0,9.0,-7.0,9.0,-7.0,8.0,-7.0,8.0,-5.0,9.0,-4.0,9.0,-4.0,9.0,-4.0,9.0,-4.0,9.0,-4.0,10.0,-4.0,11.0,-3.0,11.0,-2.0,11.0,-2.0,13.0,-1.0,14.0,0.0,15.0,0.0,16.0,0.0,16.0,0.0,16.0,0.0,16.0,0.0,16.0,1.0,17.0,1.0,17.0,1.0,18.0,2.0,19.0,1.0,19.0,0.0,18.0,0.0,18.0,1.0,19.0,1.0,20.0,2.0,21.0,1.0,22.0,1.0,21.0,1.0,21.0,0.0,21.0,-1.0,21.0,-1.0,21.0,-3.0,21.0,-4.0,21.0,-5.0,20.0,-5.0,19.0
-16.0,-1.0,-16.0,0.0,-16.0,1.0,-17.0,0.0,-15.0,-1.0,-14.0,0.0,-14.0,0.0,-13.0,1.0,-13.0,1.0,-13.0,2.0,-14.0,2.0,-14.0,3.0,-14.0,4.0,-13.0,3.0,-12.0,4.0,-12.0,5.0,-11.0,6.0,-10.0,5.0,-10.0,6.0,-11.0,7.0,-11.0,7.0,-11.0,8.0,-10.0,8.0,-10.0,10.0,-11.0,12.0,-11.0,12.0,-10.0,15.0,-12.0,15.0,-12.0,16.0,-11.0,16.0,-11.0,15.0,-11.0,16.0,-11.0,17.0,-11.0,17.0,-11.0,18.0,-11.0,18.0,-12.0,18.0,-13.0,17.0,-13.0,18.0,-12.0,19.0,-12.0,19.0,-12.0,21.0,-13.0,21.0,-13.0,20.0,-13.0,20.0,-13.0,20.0,-14.0,20.0,-15.0,20.0,-16.0,19.0,-17.0,18.0,-17.0,16.0,-17.0,14.0
-6.0,-13.0,-7.0,-12.0,-7.0,-12.0,-6.0,-12.0,-5.0,-12.0,-6.0,-11.0,-6.0,-10.0,-7.0,-9.0,-7.0,-9.0,-7.0,-9.0,-8.0,-10.0,-9.0,-10.0,-8.0,-9.0,-8.0,-8.0,-8.0,-8.0,-9.0,-7.0,-10.0,-6.0,-9.0,-5.0,-9.0,-5.0,-9.0,-5.0,-10.0,-5.0,-11.0,-5.0,-11.0,-4.0,-12.0,-4.0,-13.0,-4.0,-14.0,-4.0,-15.0,-2.0,-16.0,-3.0,-17.0,-3.0,-16.0,-3.0,-16.0,-3.0,-17.0,-2.0,-17.0,-2.0,-18.0,-2.0,-18.0,-2.0,-19.0,-2.0,-19.0,-2.0,-19.0,-3.0,-19.0,-3.0,-19.0,-3.0,-20.0,-3.0,-21.0,-2.0,-21.0,-2.0,-21.0,-3.0,-21.0,-3.0,-21.0,-4.0,-21.0,-4.0,-21.0,-5.0,-21.0,-5.0,-20.0,-6.0,-19.0,-8.0,-18.0,-8.0
-11.0,-10.0,-11.0,-9.0,-12.0,-9.0,-12.0,-9.0,-11.0,-9.0,-10.0,-8.0,-11.0,-7.0,-11.0,-6.0,-10.0,-6.0,-11.0,-6.0,-12.0,-6.0,-13.0,-6.0,-13.0,-5.0,-11.0,-4.0,-11.0,-4.0,-12.0,-4.0,-12.0,-2.0,-11.0,-1.0,-9.0,0.0,-10.0,0.0,-13.0,0.0,-14.0,-1.0,-14.0,0.0,-14.0,2.0,-15.0,3.0,-15.0,4.0,-15.0,6.0,-16.0,6.0,-17.0,7.0,-17.0,6.0,-16.0,5.0,-17.0,6.0,-18.0,8.0,-19.0,8.0,-19.0,8.0,-20.0,9.0,-20.0,9.0,-20.0,8.0,-19.0,7.0,-19.0,7.0,-20.0,8.0,-21.0,9.0,-22.0,9.0,-22.0,8.0,-21.0,8.0,-22.0,8.0,-22.0,8.0,-22.0,7.0,-23.0,6.0,-23.0,4.0,-22.0,2.0,-21.0,1.0
-9.0,12.0,-8.0,13.0,-8.0,13.0,-9.0,13.0,-8.0,12.0,-7.0,11.0,-6.0,11.0,-5.0,11.0,-5.0,11.0,-5.0,11.0,-5.0,12.0,-4.0,13.0,-3.0,13.0,-4.0,12.0,-3.0,12.0,-1.0,12.0,0.0,12.0,1.0,11.0,1.0,11.0,1.0,12.0,1.0,13.0,2.0,13.0,3.0,12.0,4.0,13.0,5.0,15.0,6.0,16.0,9.0,16.0,8.0,17.0,9.0,17.0,9.0,17.0,9.0,16.0,10.0,17.0,11.0,17.0,11.0,17.0,12.0,18.0,13.0,18.0,12.0,19.0,10.0,19.0,10.0,20.0,12.0,20.0,13.0,21.0,14.0,22.0,14.0,22.0,13.0,22.0,13.0,22.0,12.0,22.0,12.0,23.0,11.0,23.0,9.0,24.0,8.0,24.0,6.0,23.0,5.0,23.0
-12.0,-8.0,-12.0,-7.0,-13.0,-7.0,-13.0,-7.0,-12.0,-7.0,-11.0,-6.0,-11.0,-5.0,-11.0,-4.0,-11.0,-4.0,-11.0,-4.0,-12.0,-4.0,-13.0,-3.0,-12.0,-2.0,-12.0,-2.0,-11.0,-2.0,-12.0,0.0,-12.0,0.0,-11.0,1.0,-11.0,2.0,-11.0,2.0,-12.0,2.0,-12.0,3.0,-12.0,3.0,-12.0,5.0,-13.0,6.0,-14.0,6.0,-14.0,9.0,-15.0,9.0,-16.0,10.0,-15.0,10.0,-15.0,9.0,-15.0,11.0,-15.0,12.0,-15.0,12.0,-15.0,12.0,-16.0,13.0,-17.0,12.0,-17.0,11.0,-17.0,12.0,-18.0,13.0,-18.0,13.0,-18.0,14.0,-19.0,15.0,-19.0,14.0,-18.0,14.0,-18.0,13.0,-19.0,13.0,-20.0,13.0,-21.0,12.0,-21.0,10.0,-21.0,8.0,-20.0,7.0
3.0,-14.0,2.0,-14.0,1.0,-14.0,2.0,-14.0,2.0,-13.0,1.0,-13.0,0.0,-12.0,0.0,-12.0,-1.0,-12.0,-1.0,-12.0,-1.0,-13.0,-2.0,-13.0,-2.0,-12.0,-2.0,-11.0,-3.0,-11.0,-5.0,-11.0,-6.0,-11.0,-5.0,-10.0,-6.0,-9.0,-6.0,-9.0,-7.0,-10.0,-7.0,-10.0,-8.0,-9.0,-10.0,-9.0,-11.0,-10.0,-12.0,-11.0,-14.0,-10.0,-14.0,-11.0,-15.0,-11.0,-15.0,-10.0,-15.0,-10.0,-16.0,-10.0,-16.0,-10.0,-17.0,-10.0,-18.0,-10.0,-19.0,-10.0,-19.0,-11.0,-17.0,-11.0,-17.0,-11.0,-19.0,-11.0,-20.0,-11.0,-22.0,-11.0,-22.0,-12.0,-21.0,-12.0,-20.0,-12.0,-20.0,-13.0,-20.0,-13.0,-20.0,-14.0,-19.0,-15.0,-18.0,-16.0,-17.0,-16.0,-15.0,-16.0
-2.0,12.0,-1.0,12.0,0.0,12.0,-1.0,13.0,-2.0,11.0,-1.0,11.0,0.0,10.0,0.0,10.0,1.0,10.0,1.0,10.0,1.0,11.0,2.0,11.0,2.0,10.0,2.0,9.0,3.0,9.0,4.0,9.0,5.0,8.0,4.0,7.0,5.0,7.0,5.0,7.0,6.0,8.0,6.0,8.0,7.0,7.0,8.0,7.0,9.0,8.0,10.0,9.0,12.0,8.0,12.0,8.0,13.0,8.0,13.0,8.0,12.0,8.0,13.0,8.0,14.0,8.0,14.0,8.0,15.0,8.0,16.0,8.0,16.0,9.0,15.0,9.0,15.0,9.0,16.0,9.0,17.0,10.0,18.0,10.0,18.0,10.0,18.0,11.0,17.0,11.0,17.0,11.0,17.0,11.0,17.0,12.0,16.0,13.0,15.0,14.0,14.0,14.0,13.0,14.0
9.0,9.0,10.0,8.0,10.0,8.0,10.0,9.0,9.0,8.0,8.0,8.0,9.0,7.0,8.0,6.0,8.0,6.0,9.0,6.0,10.0,6.0,10.0,5.0,10.0,4.0,9.0,4.0,9.0,4.0,10.0,2.0,10.0,1.0,10.0,1.0,10.0,0.0,10.0,0.0,11.0,0.0,11.0,0.0,11.0,-1.0,11.0,-3.0,13.0,-3.0,14.0,-3.0,15.0,-5.0,16.0,-5.0,16.0,-6.0,16.0,-6.0,15.0,-5.0,16.0,-6.0,16.0,-7.0,17.0,-7.0,17.0,-8.0,18.0,-8.0,18.0,-8.0,18.0,-7.0,18.0,-7.0,19.0,-8.0,20.0,-8.0,21.0,-9.0,21.0,-9.0,21.0,-8.0,21.0,-7.0,21.0,-7.0,21.0,-6.0,22.0,-6.0,22.0,-5.0,22.0,-4.0,21.0,-2.0,21.0,-1.0
-12.0,-11.0,-12.0,-10.0,-13.0,-10.0,-13.0,-11.0,-12.0,-10.0,-11.0,-9.0,-11.0,-8.0,-11.0,-7.0,-11.0,-7.0,-11.0,-7.0,-12.0,-7.0,-13.0,-7.0,-12.0,-6.0,-12.0,-5.0,-12.0,-5.0,-13.0,-3.0,-13.0,-2.0,-12.0,-2.0,-12.0,-1.0,-12.0,-1.0,-13.0,-1.0,-14.0,0.0,-13.0,1.0,-14.0,2.0,-16.0,3.0,-17.0,3.0,-17.0,5.0,-19.0,5.0,-19.0,6.0,-19.0,6.0,-18.0,6.0,-19.0,7.0,-19.0,7.0,-19.0,7.0,-20.0,8.0,-20.0,8.0,-21.0,8.0,-21.0,7.0,-22.0,7.0,-22.0,8.0,-23.0,8.0,-24.0,10.0,-25.0,10.0,-25.0,9.0,-24.0,8.0,-24.0,8.0,-25.0,7.0,-25.0,6.0,-26.0,5.0,-26.0,4.0,-25.0,2.0,-24.0,1.0
7.0,10.0,8.0,9.0,8.0,9.0,8.0,10.0,7.0,9.0,6.0,8.0,7.0,8.0,7.0,7.0,7.0,7.0,7.0,7.0,8.0,7.0,9.0,7.0,8.0,6.0,8.0,6.0,8.0,5.0,9.0,4.0,9.0,3.0,8.0,3.0,8.0,2.0,9.0,2.0,10.0,2.0,10.0,2.0,10.0,1.0,11.0,0.0,12.0,0.0,13.0,0.0,14.0,-2.0,15.0,-2.0,15.0,-2.0,15.0,-2.0,15.0,-2.0,15.0,-3.0,15.0,-4.0,16.0,-4.0,17.0,-4.0,17.0,-4.0,18.0,-3.0,17.0,-3.0,17.0,-3.0,18.0,-4.0,19.0,-4.0,20.0,-4.0,20.0,-4.0,20.0,-3.0,20.0,-3.0,20.0,-3.0,20.0,-2.0,20.0,-2.0,20.0,-1.0,20.0,0.0,19.0,2.0,18.0,3.0
11.0,5.0,11.0,4.0,12.0,4.0,12.0,5.0,11.0,5.0,10.0,4.0,10.0,3.0,10.0,3.0,9.0,2.0,10.0,2.0,11.0,3.0,11.0,2.0,11.0,1.0,10.0,1.0,10.0,1.0,10.0,-1.0,10.0,-2.0,9.0,-2.0,9.0,-2.0,9.0,-3.0,10.0,-3.0,10.0,-3.0,10.0,-4.0,10.0,-5.0,11.0,-6.0,12.0,-6.0,12.0,-8.0,13.0,-9.0,13.0,-9.0,13.0,-9.0,13.0,-9.0,13.0,-10.0,13.0,-10.0,13.0,-10.0,13.0,-11.0,14.0,-11.0,15.0,-11.0,15.0,-10.0,15.0,-11.0,15.0,-11.0,15.0,-12.0,16.0,-13.0,17.0,-13.0,17.0,-12.0,16.0,-12.0,16.0,-11.0,17.0,-11.0,17.0,-11.0,18.0,-10.0,18.0,-9.0,18.0,-7.0,18.0,-6.0
9.0,-10.0,8.0,-11.0,8.0,-11.0,9.0,-11.0,9.0,-10.0,8.0,-10.0,7.0,-10.0,6.0,-10.0,6.0,-10.0,6.0,-10.0,6.0,-11.0,5.0,-12.0,5.0,-11.0,5.0,-10.0,4.0,-10.0,3.0,-12.0,2.0,-12.0,2.0,-11.0,1.0,-11.0,1.0,-11.0,1.0,-12.0,1.0,-12.0,0.0,-12.0,-1.0,-13.0,-2.0,-15.0,-2.0,-16.0,-4.0,-16.0,-4.0,-17.0,-4.0,-18.0,-4.0,-18.0,-4.0,-17.0,-5.0,-18.0,-5.0,-18.0,-5.0,-19.0,-6.0,-19.0,-7.0,-20.0,-6.0,-21.0,-5.0,-20.0,-5.0,-20.0,-6.0,-21.0,-6.0,-22.0,-7.0,-23.0,-7.0,-23.0,-6.0,-23.0,-6.0,-23.0,-5.0,-23.0,-5.0,-23.0,-4.0,-23.0,-3.0,-23.0,-2.0,-23.0,0.0,-22.0,1.0,-22.0
11.0,-5.0,11.0,-6.0,11.0,-6.0,12.0,-6.0,11.0,-5.0,9.0,-5.0,9.0,-6.0,8.0,-6.0,8.0,-6.0,9.0,-6.0,9.0,-7.0,9.0,-7.0,8.0,-8.0,8.0,-7.0,7.0,-8.0,6.0,-9.0,5.0,-9.0,5.0,-9.0,4.0,-9.0,5.0,-9.0,5.0,-10.0,5.0,-11.0,4.0,-11.0,4.0,-12.0,4.0,-13.0,4.0,-14.0,2.0,-15.0,3.0,-16.0,3.0,-17.0,2.0,-17.0,3.0,-16.0,2.0,-17.0,2.0,-18.0,2.0,-18.0,1.0,-18.0,1.0,-19.0,2.0,-19.0,4.0,-19.0,4.0,-19.0,3.0,-20.0,2.0,-21.0,2.0,-22.0,2.0,-22.0,3.0,-21.0,3.0,-21.0,3.0,-21.0,4.0,-21.0,5.0,-21.0,6.0,-21.0,7.0,-20.0,8.0,-19.0,8.0,-18.0
8.0,9.0,8.0,8.0,9.0,8.0,9.0,9.0,8.0,8.0,7.0,8.0,7.0,7.0,8.0,6.0,7.0,6.0,8.0,6.0,9.0,6.0,9.0,5.0,9.0,5.0,8.0,5.0,9.0,4.0,9.0,3.0,10.0,2.0,9.0,2.0,9.0,1.0,9.0,1.0,10.0,1.0,10.0,1.0,10.0,0.0,11.0,-1.0,13.0,-1.0,14.0,-1.0,14.0,-3.0,15.0,-3.0,16.0,-3.0,16.0,-3.0,15.0,-3.0,16.0,-4.0,16.0,-4.0,16.0,-4.0,17.0,-4.0,18.0,-4.0,18.0,-4.0,18.0,-4.0,18.0,-4.0,19.0,-4.0,19.0,-4.0,20.0,-5.0,21.0,-4.0,21.0,-4.0,20.0,-3.0,20.0,-3.0,20.0,-3.0,20.0,-2.0,20.0,-2.0,20.0,0.0,20.0,1.0,19.0,2.0
-2.0,-13.0,-2.0,-12.0,-3.0,-13.0,-2.0,-13.0,-2.0,-12.0,-2.0,-11.0,-3.0,-11.0,-4.0,-10.0,-4.0,-10.0,-4.0,-10.0,-4.0,-11.0,-5.0,-11.0,-5.0,-10.0,-5.0,-9.0,-5.0,-9.0,-7.0,-9.0,-7.0,-8.0,-7.0,-7.0,-7.0,-7.0,-8.0,-7.0,-9.0,-8.0,-9.0,-8.0,-9.0,-7.0,-10.0,-6.0,-12.0,-7.0,-13.0,-8.0,-15.0,-6.0,-15.0,-7.0,-16.0,-7.0,-15.0,-7.0,-15.0,-7.0,-16.0,-6.0,-16.0,-6.0,-17.0,-6.0,-18.0,-6.0,-19.0,-6.0,-18.0,-7.0,-17.0,-8.0,-18.0,-7.0,-19.0,-7.0,-20.0,-8.0,-21.0,-8.0,-21.0,-8.0,-21.0,-8.0,-20.0,-8.0,-20.0,-8.0,-20.0,-9.0,-20.0,-9.0,-19.0,-10.0,-19.0,-11.0,-17.0,-12.0,-17.0,-12.0
-13.0,0.0,-13.0,1.0,-13.0,1.0,-14.0,1.0,-13.0,0.0,-12.0,1.0,-11.0,1.0,-11.0,2.0,-11.0,2.0,-11.0,2.0,-11.0,3.0,-11.0,4.0,-11.0,4.0,-10.0,4.0,-10.0,4.0,-9.0,6.0,-8.0,6.0,-8.0,6.0,-8.0,7.0,-8.0,7.0,-9.0,8.0,-9.0,8.0,-8.0,9.0,-7.0,10.0,-8.0,12.0,-8.0,12.0,-7.0,14.0,-8.0,15.0,-8.0,16.0,-8.0,16.0,-8.0,15.0,-8.0,16.0,-8.0,17.0,-8.0,17.0,-8.0,18.0,-7.0,19.0,-8.0,19.0,-9.0,18.0,-9.0,18.0,-9.0,20.0,-9.0,20.0,-9.0,21.0,-9.0,22.0,-10.0,21.0,-10.0,20.0,-10.0,20.0,-11.0,20.0,-12.0,20.0,-13.0,20.0,-13.0,19.0,-13.0,17.0,-13.0,16.0
6.0,12.0,7.0,11.0,8.0,11.0,7.0,12.0,6.0,11.0,6.0,10.0,7.0,9.0,7.0,8.0,7.0,8.0,7.0,8.0,8.0,8.0,9.0,8.0,9.0,7.0,8.0,7.0,8.0,6.0,10.0,5.0,10.0,4.0,10.0,3.0,10.0,2.0,11.0,2.0,12.0,3.0,12.0,2.0,12.0,2.0,13.0,0.0,15.0,0.0,16.0,0.0,17.0,-2.0,19.0,-2.0,19.0,-2.0,19.0,-2.0,19.0,-2.0,19.0,-3.0,20.0,-3.0,20.0,-3.0,21.0,-4.0,22.0,-4.0,23.0,-3.0,22.0,-2.0,22.0,-2.0,23.0,-3.0,24.0,-3.0,25.0,-4.0,26.0,-4.0,26.0,-3.0,25.0,-3.0,25.0,-3.0,25.0,-2.0,26.0,-1.0,26.0,0.0,26.0,2.0,24.0,3.0,23.0,4.0
-3.0,-12.0,-4.0,-12.0,-4.0,-12.0,-4.0,-12.0,-3.0,-12.0,-3.0,-11.0,-4.0,-10.0,-5.0,-10.0,-5.0,-9.0,-5.0,-9.0,-6.0,-10.0,-6.0,-9.0,-6.0,-9.0,-6.0,-8.0,-7.0,-8.0,-8.0,-7.0,-9.0,-6.0,-8.0,-6.0,-8.0,-5.0,-9.0,-5.0,-10.0,-6.0,-10.0,-5.0,-10.0,-5.0,-12.0,-4.0,-14.0,-4.0,-15.0,-5.0,-16.0,-3.0,-17.0,-3.0,-18.0,-3.0,-17.0,-2.0,-17.0,-3.0,-17.0,-2.0,-18.0,-2.0,-19.0,-2.0,-20.0,-2.0,-21.0,-1.0,-21.0,-2.0,-20.0,-3.0,-21.0,-3.0,-22.0,-2.0,-22.0,-2.0,-24.0,-1.0,-24.0,-1.0,-24.0,-2.0,-23.0,-2.0,-23.0,-3.0,-24.0,-3.0,-23.0,-4.0,-23.0,-5.0,-23.0,-6.0,-22.0,-7.0,-21.0,-8.0
-11.0,-7.0,-11.0,-6.0,-11.0,-6.0,-11.0,-7.0,-11.0,-7.0,-10.0,-6.0,-10.0,-5.0,-10.0,-4.0,-9.0,-4.0,-10.0,-4.0,-10.0,-4.0,-11.0,-3.0,-10.0,-3.0,-10.0,-2.0,-10.0,-2.0,-10.0,-1.0,-10.0,0.0,-9.0,0.0,-9.0,1.0,-10.0,2.0,-10.0,2.0,-11.0,2.0,-10.0,3.0,-11.0,4.0,-12.0,5.0,-13.0,6.0,-12.0,8.0,-14.0,9.0,-14.0,9.0,-14.0,9.0,-14.0,9.0,-14.0,10.0,-14.0,11.0,-14.0,11.0,-14.0,11.0,-15.0,12.0,-15.0,12.0,-16.0,11.0,-16.0,11.0,-17.0,12.0,-17.0,13.0,-17.0,14.0,-18.0,14.0,-18.0,14.0,-17.0,13.0,-18.0,13.0,-18.0,13.0,-19.0,13.0,-20.0,12.0,-20.0,11.0,-20.0,9.0,-20.0,8.0
4.0,9.0,4.0,8.0,5.0,8.0,4.0,9.0,3.0,8.0,3.0,8.0,4.0,7.0,4.0,7.0,4.0,6.0,4.0,6.0,5.0,7.0,5.0,6.0,5.0,6.0,4.0,5.0,5.0,5.0,6.0,4.0,6.0,4.0,6.0,3.0,6.0,3.0,6.0,3.0,7.0,3.0,7.0,3.0,7.0,2.0,8.0,1.0,10.0,2.0,10.0,2.0,11.0,0.0,12.0,0.0,13.0,0.0,12.0,0.0,12.0,0.0,12.0,0.0,13.0,0.0,14.0,-1.0,14.0,-1.0,15.0,-1.0,15.0,-1.0,15.0,0.0,15.0,0.0,16.0,0.0,16.0,-1.0,17.0,-1.0,18.0,-1.0,17.0,0.0,17.0,0.0,17.0,0.0,17.0,1.0,17.0,1.0,17.0,2.0,17.0,3.0,16.0,4.0,16.0,4.0
13.0,-4.0,13.0,-5.0,13.0,-6.0,14.0,-5.0,13.0,-4.0,12.0,-4.0,11.0,-5.0,10.0,-5.0,10.0,-5.0,11.0,-6.0,11.0,-6.0,11.0,-7.0,10.0,-7.0,9.0,-7.0,9.0,-7.0,8.0,-9.0,7.0,-9.0,6.0,-8.0,6.0,-9.0,6.0,-10.0,6.0,-11.0,6.0,-11.0,5.0,-11.0,4.0,-13.0,4.0,-14.0,4.0,-15.0,2.0,-17.0,3.0,-18.0,3.0,-19.0,2.0,-19.0,2.0,-18.0,2.0,-19.0,1.0,-20.0,1.0,-20.0,1.0,-21.0,0.0,-22.0,1.0,-22.0,2.0,-22.0,2.0,-22.0,1.0,-23.0,0.0,-24.0,0.0,-25.0,0.0,-26.0,1.0,-25.0,1.0,-25.0,1.0,-25.0,2.0,-25.0,3.0,-26.0,4.0,-26.0,5.0,-25.0,6.0,-23.0,7.0,-22.0
8.0,-9.0,8.0,-10.0,8.0,-10.0,9.0,-10.0,8.0,-9.0,7.0,-9.0,7.0,-9.0,6.0,-9.0,6.0,-9.0,6.0,-9.0,6.0,-10.0,6.0,-11.0,5.0,-10.0,5.0,-10.0,5.0,-10.0,3.0,-11.0,2.0,-11.0,2.0,-10.0,1.0,-10.0,1.0,-10.0,1.0,-11.0,1.0,-11.0,0.0,-11.0,-1.0,-12.0,-2.0,-14.0,-2.0,-15.0,-4.0,-15.0,-4.0,-16.0,-4.0,-17.0,-5.0,-17.0,-4.0,-16.0,-5.0,-17.0,-6.0,-17.0,-6.0,-17.0,-7.0,-18.0,-7.0,-19.0,-7.0,-19.0,-5.0,-19.0,-5.0,-19.0,-6.0,-20.0,-7.0,-21.0,-8.0,-22.0,-8.0,-22.0,-7.0,-22.0,-7.0,-22.0,-7.0,-22.0,-6.0,-22.0,-5.0,-22.0,-4.0,-23.0,-3.0,-23.0,-2.0,-22.0,-1.0,-21.0
-12.0,-10.0,-12.0,-9.0,-13.0,-9.0,-13.0,-10.0,-12.0,-9.0,-11.0,-9.0,-11.0,-8.0,-11.0,-7.0,-11.0,-7.0,-12.0,-7.0,-13.0,-8.0,-13.0,-7.0,-13.0,-6.0,-12.0,-6.0,-12.0,-5.0,-13.0,-4.0,-13.0,-3.0,-12.0,-2.0,-12.0,-1.0,-12.0,-1.0,-13.0,-1.0,-14.0,0.0,-13.0,0.0,-14.0,2.0,-16.0,2.0,-16.0,2.0,-17.0,5.0,-18.0,6.0,-19.0,6.0,-18.0,6.0,-18.0,6.0,-18.0,7.0,-19.0,8.0,-19.0,8.0,-20.0,9.0,-21.0,9.0,-22.0,8.0,-21.0,7.0,-21.0,7.0,-22.0,9.0,-23.0,10.0,-24.0,11.0,-24.0,10.0,-24.0,10.0,-24.0,9.0,-24.0,9.0,-24.0,9.0,-25.0,8.0,-26.0,7.0,-26.0,5.0,-25.0,3.0,-24.0,2.0
11.0,1.0,11.0,0.0,12.0,0.0,12.0,0.0,11.0,1.0,10.0,0.0,10.0,0.0,10.0,-1.0,10.0,-1.0,10.0,-1.0,11.0,-1.0,11.0,-2.0,11.0,-2.0,10.0,-2.0,10.0,-3.0,9.0,-4.0,9.0,-5.0,8.0,-5.0,8.0,-5.0,8.0,-6.0,9.0,-6.0,9.0,-7.0,8.0,-7.0,8.0,-8.0,9.0,-10.0,9.0,-10.0,8.0,-13.0,9.0,-13.0,9.0,-14.0,9.0,-14.0,9.0,-13.0,9.0,-14.0,9.0,-15.0,9.0,-15.0,9.0,-16.0,9.0,-17.0,10.0,-17.0,11.0,-16.0,11.0,-16.0,10.0,-17.0,10.0,-18.0,10.0,-19.0,11.0,-19.0,11.0,-19.0,11.0,-18.0,11.0,-18.0,12.0,-18.0,13.0,-18.0,14.0,-17.0,15.0,-16.0,14.0,-14.0,14.0,-13.0
-1.0,-14.0,-2.0,-14.0,-3.0,-14.0,-2.0,-15.0,-1.0,-14.0,-2.0,-13.0,-3.0,-12.0,-3.0,-12.0,-3.0,-12.0,-4.0,-12.0,-4.0,-13.0,-5.0,-13.0,-5.0,-12.0,-4.0,-11.0,-5.0,-11.0,-7.0,-10.0,-8.0,-10.0,-7.0,-9.0,-8.0,-8.0,-8.0,-9.0,-9.0,-9.0,-9.0,-9.0,-10.0,-8.0,-11.0,-8.0,-13.0,-9.0,-14.0,-9.0,-16.0,-8.0,-16.0,-8.0,-18.0,-8.0,-18.0,-8.0,-17.0,-8.0,-17.0,-8.0,-18.0,-7.0,-19.0,-7.0,-20.0,-7.0,-21.0,-8.0,-21.0,-8.0,-20.0,-9.0,-20.0,-9.0,-21.0,-9.0,-22.0,-8.0,-24.0,-8.0,-25.0,-9.0,-24.0,-10.0,-23.0,-10.0,-23.0,-10.0,-23.0,-11.0,-23.0,-12.0,-22.0,-13.0,-21.0,-14.0,-20.0,-15.0,-18.0,-15.0
-11.0,-8.0,-11.0,-7.0,-12.0,-7.0,-12.0,-7.0,-11.0,-7.0,-10.0,-7.0,-10.0,-6.0,-10.0,-5.0,-10.0,-5.0,-11.0,-5.0,-12.0,-5.0,-12.0,-4.0,-12.0,-3.0,-11.0,-3.0,-11.0,-3.0,-11.0,-1.0,-11.0,0.0,-11.0,0.0,-11.0,1.0,-11.0,1.0,-12.0,1.0,-12.0,2.0,-12.0,3.0,-12.0,4.0,-14.0,5.0,-14.0,5.0,-14.0,7.0,-15.0,8.0,-16.0,8.0,-16.0,8.0,-15.0,8.0,-15.0,9.0,-16.0,10.0,-16.0,10.0,-16.0,11.0,-17.0,11.0,-17.0,11.0,-17.0,10.0,-18.0,10.0,-18.0,11.0,-18.0,12.0,-19.0,13.0,-20.0,13.0,-20.0,12.0,-20.0,12.0,-20.0,12.0,-21.0,12.0,-21.0,11.0,-22.0,10.0,-23.0,9.0,-22.0,7.0,-22.0,6.0
-11.0,7.0,-11.0,8.0,-11.0,8.0,-12.0,8.0,-11.0,7.0,-10.0,7.0,-9.0,7.0,-9.0,7.0,-8.0,7.0,-8.0,8.0,-8.0,9.0,-8.0,9.0,-7.0,9.0,-7.0,9.0,-6.0,9.0,-5.0,10.0,-4.0,10.0,-4.0,9.0,-3.0,10.0,-3.0,10.0,-3.0,11.0,-3.0,11.0,-2.0,11.0,-1.0,12.0,0.0,14.0,0.0,15.0,2.0,16.0,2.0,17.0,2.0,17.0,3.0,17.0,2.0,16.0,3.0,17.0,3.0,18.0,4.0,18.0,4.0,19.0,5.0,20.0,5.0,20.0,4.0,20.0,4.0,20.0,4.0,21.0,5.0,22.0,6.0,23.0,6.0,23.0,5.0,23.0,4.0,23.0,4.0,23.0,3.0,24.0,2.0,24.0,2.0,24.0,1.0,24.0,-1.0,23.0,-2.0,22.0
-7.0,-14.0,-8.0,-13.0,-9.0,-13.0,-8.0,-14.0,-7.0,-13.0,-7.0,-12.0,-8.0,-11.0,-8.0,-10.0,-8.0,-10.0,-8.0,-10.0,-9.0,-10.0,-10.0,-10.0,-10.0,-9.0,-10.0,-9.0,-10.0,-8.0,-12.0,-7.0,-12.0,-6.0,-11.0,-5.0,-12.0,-4.0,-12.0,-4.0,-13.0,-4.0,-13.0,-4.0,-13.0,-4.0,-14.0,-3.0,-16.0,-2.0,-18.0,-2.0,-19.0,1.0,-20.0,0.0,-21.0,1.0,-20.0,1.0,-20.0,1.0,-21.0,1.0,-21.0,2.0,-21.0,3.0,-22.0,3.0,-23.0,3.0,-24.0,2.0,-23.0,1.0,-23.0,2.0,-25.0,2.0,-26.0,3.0,-27.0,4.0,-28.0,4.0,-27.0,3.0,-27.0,3.0,-27.0,2.0,-28.0,1.0,-28.0,1.0,-28.0,0.0,-28.0,-2.0,-27.0,-4.0,-26.0,-5.0
-1.0,12.0,0.0,12.0,0.0,12.0,-1.0,13.0,-1.0,12.0,0.0,11.0,0.0,11.0,1.0,10.0,1.0,10.0,1.0,10.0,2.0,11.0,3.0,11.0,3.0,10.0,3.0,9.0,3.0,9.0,5.0,9.0,6.0,8.0,5.0,7.0,6.0,7.0,6.0,7.0,7.0,8.0,7.0,8.0,8.0,7.0,9.0,6.0,11.0,7.0,11.0,8.0,13.0,6.0,14.0,7.0,14.0,7.0,14.0,7.0,14.0,7.0,15.0,6.0,15.0,6.0,16.0,6.0,17.0,6.0,17.0,6.0,17.0,7.0,16.0,7.0,17.0,7.0,18.0,7.0,19.0,7.0,20.0,7.0,20.0,7.0,20.0,8.0,19.0,8.0,19.0,8.0,19.0,9.0,19.0,9.0,19.0,10.0,18.0,11.0,17.0,12.0,16.0,12.0
13.0,-8.0,12.0,-8.0,13.0,-9.0,14.0,-9.0,13.0,-8.0,12.0,-7.0,11.0,-8.0,10.0,-8.0,9.0,-8.0,9.0,-9.0,10.0,-10.0,9.0,-11.0,9.0,-11.0,8.0,-10.0,8.0,-10.0,6.0,-12.0,5.0,-12.0,4.0,-11.0,4.0,-12.0,5.0,-13.0,5.0,-14.0,4.0,-14.0,3.0,-14.0,2.0,-15.0,2.0,-17.0,2.0,-18.0,0.0,-19.0,1.0,-21.0,0.0,-22.0,0.0,-21.0,0.0,-21.0,0.0,-21.0,0.0,-22.0,0.0,-22.0,-1.0,-23.0,-2.0,-23.0,-1.0,-24.0,1.0,-24.0,1.0,-24.0,0.0,-25.0,-1.0,-26.0,-1.0,-27.0,-1.0,-28.0,0.0,-27.0,0.0,-27.0,1.0,-26.0,2.0,-27.0,3.0,-27.0,4.0,-27.0,5.0,-27.0,6.0,-25.0,7.0,-24.0
9.0,-10.0,8.0,-10.0,8.0,-11.0,9.0,-11.0,8.0,-9.0,7.0,-9.0,7.0,-9.0,6.0,-9.0,6.0,-9.0,6.0,-10.0,6.0,-11.0,5.0,-11.0,5.0,-11.0,4.0,-10.0,4.0,-10.0,2.0,-11.0,1.0,-11.0,1.0,-10.0,1.0,-11.0,1.0,-11.0,1.0,-12.0,0.0,-12.0,-1.0,-12.0,-2.0,-13.0,-2.0,-14.0,-2.0,-15.0,-4.0,-16.0,-4.0,-16.0,-4.0,-17.0,-4.0,-17.0,-4.0,-16.0,-4.0,-17.0,-5.0,-18.0,-5.0,-18.0,-6.0,-18.0,-6.0,-18.0,-6.0,-19.0,-5.0,-19.0,-4.0,-19.0,-5.0,-19.0,-6.0,-20.0,-6.0,-21.0,-6.0,-21.0,-6.0,-21.0,-5.0,-20.0,-5.0,-20.0,-4.0,-21.0,-3.0,-21.0,-2.0,-21.0,-2.0,-21.0,0.0,-20.0,0.0,-19.0
-3.0,-15.0,-3.0,-15.0,-4.0,-15.0,-3.0,-16.0,-2.0,-15.0,-3.0,-14.0,-4.0,-13.0,-5.0,-13.0,-5.0,-12.0,-5.0,-12.0,-6.0,-13.0,-6.0,-13.0,-7.0,-12.0,-6.0,-12.0,-6.0,-11.0,-8.0,-11.0,-9.0,-10.0,-8.0,-9.0,-9.0,-8.0,-9.0,-9.0,-10.0,-10.0,-10.0,-9.0,-10.0,-9.0,-12.0,-8.0,-14.0,-9.0,-15.0,-10.0,-16.0,-8.0,-17.0,-9.0,-18.0,-9.0,-17.0,-9.0,-16.0,-9.0,-17.0,-9.0,-18.0,-8.0,-18.0,-8.0,-19.0,-9.0,-20.0,-9.0,-19.0,-9.0,-18.0,-10.0,-19.0,-10.0,-20.0,-10.0,-21.0,-10.0,-22.0,-10.0,-22.0,-10.0,-21.0,-11.0,-21.0,-11.0,-20.0,-11.0,-20.0,-12.0,-20.0,-12.0,-19.0,-13.0,-18.0,-14.0,-17.0,-15.0,-16.0,-15.0
12.0,-7.0,12.0,-8.0,12.0,-9.0,13.0,-9.0,12.0,-8.0,11.0,-7.0,10.0,-8.0,9.0,-8.0,9.0,-8.0,9.0,-9.0,9.0,-10.0,9.0,-10.0,9.0,-10.0,9.0,-10.0,8.0,-10.0,6.0,-11.0,5.0,-12.0,5.0,-11.0,4.0,-11.0,5.0,-12.0,5.0,-12.0,5.0,-13.0,4.0,-13.0,3.0,-14.0,4.0,-15.0,3.0,-16.0,1.0,-18.0,2.0,-18.0,2.0,-19.0,2.0,-19.0,2.0,-18.0,2.0,-19.0,1.0,-19.0,1.0,-20.0,1.0,-20.0,0.0,-21.0,1.0,-21.0,3.0,-20.0,3.0,-20.0,2.0,-21.0,1.0,-22.0,1.0,-23.0,2.0,-24.0,2.0,-23.0,2.0,-22.0,2.0,-22.0,3.0,-22.0,4.0,-22.0,5.0,-22.0,6.0,-21.0,7.0,-20.0,8.0,-19.0
12.0,-9.0,11.0,-10.0,11.0,-11.0,12.0,-10.0,11.0,-9.0,10.0,-8.0,9.0,-9.0,8.0,-9.0,8.0,-9.0,8.0,-10.0,8.0,-11.0,8.0,-11.0,8.0,-11.0,8.0,-11.0,7.0,-11.0,5.0,-12.0,4.0,-12.0,4.0,-12.0,3.0,-12.0,4.0,-12.0,4.0,-13.0,4.0,-13.0,3.0,-13.0,2.0,-14.0,3.0,-16.0,2.0,-17.0,0.0,-18.0,1.0,-19.0,1.0,-19.0,1.0,-19.0,1.0,-18.0,1.0,-19.0,0.0,-19.0,0.0,-19.0,0.0,-20.0,-1.0,-20.0,0.0,-21.0,1.0,-20.0,1.0,-20.0,1.0,-21.0,0.0,-22.0,0.0,-23.0,0.0,-23.0,1.0,-23.0,1.0,-22.0,1.0,-22.0,2.0,-22.0,3.0,-22.0,5.0,-22.0,5.0,-21.0,6.0,-20.0,6.0,-19.0
1.0,-15.0,0.0,-15.0,-1.0,-15.0,0.0,-15.0,1.0,-15.0,0.0,-14.0,-1.0,-13.0,-2.0,-13.0,-2.0,-12.0,-2.0,-13.0,-2.0,-14.0,-3.0,-14.0,-4.0,-13.0,-3.0,-13.0,-3.0,-12.0,-5.0,-12.0,-6.0,-12.0,-6.0,-11.0,-6.0,-11.0,-6.0,-11.0,-6.0,-11.0,-7.0,-11.0,-7.0,-11.0,-9.0,-11.0,-10.0,-13.0,-11.0,-14.0,-13.0,-12.0,-13.0,-14.0,-13.0,-14.0,-13.0,-13.0,-12.0,-13.0,-13.0,-13.0,-13.0,-13.0,-14.0,-13.0,-14.0,-13.0,-15.0,-14.0,-15.0,-14.0,-13.0,-15.0,-13.0,-14.0,-14.0,-15.0,-15.0,-16.0,-16.0,-16.0,-16.0,-16.0,-15.0,-16.0,-15.0,-16.0,-14.0,-17.0,-14.0,-17.0,-13.0,-17.0,-12.0,-18.0,-11.0,-18.0,-9.0,-18.0,-9.0,-18.0
12.0,7.0,13.0,6.0,13.0,5.0,14.0,6.0,12.0,6.0,12.0,5.0,11.0,5.0,11.0,4.0,11.0,4.0,12.0,3.0,13.0,3.0,13.0,3.0,13.0,2.0,12.0,2.0,12.0,1.0,12.0,-1.0,12.0,-1.0,12.0,-1.0,12.0,-2.0,12.0,-2.0,13.0,-2.0,13.0,-2.0,13.0,-3.0,13.0,-5.0,15.0,-5.0,16.0,-5.0,16.0,-8.0,17.0,-8.0,17.0,-8.0,17.0,-8.0,17.0,-8.0,17.0,-8.0,17.0,-9.0,17.0,-9.0,18.0,-9.0,18.0,-10.0,19.0,-9.0,18.0,-8.0,19.0,-9.0,19.0,-9.0,19.0,-10.0,20.0,-11.0,21.0,-11.0,21.0,-10.0,21.0,-9.0,21.0,-8.0,21.0,-8.0,21.0,-7.0,22.0,-6.0,21.0,-5.0,20.0,-3.0,19.0,-2.0
11.0,-6.0,11.0,-7.0,11.0,-8.0,12.0,-7.0,11.0,-6.0,9.0,-6.0,9.0,-7.0,8.0,-7.0,8.0,-7.0,8.0,-8.0,9.0,-8.0,8.0,-9.0,8.0,-9.0,7.0,-8.0,7.0,-9.0,5.0,-10.0,4.0,-10.0,4.0,-10.0,4.0,-10.0,4.0,-11.0,5.0,-11.0,4.0,-12.0,4.0,-12.0,3.0,-13.0,3.0,-14.0,3.0,-15.0,2.0,-16.0,3.0,-17.0,2.0,-18.0,2.0,-17.0,2.0,-17.0,2.0,-18.0,2.0,-18.0,2.0,-18.0,1.0,-18.0,1.0,-19.0,2.0,-19.0,3.0,-18.0,3.0,-19.0,3.0,-19.0,2.0,-20.0,2.0,-21.0,3.0,-21.0,3.0,-21.0,3.0,-20.0,4.0,-20.0,4.0,-20.0,5.0,-20.0,7.0,-20.0,7.0,-19.0,8.0,-17.0,8.0,-16.0
-10.0,8.0,-9.0,9.0,-9.0,9.0,-9.0,9.0,-9.0,8.0,-8.0,8.0,-7.0,8.0,-6.0,8.0,-6.0,8.0,-6.0,8.0,-6.0,9.0,-5.0,10.0,-5.0,10.0,-5.0,9.0,-4.0,9.0,-2.0,10.0,-1.0,10.0,-1.0,9.0,-1.0,10.0,-1.0,10.0,-1.0,11.0,-1.0,11.0,0.0,11.0,1.0,11.0,2.0,13.0,2.0,14.0,4.0,14.0,3.0,15.0,4.0,16.0,4.0,15.0,3.0,15.0,4.0,15.0,4.0,16.0,4.0,16.0,5.0,16.0,6.0,17.0,6.0,17.0,4.0,17.0,4.0,17.0,5.0,18.0,5.0,18.0,6.0,19.0,6.0,20.0,5.0,19.0,5.0,19.0,5.0,19.0,4.0,19.0,3.0,19.0,2.0,19.0,1.0,19.0,0.0,18.0,-1.0,18.0
-12.0,6.0,-11.0,7.0,-11.0,8.0,-11.0,8.0,-11.0,7.0,-9.0,7.0,-9.0,7.0,-8.0,7.0,-7.0,7.0,-7.0,8.0,-8.0,8.0,-7.0,9.0,-6.0,9.0,-6.0,8.0,-5.0,9.0,-4.0,10.0,-2.0,10.0,-2.0,9.0,-2.0,10.0,-2.0,10.0,-2.0,11.0,-1.0,11.0,0.0,11.0,1.0,12.0,1.0,13.0,1.0,14.0,4.0,15.0,4.0,16.0,4.0,17.0,4.0,16.0,4.0,16.0,5.0,16.0,5.0,16.0,6.0,17.0,6.0,17.0,7.0,18.0,6.0,18.0,5.0,18.0,4.0,18.0,6.0,19.0,7.0,20.0,8.0,20.0,8.0,21.0,7.0,21.0,7.0,20.0,7.0,20.0,6.0,20.0,5.0,21.0,4.0,21.0,2.0,21.0,1.0,20.0,0.0,20.0
12.0,4.0,12.0,3.0,12.0,2.0,12.0,3.0,11.0,3.0,10.0,2.0,10.0,2.0,9.0,1.0,9.0,1.0,10.0,0.0,10.0,0.0,11.0,-1.0,10.0,-2.0,9.0,-2.0,9.0,-2.0,9.0,-4.0,9.0,-5.0,8.0,-5.0,8.0,-5.0,8.0,-6.0,9.0,-6.0,9.0,-7.0,9.0,-7.0,9.0,-9.0,9.0,-10.0,10.0,-10.0,9.0,-12.0,10.0,-13.0,11.0,-14.0,10.0,-14.0,10.0,-13.0,10.0,-14.0,10.0,-15.0,10.0,-15.0,11.0,-16.0,11.0,-16.0,11.0,-16.0,12.0,-16.0,12.0,-16.0,12.0,-17.0,12.0,-17.0,13.0,-18.0,13.0,-19.0,14.0,-18.0,14.0,-17.0,14.0,-17.0,15.0,-17.0,16.0,-17.0,16.0,-16.0,17.0,-15.0,17.0,-13.0,17.0,-12.0
-6.0,11.0,-5.0,11.0,-5.0,11.0,-6.0,11.0,-6.0,11.0,-5.0,10.0,-4.0,9.0,-3.0,9.0,-3.0,9.0,-3.0,9.0,-2.0,10.0,-2.0,10.0,-1.0,10.0,-1.0,9.0,-1.0,9.0,1.0,9.0,2.0,9.0,2.0,8.0,3.0,8.0,3.0,8.0,3.0,9.0,4.0,9.0,5.0,8.0,6.0,8.0,7.0,9.0,8.0,10.0,11.0,9.0,11.0,10.0,11.0,10.0,11.0,10.0,11.0,10.0,12.0,10.0,12.0,10.0,13.0,11.0,14.0,11.0,15.0,11.0,15.0,11.0,14.0,12.0,14.0,12.0,15.0,12.0,17.0,12.0,18.0,12.0,18.0,13.0,17.0,13.0,17.0,14.0,16.0,14.0,16.0,15.0,16.0,15.0,15.0,16.0,14.0,17.0,13.0,17.0,12.0,17.0
-12.0,1.0,-12.0,2.0,-12.0,2.0,-13.0,1.0,-12.0,1.0,-11.0,1.0,-10.0,2.0,-9.0,2.0,-9.0,2.0,-9.0,2.0,-10.0,3.0,-9.0,4.0,-9.0,4.0,-9.0,4.0,-8.0,4.0,-7.0,5.0,-6.0,5.0,-6.0,5.0,-5.0,6.0,-6.0,6.0,-6.0,7.0,-6.0,8.0,-5.0,8.0,-4.0,9.0,-5.0,10.0,-5.0,11.0,-3.0,12.0,-4.0,13.0,-4.0,14.0,-4.0,13.0,-4.0,13.0,-4.0,14.0,-4.0,15.0,-3.0,15.0,-3.0,15.0,-2.0,16.0,-2.0,16.0,-3.0,16.0,-4.0,17.0,-4.0,18.0,-3.0,18.0,-3.0,19.0,-3.0,20.0,-4.0,19.0,-4.0,19.0,-5.0,19.0,-5.0,19.0,-6.0,19.0,-7.0,19.0,-8.0,19.0,-8.0,17.0,-9.0,16.0
-2.0,12.0,-2.0,12.0,-1.0,12.0,-2.0,13.0,-2.0,12.0,-2.0,11.0,-1.0,10.0,0.0,10.0,0.0,10.0,0.0,10.0,0.0,10.0,1.0,10.0,1.0,9.0,1.0,9.0,2.0,8.0,3.0,8.0,4.0,8.0,4.0,7.0,4.0,7.0,5.0,7.0,5.0,7.0,6.0,7.0,6.0,6.0,7.0,6.0,9.0,7.0,10.0,7.0,12.0,6.0,12.0,7.0,13.0,6.0,13.0,6.0,13.0,6.0,13.0,6.0,14.0,6.0,15.0,6.0,16.0,6.0,17.0,5.0,17.0,6.0,16.0,6.0,16.0,6.0,18.0,6.0,19.0,6.0,20.0,6.0,21.0,7.0,20.0,7.0,20.0,8.0,20.0,8.0,20.0,9.0,20.0,9.0,19.0,10.0,19.0,11.0,17.0,12.0,17.0,12.0
-14.0,-4.0,-14.0,-3.0,-15.0,-3.0,-15.0,-3.0,-14.0,-4.0,-13.0,-3.0,-13.0,-2.0,-12.0,-1.0,-12.0,-1.0,-12.0,-1.0,-13.0,-1.0,-13.0,0.0,-12.0,0.0,-12.0,0.0,-11.0,1.0,-11.0,3.0,-10.0,3.0,-10.0,3.0,-9.0,4.0,-9.0,5.0,-10.0,5.0,-10.0,6.0,-9.0,6.0,-9.0,8.0,-10.0,9.0,-11.0,9.0,-10.0,12.0,-11.0,13.0,-11.0,14.0,-10.0,13.0,-10.0,13.0,-10.0,14.0,-10.0,15.0,-10.0,16.0,-9.0,16.0,-9.0,17.0,-11.0,17.0,-12.0,16.0,-12.0,17.0,-11.0,18.0,-11.0,19.0,-11.0,21.0,-12.0,22.0,-12.0,21.0,-12.0,20.0,-13.0,20.0,-13.0,20.0,-14.0,20.0,-16.0,20.0,-17.0,18.0,-18.0,17.0,-17.0,15.0
11.0,-6.0,10.0,-7.0,11.0,-8.0,11.0,-7.0,11.0,-6.0,9.0,-6.0,9.0,-6.0,8.0,-6.0,8.0,-6.0,8.0,-7.0,8.0,-7.0,8.0,-8.0,8.0,-8.0,7.0,-7.0,6.0,-7.0,5.0,-9.0,4.0,-9.0,4.0,-9.0,3.0,-9.0,4.0,-9.0,4.0,-10.0,3.0,-10.0,2.0,-10.0,1.0,-11.0,1.0,-13.0,1.0,-13.0,-1.0,-14.0,-1.0,-15.0,-1.0,-16.0,-2.0,-16.0,-1.0,-16.0,-1.0,-16.0,-2.0,-16.0,-2.0,-17.0,-3.0,-17.0,-4.0,-18.0,-3.0,-19.0,-2.0,-18.0,-2.0,-19.0,-3.0,-19.0,-4.0,-20.0,-5.0,-21.0,-5.0,-22.0,-4.0,-22.0,-4.0,-22.0,-4.0,-22.0,-3.0,-22.0,-2.0,-22.0,-1.0,-23.0,0.0,-23.0,1.0,-22.0,2.0,-21.0
11.0,4.0,11.0,3.0,12.0,2.0,12.0,3.0,11.0,3.0,10.0,3.0,9.0,2.0,9.0,2.0,9.0,1.0,9.0,1.0,10.0,2.0,11.0,1.0,10.0,0.0,9.0,0.0,9.0,0.0,9.0,-1.0,9.0,-2.0,8.0,-2.0,8.0,-3.0,8.0,-3.0,9.0,-4.0,9.0,-4.0,8.0,-4.0,9.0,-6.0,10.0,-7.0,10.0,-7.0,10.0,-9.0,11.0,-9.0,11.0,-10.0,11.0,-9.0,10.0,-9.0,11.0,-10.0,11.0,-11.0,11.0,-11.0,11.0,-11.0,11.0,-12.0,11.0,-12.0,12.0,-11.0,12.0,-12.0,12.0,-13.0,12.0,-13.0,13.0,-14.0,13.0,-15.0,13.0,-14.0,13.0,-13.0,14.0,-13.0,14.0,-13.0,15.0,-13.0,16.0,-12.0,16.0,-11.0,16.0,-10.0,16.0,-9.0
3.0,-13.0,2.0,-13.0,2.0,-14.0,3.0,-14.0,4.0,-13.0,3.0,-12.0,2.0,-12.0,1.0,-12.0,1.0,-12.0,1.0,-12.0,1.0,-13.0,1.0,-13.0,0.0,-12.0,0.0,-12.0,0.0,-11.0,-2.0,-12.0,-3.0,-11.0,-3.0,-10.0,-4.0,-10.0,-4.0,-10.0,-4.0,-11.0,-5.0,-11.0,-5.0,-10.0,-6.0,-11.0,-8.0,-12.0,-8.0,-13.0,-11.0,-11.0,-11.0,-12.0,-12.0,-13.0,-12.0,-12.0,-11.0,-12.0,-12.0,-12.0,-13.0,-12.0,-13.0,-12.0,-14.0,-12.0,-15.0,-13.0,-14.0,-13.0,-13.0,-14.0,-14.0,-13.0,-15.0,-13.0,-16.0,-13.0,-18.0,-14.0,-18.0,-14.0,-17.0,-14.0,-17.0,-14.0,-17.0,-14.0,-17.0,-15.0,-17.0,-15.0,-15.0,-16.0,-14.0,-17.0,-13.0,-18.0,-12.0,-18.0
11.0,4.0,11.0,3.0,12.0,2.0,12.0,3.0,11.0,3.0,10.0,3.0,10.0,2.0,10.0,2.0,10.0,1.0,10.0,2.0,11.0,2.0,11.0,1.0,11.0,0.0,10.0,0.0,10.0,0.0,10.0,-2.0,10.0,-2.0,9.0,-2.0,9.0,-3.0,9.0,-3.0,10.0,-3.0,10.0,-4.0,9.0,-4.0,10.0,-6.0,11.0,-7.0,11.0,-7.0,11.0,-9.0,12.0,-9.0,12.0,-10.0,12.0,-10.0,12.0,-9.0,12.0,-10.0,12.0,-11.0,12.0,-11.0,12.0,-11.0,12.0,-12.0,13.0,-12.0,13.0,-11.0,13.0,-12.0,13.0,-13.0,13.0,-13.0,14.0,-14.0,14.0,-14.0,14.0,-14.0,14.0,-13.0,15.0,-13.0,15.0,-13.0,16.0,-13.0,17.0,-12.0,17.0,-11.0,17.0,-9.0,16.0,-8.0
10.0,7.0,10.0,6.0,11.0,6.0,11.0,7.0,10.0,7.0,9.0,6.0,9.0,5.0,9.0,5.0,9.0,4.0,10.0,4.0,10.0,5.0,11.0,4.0,11.0,3.0,10.0,4.0,10.0,3.0,10.0,2.0,10.0,1.0,10.0,1.0,10.0,0.0,10.0,0.0,10.0,0.0,11.0,-1.0,10.0,-1.0,11.0,-3.0,12.0,-3.0,13.0,-3.0,13.0,-5.0,14.0,-5.0,15.0,-6.0,15.0,-6.0,14.0,-6.0,14.0,-7.0,14.0,-7.0,15.0,-7.0,15.0,-8.0,16.0,-8.0,16.0,-8.0,16.0,-7.0,16.0,-7.0,17.0,-8.0,17.0,-9.0,18.0,-9.0,19.0,-9.0,19.0,-8.0,18.0,-8.0,18.0,-8.0,19.0,-8.0,19.0,-7.0,20.0,-7.0,20.0,-5.0,19.0,-3.0,18.0,-2.0
-8.0,-11.0,-9.0,-10.0,-9.0,-10.0,-9.0,-11.0,-8.0,-11.0,-8.0,-10.0,-8.0,-9.0,-8.0,-8.0,-8.0,-8.0,-9.0,-8.0,-9.0,-9.0,-10.0,-8.0,-10.0,-7.0,-9.0,-7.0,-9.0,-7.0,-10.0,-6.0,-11.0,-5.0,-10.0,-4.0,-10.0,-4.0,-10.0,-4.0,-11.0,-4.0,-11.0,-4.0,-11.0,-3.0,-12.0,-2.0,-14.0,-2.0,-15.0,-2.0,-15.0,0.0,-17.0,0.0,-17.0,0.0,-17.0,0.0,-16.0,0.0,-17.0,1.0,-17.0,2.0,-18.0,2.0,-18.0,2.0,-19.0,2.0,-19.0,2.0,-19.0,1.0,-19.0,1.0,-20.0,2.0,-20.0,2.0,-21.0,3.0,-22.0,3.0,-21.0,2.0,-21.0,1.0,-21.0,1.0,-22.0,1.0,-22.0,0.0,-22.0,0.0,-22.0,-2.0,-21.0,-4.0,-20.0,-4.0
-6.0,11.0,-5.0,11.0,-5.0,12.0,-6.0,12.0,-6.0,11.0,-5.0,10.0,-4.0,10.0,-4.0,10.0,-3.0,10.0,-3.0,10.0,-3.0,11.0,-3.0,12.0,-2.0,11.0,-3.0,10.0,-2.0,10.0,0.0,11.0,1.0,10.0,1.0,10.0,1.0,10.0,1.0,10.0,1.0,10.0,2.0,11.0,2.0,10.0,4.0,10.0,5.0,12.0,5.0,13.0,8.0,12.0,7.0,13.0,8.0,14.0,8.0,14.0,7.0,13.0,8.0,13.0,9.0,13.0,9.0,14.0,10.0,14.0,11.0,15.0,11.0,15.0,9.0,15.0,9.0,15.0,10.0,16.0,12.0,16.0,13.0,17.0,12.0,17.0,12.0,17.0,12.0,17.0,11.0,17.0,11.0,18.0,10.0,18.0,9.0,19.0,8.0,19.0,6.0,19.0,5.0,18.0
-1.0,-12.0,-2.0,-12.0,-2.0,-12.0,-1.0,-13.0,-1.0,-12.0,-1.0,-11.0,-2.0,-11.0,-3.0,-10.0,-3.0,-10.0,-3.0,-10.0,-3.0,-11.0,-4.0,-11.0,-4.0,-10.0,-4.0,-10.0,-4.0,-9.0,-6.0,-9.0,-6.0,-8.0,-6.0,-8.0,-6.0,-7.0,-7.0,-7.0,-7.0,-8.0,-8.0,-8.0,-8.0,-7.0,-9.0,-7.0,-11.0,-7.0,-11.0,-8.0,-13.0,-6.0,-13.0,-7.0,-14.0,-7.0,-14.0,-7.0,-13.0,-7.0,-14.0,-6.0,-15.0,-6.0,-15.0,-6.0,-16.0,-6.0,-17.0,-6.0,-17.0,-7.0,-16.0,-7.0,-16.0,-7.0,-17.0,-7.0,-18.0,-7.0,-19.0,-7.0,-20.0,-7.0,-19.0,-8.0,-18.0,-8.0,-18.0,-8.0,-18.0,-8.0,-18.0,-9.0,-18.0,-9.0,-17.0,-10.0,-16.0,-11.0,-15.0,-11.0
-5.0,-13.0,-6.0,-13.0,-6.0,-13.0,-6.0,-13.0,-5.0,-13.0,-5.0,-12.0,-6.0,-11.0,-6.0,-10.0,-6.0,-10.0,-6.0,-10.0,-7.0,-11.0,-8.0,-11.0,-8.0,-10.0,-7.0,-9.0,-8.0,-9.0,-9.0,-8.0,-10.0,-7.0,-9.0,-7.0,-9.0,-6.0,-10.0,-6.0,-10.0,-6.0,-11.0,-6.0,-11.0,-5.0,-12.0,-4.0,-14.0,-5.0,-15.0,-5.0,-16.0,-3.0,-17.0,-3.0,-18.0,-3.0,-18.0,-3.0,-17.0,-3.0,-18.0,-2.0,-18.0,-2.0,-19.0,-2.0,-19.0,-1.0,-20.0,-1.0,-21.0,-2.0,-20.0,-3.0,-20.0,-2.0,-21.0,-2.0,-22.0,-2.0,-23.0,-1.0,-24.0,-1.0,-24.0,-2.0,-23.0,-3.0,-23.0,-3.0,-23.0,-4.0,-22.0,-4.0,-22.0,-5.0,-22.0,-6.0,-21.0,-8.0,-20.0,-8.0
-10.0,6.0,-10.0,6.0,-10.0,7.0,-10.0,7.0,-10.0,6.0,-9.0,6.0,-8.0,6.0,-8.0,6.0,-7.0,6.0,-8.0,7.0,-8.0,7.0,-7.0,8.0,-7.0,8.0,-7.0,7.0,-6.0,7.0,-5.0,8.0,-4.0,8.0,-3.0,8.0,-3.0,8.0,-3.0,9.0,-4.0,9.0,-3.0,10.0,-2.0,10.0,-1.0,10.0,-1.0,12.0,0.0,12.0,2.0,13.0,1.0,14.0,1.0,15.0,2.0,14.0,1.0,14.0,2.0,15.0,2.0,15.0,3.0,16.0,4.0,16.0,4.0,17.0,4.0,17.0,2.0,17.0,2.0,17.0,3.0,18.0,4.0,18.0,5.0,19.0,4.0,20.0,4.0,20.0,4.0,19.0,3.0,19.0,2.0,20.0,2.0,20.0,1.0,20.0,0.0,20.0,-1.0,19.0,-2.0,18.0
-14.0,1.0,-13.0,2.0,-14.0,2.0,-14.0,2.0,-13.0,1.0,-12.0,1.0,-12.0,2.0,-11.0,2.0,-11.0,3.0,-11.0,3.0,-12.0,3.0,-12.0,4.0,-11.0,5.0,-11.0,4.0,-10.0,5.0,-9.0,6.0,-8.0,6.0,-8.0,6.0,-7.0,7.0,-8.0,7.0,-8.0,8.0,-8.0,9.0,-7.0,9.0,-6.0,10.0,-7.0,12.0,-7.0,12.0,-5.0,14.0,-6.0,15.0,-6.0,16.0,-5.0,16.0,-6.0,15.0,-5.0,16.0,-5.0,17.0,-5.0,17.0,-4.0,18.0,-4.0,19.0,-5.0,19.0,-6.0,18.0,-6.0,19.0,-5.0,20.0,-5.0,21.0,-4.0,22.0,-5.0,23.0,-5.0,22.0,-5.0,22.0,-6.0,22.0,-7.0,22.0,-8.0,22.0,-9.0,22.0,-10.0,21.0,-11.0,19.0,-11.0,18.0
10.0,-11.0,9.0,-11.0,9.0,-12.0,10.0,-12.0,9.0,-11.0,8.0,-10.0,7.0,-10.0,6.0,-10.0,6.0,-10.0,6.0,-10.0,6.0,-11.0,6.0,-12.0,5.0,-12.0,5.0,-11.0,4.0,-11.0,2.0,-12.0,1.0,-12.0,1.0,-11.0,0.0,-11.0,0.0,-11.0,0.0,-12.0,-1.0,-12.0,-2.0,-12.0,-3.0,-13.0,-3.0,-15.0,-4.0,-16.0,-7.0,-16.0,-7.0,-17.0,-8.0,-17.0,-8.0,-17.0,-7.0,-17.0,-8.0,-17.0,-9.0,-17.0,-9.0,-18.0,-10.0,-18.0,-11.0,-19.0,-10.0,-20.0,-9.0,-20.0,-9.0,-20.0,-11.0,-20.0,-12.0,-21.0,-13.0,-22.0,-13.0,-22.0,-12.0,-22.0,-12.0,-22.0,-12.0,-23.0,-11.0,-23.0,-10.0,-24.0,-9.0,-24.0,-8.0,-24.0,-6.0,-24.0,-5.0,-23.0
-6.0,-13.0,-6.0,-13.0,-7.0,-13.0,-6.0,-14.0,-5.0,-13.0,-5.0,-12.0,-6.0,-11.0,-6.0,-11.0,-6.0,-10.0,-6.0,-10.0,-7.0,-11.0,-8.0,-11.0,-7.0,-10.0,-7.0,-9.0,-7.0,-9.0,-8.0,-8.0,-9.0,-7.0,-8.0,-6.0,-9.0,-6.0,-9.0,-6.0,-10.0,-6.0,-10.0,-6.0,-10.0,-5.0,-11.0,-4.0,-13.0,-4.0,-14.0,-4.0,-15.0,-3.0,-16.0,-3.0,-17.0,-3.0,-17.0,-3.0,-16.0,-3.0,-17.0,-2.0,-17.0,-2.0,-18.0,-2.0,-19.0,-1.0,-19.0,-1.0,-20.0,-2.0,-19.0,-3.0,-20.0,-2.0,-21.0,-2.0,-21.0,-2.0,-23.0,-1.0,-23.0,-1.0,-23.0,-2.0,-23.0,-3.0,-22.0,-3.0,-23.0,-4.0,-22.0,-4.0,-22.0,-5.0,-22.0,-6.0,-21.0,-8.0,-20.0,-8.0
-6.0,10.0,-5.0,10.0,-5.0,11.0,-6.0,11.0,-6.0,10.0,-5.0,9.0,-5.0,9.0,-4.0,9.0,-4.0,9.0,-4.0,9.0,-4.0,10.0,-3.0,10.0,-3.0,10.0,-3.0,9.0,-3.0,9.0,-1.0,9.0,0.0,9.0,0.0,8.0,0.0,8.0,0.0,8.0,0.0,9.0,1.0,9.0,2.0,9.0,3.0,9.0,4.0,10.0,4.0,11.0,6.0,10.0,6.0,11.0,7.0,11.0,7.0,11.0,6.0,11.0,7.0,11.0,8.0,11.0,8.0,12.0,9.0,12.0,10.0,12.0,10.0,13.0,9.0,13.0,9.0,13.0,10.0,13.0,11.0,14.0,12.0,14.0,12.0,15.0,11.0,15.0,11.0,15.0,11.0,15.0,11.0,15.0,10.0,16.0,9.0,17.0,8.0,17.0,7.0,17.0,6.0,16.0
7.0,12.0,7.0,11.0,8.0,11.0,7.0,12.0,6.0,12.0,6.0,11.0,6.0,10.0,7.0,9.0,6.0,9.0,6.0,9.0,7.0,10.0,8.0,9.0,8.0,8.0,7.0,8.0,7.0,8.0,8.0,7.0,8.0,6.0,8.0,5.0,8.0,4.0,8.0,4.0,9.0,4.0,9.0,4.0,9.0,3.0,10.0,2.0,12.0,2.0,13.0,2.0,14.0,0.0,15.0,1.0,15.0,0.0,15.0,0.0,15.0,0.0,15.0,0.0,16.0,-1.0,16.0,-1.0,17.0,-2.0,18.0,-2.0,18.0,-1.0,17.0,-1.0,18.0,-1.0,19.0,-1.0,19.0,-1.0,20.0,-2.0,21.0,-2.0,21.0,-2.0,21.0,-1.0,21.0,-1.0,21.0,-1.0,21.0,0.0,21.0,1.0,21.0,2.0,20.0,4.0,20.0,4.0
13.0,-6.0,13.0,-7.0,14.0,-8.0,15.0,-7.0,14.0,-6.0,12.0,-5.0,12.0,-6.0,11.0,-6.0,11.0,-6.0,11.0,-6.0,12.0,-7.0,12.0,-8.0,11.0,-8.0,11.0,-7.0,10.0,-7.0,9.0,-8.0,8.0,-8.0,7.0,-8.0,6.0,-9.0,7.0,-9.0,8.0,-9.0,7.0,-10.0,6.0,-10.0,5.0,-12.0,6.0,-13.0,6.0,-14.0,4.0,-15.0,5.0,-16.0,5.0,-17.0,4.0,-17.0,5.0,-16.0,5.0,-17.0,4.0,-18.0,4.0,-18.0,4.0,-18.0,3.0,-19.0,4.0,-20.0,4.0,-19.0,5.0,-20.0,4.0,-21.0,4.0,-21.0,4.0,-22.0,4.0,-23.0,4.0,-23.0,5.0,-22.0,5.0,-22.0,6.0,-22.0,7.0,-22.0,8.0,-22.0,9.0,-22.0,10.0,-20.0,10.0,-19.0
-7.0,12.0,-7.0,12.0,-7.0,13.0,-8.0,13.0,-8.0,12.0,-7.0,11.0,-6.0,11.0,-6.0,11.0,-6.0,11.0,-6.0,11.0,-6.0,12.0,-5.0,12.0,-5.0,11.0,-5.0,10.0,-5.0,10.0,-3.0,11.0,-2.0,11.0,-2.0,10.0,-1.0,10.0,-2.0,10.0,-2.0,10.0,-1.0,11.0,0.0,10.0,1.0,11.0,2.0,12.0,2.0,13.0,4.0,13.0,4.0,14.0,4.0,15.0,4.0,14.0,4.0,14.0,5.0,14.0,5.0,14.0,6.0,15.0,6.0,15.0,7.0,15.0,7.0,16.0,6.0,15.0,6.0,16.0,7.0,16.0,7.0,17.0,8.0,18.0,8.0,19.0,8.0,18.0,8.0,18.0,8.0,18.0,7.0,19.0,6.0,19.0,5.0,19.0,4.0,20.0,3.0,19.0,2.0,19.0
7.0,10.0,7.0,9.0,8.0,9.0,7.0,10.0,6.0,10.0,6.0,9.0,6.0,9.0,7.0,8.0,6.0,8.0,6.0,8.0,7.0,9.0,7.0,9.0,7.0,8.0,6.0,7.0,7.0,7.0,8.0,6.0,8.0,5.0,7.0,5.0,7.0,4.0,8.0,4.0,8.0,5.0,8.0,4.0,8.0,4.0,9.0,3.0,11.0,3.0,11.0,3.0,12.0,1.0,13.0,2.0,13.0,2.0,13.0,1.0,13.0,2.0,13.0,1.0,14.0,1.0,14.0,1.0,15.0,1.0,16.0,0.0,16.0,1.0,15.0,2.0,15.0,1.0,16.0,1.0,17.0,1.0,17.0,0.0,18.0,1.0,18.0,1.0,17.0,1.0,17.0,1.0,17.0,2.0,18.0,2.0,18.0,3.0,17.0,4.0,16.0,5.0,15.0,6.0
-6.0,-15.0,-6.0,-15.0,-7.0,-15.0,-6.0,-16.0,-5.0,-15.0,-5.0,-14.0,-5.0,-14.0,-6.0,-13.0,-6.0,-13.0,-6.0,-13.0,-7.0,-14.0,-7.0,-14.0,-7.0,-13.0,-6.0,-12.0,-6.0,-12.0,-8.0,-11.0,-9.0,-10.0,-8.0,-9.0,-8.0,-9.0,-9.0,-9.0,-9.0,-10.0,-9.0,-9.0,-10.0,-9.0,-11.0,-8.0,-13.0,-9.0,-13.0,-9.0,-15.0,-7.0,-16.0,-8.0,-17.0,-8.0,-17.0,-8.0,-16.0,-8.0,-17.0,-8.0,-17.0,-7.0,-17.0,-7.0,-18.0,-7.0,-19.0,-7.0,-19.0,-8.0,-18.0,-8.0,-19.0,-8.0,-20.0,-8.0,-21.0,-8.0,-22.0,-8.0,-23.0,-8.0,-22.0,-9.0,-21.0,-9.0,-21.0,-10.0,-21.0,-10.0,-21.0,-11.0,-20.0,-12.0,-20.0,-13.0,-18.0,-14.0,-17.0,-14.0
-11.0,9.0,-10.0,10.0,-10.0,10.0,-11.0,10.0,-11.0,9.0,-10.0,8.0,-9.0,8.0,-9.0,9.0,-8.0,9.0,-9.0,9.0,-9.0,9.0,-9.0,10.0,-8.0,10.0,-9.0,9.0,-8.0,9.0,-6.0,10.0,-5.0,10.0,-5.0,9.0,-5.0,9.0,-5.0,9.0,-5.0,10.0,-5.0,11.0,-4.0,10.0,-3.0,11.0,-3.0,13.0,-2.0,14.0,-1.0,14.0,-1.0,15.0,-1.0,16.0,-1.0,16.0,-1.0,15.0,-1.0,16.0,0.0,16.0,0.0,17.0,1.0,17.0,2.0,18.0,1.0,18.0,0.0,17.0,0.0,18.0,0.0,19.0,1.0,19.0,1.0,20.0,1.0,21.0,0.0,20.0,0.0,20.0,0.0,20.0,0.0,20.0,-2.0,20.0,-3.0,21.0,-4.0,20.0,-5.0,19.0,-5.0,19.0
-12.0,7.0,-11.0,8.0,-11.0,9.0,-12.0,9.0,-12.0,8.0,-11.0,7.0,-10.0,7.0,-10.0,8.0,-10.0,8.0,-10.0,8.0,-10.0,8.0,-10.0,9.0,-9.0,9.0,-9.0,8.0,-8.0,8.0,-7.0,9.0,-6.0,9.0,-6.0,9.0,-5.0,9.0,-5.0,9.0,-5.0,10.0,-5.0,10.0,-4.0,10.0,-3.0,11.0,-3.0,13.0,-3.0,13.0,-1.0,15.0,-1.0,16.0,-1.0,16.0,-1.0,16.0,-1.0,15.0,-1.0,16.0,0.0,17.0,0.0,17.0,0.0,17.0,1.0,18.0,0.0,18.0,-1.0,18.0,-1.0,18.0,0.0,19.0,1.0,19.0,1.0,20.0,1.0,21.0,0.0,21.0,0.0,20.0,0.0,20.0,-1.0,21.0,-1.0,21.0,-3.0,21.0,-4.0,21.0,-5.0,19.0,-5.0,18.0
12.0,6.0,12.0,5.0,13.0,5.0,13.0,6.0,12.0,6.0,11.0,5.0,11.0,5.0,11.0,4.0,10.0,4.0,11.0,4.0,11.0,4.0,12.0,3.0,12.0,3.0,11.0,3.0,11.0,2.0,11.0,1.0,11.0,0.0,10.0,0.0,10.0,-1.0,10.0,-1.0,11.0,-1.0,11.0,-2.0,11.0,-2.0,11.0,-4.0,13.0,-5.0,13.0,-5.0,13.0,-7.0,14.0,-7.0,15.0,-8.0,14.0,-8.0,14.0,-7.0,14.0,-8.0,14.0,-9.0,15.0,-9.0,15.0,-9.0,15.0,-10.0,16.0,-9.0,16.0,-9.0,16.0,-9.0,17.0,-10.0,17.0,-10.0,18.0,-11.0,18.0,-12.0,18.0,-11.0,18.0,-10.0,18.0,-10.0,19.0,-9.0,19.0,-9.0,20.0,-8.0,20.0,-7.0,19.0,-5.0,19.0,-5.0
-7.0,-13.0,-8.0,-12.0,-8.0,-12.0,-8.0,-13.0,-7.0,-12.0,-7.0,-11.0,-7.0,-11.0,-7.0,-10.0,-7.0,-10.0,-8.0,-10.0,-8.0,-11.0,-9.0,-10.0,-9.0,-10.0,-8.0,-9.0,-8.0,-9.0,-9.0,-8.0,-10.0,-7.0,-9.0,-6.0,-9.0,-5.0,-10.0,-6.0,-10.0,-6.0,-11.0,-6.0,-11.0,-5.0,-12.0,-4.0,-14.0,-4.0,-14.0,-4.0,-15.0,-2.0,-16.0,-3.0,-17.0,-2.0,-17.0,-2.0,-16.0,-2.0,-17.0,-2.0,-17.0,-1.0,-18.0,-1.0,-19.0,-1.0,-20.0,-1.0,-20.0,-1.0,-19.0,-2.0,-20.0,-2.0,-20.0,-1.0,-21.0,-1.0,-22.0,-1.0,-23.0,-1.0,-22.0,-2.0,-22.0,-2.0,-22.0,-3.0,-22.0,-3.0,-22.0,-4.0,-22.0,-4.0,-21.0,-6.0,-20.0,-7.0,-19.0,-7.0
10.0,-13.0,9.0,-14.0,9.0,-15.0,11.0,-14.0,10.0,-13.0,9.0,-12.0,8.0,-12.0,7.0,-12.0,7.0,-12.0,8.0,-13.0,8.0,-13.0,7.0,-14.0,7.0,-14.0,7.0,-13.0,6.0,-13.0,4.0,-14.0,3.0,-14.0,2.0,-13.0,2.0,-13.0,2.0,-13.0,2.0,-14.0,1.0,-14.0,0.0,-14.0,-1.0,-15.0,-2.0,-17.0,-2.0,-18.0,-5.0,-18.0,-5.0,-20.0,-5.0,-21.0,-5.0,-20.0,-5.0,-19.0,-5.0,-20.0,-6.0,-21.0,-6.0,-21.0,-7.0,-22.0,-8.0,-23.0,-7.0,-23.0,-6.0,-23.0,-6.0,-23.0,-7.0,-24.0,-8.0,-25.0,-9.0,-26.0,-9.0,-26.0,-8.0,-26.0,-8.0,-26.0,-7.0,-26.0,-6.0,-27.0,-5.0,-27.0,-4.0,-28.0,-3.0,-28.0,-1.0,-27.0,0.0,-26.0
7.0,12.0,7.0,11.0,8.0,11.0,7.0,12.0,6.0,11.0,6.0,10.0,6.0,10.0,7.0,9.0,7.0,9.0,7.0,9.0,7.0,10.0,8.0,9.0,8.0,8.0,7.0,8.0,7.0,8.0,8.0,7.0,9.0,6.0,8.0,5.0,8.0,4.0,8.0,4.0,9.0,4.0,10.0,4.0,10.0,3.0,11.0,2.0,12.0,2.0,13.0,2.0,14.0,0.0,15.0,0.0,15.0,0.0,15.0,0.0,15.0,0.0,15.0,-1.0,16.0,-1.0,16.0,-1.0,17.0,-2.0,18.0,-2.0,18.0,-1.0,18.0,0.0,17.0,-1.0,18.0,-1.0,19.0,-1.0,20.0,-2.0,21.0,-2.0,21.0,-1.0,20.0,-1.0,20.0,-1.0,21.0,0.0,21.0,0.0,21.0,1.0,21.0,3.0,20.0,4.0,18.0,5.0
-6.0,-13.0,-6.0,-13.0,-7.0,-13.0,-7.0,-14.0,-6.0,-13.0,-5.0,-12.0,-6.0,-12.0,-6.0,-11.0,-6.0,-11.0,-6.0,-11.0,-6.0,-12.0,-7.0,-12.0,-7.0,-11.0,-7.0,-10.0,-7.0,-10.0,-8.0,-9.0,-8.0,-9.0,-8.0,-8.0,-8.0,-7.0,-8.0,-7.0,-9.0,-7.0,-9.0,-7.0,-9.0,-6.0,-11.0,-6.0,-12.0,-6.0,-12.0,-6.0,-14.0,-5.0,-15.0,-5.0,-16.0,-5.0,-16.0,-5.0,-15.0,-5.0,-16.0,-4.0,-16.0,-4.0,-16.0,-4.0,-17.0,-4.0,-18.0,-4.0,-18.0,-5.0,-18.0,-5.0,-18.0,-5.0,-19.0,-4.0,-20.0,-4.0,-21.0,-4.0,-21.0,-4.0,-21.0,-5.0,-20.0,-5.0,-20.0,-6.0,-21.0,-6.0,-21.0,-7.0,-21.0,-8.0,-20.0,-9.0,-18.0,-10.0,-17.0,-11.0
-2.0,14.0,-1.0,14.0,-1.0,15.0,-2.0,16.0,-2.0,14.0,-2.0,13.0,-1.0,13.0,0.0,13.0,0.0,13.0,0.0,13.0,0.0,13.0,1.0,14.0,1.0,13.0,0.0,12.0,0.0,12.0,2.0,12.0,3.0,11.0,3.0,10.0,3.0,9.0,3.0,10.0,4.0,10.0,4.0,10.0,5.0,10.0,6.0,9.0,8.0,11.0,8.0,11.0,10.0,10.0,10.0,11.0,11.0,11.0,11.0,11.0,11.0,11.0,12.0,10.0,13.0,10.0,13.0,11.0,14.0,11.0,15.0,11.0,14.0,12.0,13.0,12.0,14.0,12.0,15.0,12.0,16.0,13.0,17.0,13.0,17.0,14.0,17.0,14.0,16.0,14.0,16.0,14.0,16.0,15.0,15.0,15.0,15.0,16.0,14.0,17.0,12.0,17.0,11.0,17.0
15.0,-7.0,15.0,-8.0,15.0,-9.0,17.0,-8.0,15.0,-7.0,14.0,-6.0,13.0,-7.0,12.0,-7.0,12.0,-7.0,13.0,-7.0,13.0,-8.0,13.0,-9.0,13.0,-9.0,12.0,-8.0,12.0,-8.0,10.0,-9.0,9.0,-10.0,8.0,-9.0,8.0,-10.0,8.0,-10.0,9.0,-10.0,8.0,-11.0,7.0,-11.0,6.0,-12.0,7.0,-14.0,7.0,-15.0,5.0,-17.0,6.0,-18.0,5.0,-19.0,5.0,-18.0,5.0,-18.0,5.0,-18.0,4.0,-19.0,4.0,-19.0,4.0,-20.0,3.0,-21.0,4.0,-21.0,5.0,-21.0,5.0,-21.0,5.0,-22.0,4.0,-23.0,4.0,-25.0,4.0,-25.0,5.0,-24.0,5.0,-24.0,6.0,-24.0,6.0,-24.0,8.0,-24.0,9.0,-24.0,10.0,-23.0,10.0,-22.0,11.0,-21.0
-16.0,-7.0,-17.0,-6.0,-17.0,-6.0,-18.0,-7.0,-16.0,-7.0,-15.0,-7.0,-15.0,-6.0,-15.0,-5.0,-15.0,-5.0,-15.0,-5.0,-16.0,-6.0,-16.0,-5.0,-16.0,-4.0,-15.0,-4.0,-14.0,-4.0,-15.0,-2.0,-14.0,-1.0,-13.0,-1.0,-13.0,0.0,-13.0,0.0,-14.0,0.0,-14.0,1.0,-13.0,1.0,-14.0,3.0,-16.0,4.0,-16.0,4.0,-16.0,7.0,-17.0,7.0,-17.0,8.0,-17.0,8.0,-16.0,8.0,-16.0,9.0,-17.0,10.0,-17.0,10.0,-18.0,10.0,-18.0,11.0,-18.0,10.0,-19.0,9.0,-19.0,10.0,-19.0,11.0,-20.0,12.0,-20.0,13.0,-21.0,14.0,-20.0,13.0,-20.0,12.0,-21.0,12.0,-22.0,11.0,-23.0,11.0,-24.0,10.0,-24.0,8.0,-23.0,6.0,-23.0,5.0
-5.0,-16.0,-5.0,-15.0,-6.0,-15.0,-5.0,-16.0,-4.0,-15.0,-4.0,-14.0,-5.0,-14.0,-5.0,-13.0,-5.0,-13.0,-5.0,-13.0,-6.0,-14.0,-6.0,-14.0,-6.0,-13.0,-5.0,-13.0,-5.0,-12.0,-7.0,-12.0,-8.0,-11.0,-7.0,-10.0,-7.0,-9.0,-8.0,-9.0,-8.0,-10.0,-8.0,-9.0,-9.0,-9.0,-10.0,-8.0,-12.0,-9.0,-13.0,-9.0,-14.0,-8.0,-15.0,-8.0,-16.0,-8.0,-15.0,-8.0,-15.0,-8.0,-16.0,-7.0,-16.0,-7.0,-16.0,-7.0,-17.0,-7.0,-18.0,-7.0,-18.0,-8.0,-18.0,-8.0,-18.0,-8.0,-19.0,-8.0,-20.0,-8.0,-21.0,-8.0,-21.0,-8.0,-21.0,-9.0,-21.0,-9.0,-20.0,-10.0,-20.0,-10.0,-20.0,-11.0,-20.0,-11.0,-19.0,-12.0,-18.0,-13.0,-17.0,-14.0
7.0,15.0,8.0,14.0,9.0,15.0,8.0,16.0,7.0,15.0,7.0,14.0,7.0,13.0,8.0,13.0,7.0,12.0,8.0,13.0,8.0,13.0,9.0,13.0,9.0,12.0,8.0,12.0,8.0,11.0,9.0,10.0,10.0,9.0,9.0,8.0,9.0,7.0,10.0,7.0,10.0,8.0,11.0,7.0,11.0,6.0,12.0,5.0,14.0,6.0,15.0,6.0,17.0,4.0,17.0,4.0,18.0,4.0,18.0,4.0,17.0,4.0,18.0,3.0,19.0,3.0,19.0,3.0,20.0,3.0,21.0,2.0,21.0,3.0,20.0,4.0,21.0,3.0,22.0,3.0,23.0,3.0,24.0,3.0,25.0,3.0,24.0,4.0,24.0,4.0,24.0,4.0,24.0,5.0,24.0,5.0,24.0,7.0,23.0,8.0,21.0,10.0,20.0,10.0
-16.0,2.0,-15.0,3.0,-16.0,4.0,-16.0,3.0,-15.0,2.0,-14.0,2.0,-14.0,3.0,-13.0,3.0,-13.0,3.0,-14.0,3.0,-14.0,3.0,-14.0,4.0,-14.0,5.0,-13.0,4.0,-12.0,4.0,-12.0,6.0,-11.0,6.0,-10.0,6.0,-10.0,6.0,-10.0,6.0,-10.0,7.0,-10.0,8.0,-9.0,8.0,-9.0,9.0,-9.0,11.0,-10.0,11.0,-8.0,13.0,-9.0,14.0,-9.0,15.0,-8.0,15.0,-8.0,14.0,-8.0,15.0,-8.0,16.0,-8.0,16.0,-8.0,17.0,-8.0,17.0,-9.0,17.0,-10.0,17.0,-10.0,17.0,-9.0,18.0,-9.0,19.0,-9.0,20.0,-9.0,21.0,-10.0,20.0,-10.0,20.0,-10.0,19.0,-11.0,19.0,-12.0,19.0,-14.0,19.0,-14.0,18.0,-15.0,16.0,-15.0,15.0
-10.0,11.0,-9.0,11.0,-9.0,12.0,-11.0,12.0,-11.0,11.0,-10.0,10.0,-9.0,10.0,-8.0,11.0,-8.0,10.0,-8.0,11.0,-8.0,12.0,-8.0,12.0,-7.0,12.0,-7.0,11.0,-7.0,10.0,-5.0,11.0,-4.0,11.0,-4.0,11.0,-3.0,11.0,-3.0,11.0,-3.0,11.0,-3.0,12.0,-2.0,12.0,-1.0,12.0,0.0,14.0,0.0,15.0,3.0,15.0,2.0,16.0,3.0,17.0,3.0,17.0,3.0,16.0,3.0,17.0,4.0,17.0,4.0,17.0,5.0,18.0,6.0,19.0,5.0,19.0,3.0,19.0,4.0,19.0,5.0,20.0,5.0,21.0,6.0,22.0,6.0,22.0,5.0,22.0,5.0,22.0,5.0,22.0,4.0,22.0,3.0,22.0,2.0,23.0,0.0,23.0,-1.0,22.0,-2.0,21.0
1.0,-16.0,0.0,-15.0,0.0,-16.0,1.0,-17.0,1.0,-16.0,1.0,-15.0,0.0,-14.0,-1.0,-14.0,-1.0,-14.0,-1.0,-14.0,-2.0,-15.0,-3.0,-15.0,-3.0,-14.0,-2.0,-13.0,-3.0,-13.0,-5.0,-13.0,-5.0,-12.0,-5.0,-11.0,-5.0,-11.0,-5.0,-11.0,-6.0,-11.0,-7.0,-11.0,-7.0,-10.0,-9.0,-10.0,-10.0,-11.0,-11.0,-11.0,-14.0,-10.0,-14.0,-11.0,-15.0,-11.0,-15.0,-11.0,-14.0,-11.0,-15.0,-11.0,-16.0,-11.0,-16.0,-11.0,-17.0,-11.0,-19.0,-11.0,-18.0,-11.0,-17.0,-12.0,-17.0,-12.0,-19.0,-12.0,-20.0,-12.0,-21.0,-12.0,-22.0,-13.0,-21.0,-13.0,-20.0,-13.0,-20.0,-14.0,-20.0,-15.0,-19.0,-15.0,-19.0,-16.0,-18.0,-17.0,-17.0,-17.0,-16.0,-17.0
-8.0,-14.0,-9.0,-13.0,-9.0,-13.0,-9.0,-14.0,-8.0,-14.0,-8.0,-13.0,-9.0,-12.0,-9.0,-11.0,-9.0,-11.0,-9.0,-11.0,-10.0,-11.0,-10.0,-11.0,-10.0,-10.0,-9.0,-10.0,-9.0,-9.0,-11.0,-8.0,-11.0,-7.0,-10.0,-6.0,-10.0,-5.0,-11.0,-5.0,-11.0,-6.0,-12.0,-5.0,-12.0,-4.0,-13.0,-3.0,-15.0,-3.0,-16.0,-3.0,-17.0,0.0,-18.0,-1.0,-19.0,0.0,-18.0,0.0,-18.0,0.0,-18.0,0.0,-19.0,1.0,-20.0,1.0,-20.0,2.0,-21.0,2.0,-21.0,2.0,-21.0,1.0,-21.0,1.0,-22.0,2.0,-23.0,2.0,-24.0,3.0,-25.0,3.0,-25.0,2.0,-24.0,1.0,-24.0,1.0,-25.0,0.0,-25.0,0.0,-25.0,-1.0,-25.0,-3.0,-23.0,-4.0,-22.0,-5.0
14.0,1.0,14.0,0.0,14.0,-1.0,15.0,0.0,14.0,1.0,12.0,1.0,12.0,0.0,12.0,0.0,11.0,-1.0,12.0,-1.0,13.0,-2.0,13.0,-2.0,12.0,-3.0,12.0,-3.0,11.0,-3.0,11.0,-4.0,10.0,-5.0,9.0,-4.0,9.0,-5.0,9.0,-5.0,9.0,-6.0,9.0,-6.0,8.0,-7.0,8.0,-9.0,9.0,-10.0,9.0,-10.0,8.0,-13.0,9.0,-13.0,9.0,-14.0,9.0,-14.0,9.0,-14.0,9.0,-14.0,9.0,-15.0,9.0,-15.0,9.0,-16.0,8.0,-17.0,9.0,-17.0,10.0,-17.0,10.0,-17.0,10.0,-18.0,10.0,-18.0,10.0,-20.0,11.0,-20.0,11.0,-19.0,11.0,-19.0,12.0,-18.0,13.0,-19.0,13.0,-18.0,14.0,-18.0,15.0,-17.0,15.0,-16.0,15.0,-14.0
11.0,9.0,11.0,8.0,12.0,8.0,12.0,8.0,11.0,8.0,10.0,8.0,10.0,7.0,10.0,6.0,10.0,6.0,10.0,6.0,11.0,6.0,12.0,5.0,11.0,5.0,10.0,4.0,10.0,4.0,11.0,2.0,11.0,1.0,10.0,1.0,10.0,0.0,10.0,0.0,11.0,0.0,11.0,-1.0,10.0,-1.0,11.0,-3.0,12.0,-4.0,13.0,-4.0,13.0,-6.0,14.0,-6.0,14.0,-7.0,14.0,-7.0,14.0,-7.0,14.0,-8.0,14.0,-9.0,15.0,-9.0,15.0,-10.0,16.0,-10.0,16.0,-10.0,16.0,-9.0,16.0,-9.0,17.0,-10.0,17.0,-11.0,18.0,-12.0,19.0,-12.0,18.0,-11.0,18.0,-11.0,19.0,-10.0,19.0,-10.0,20.0,-10.0,21.0,-9.0,21.0,-8.0,20.0,-6.0,19.0,-5.0
0.0,-16.0,-1.0,-15.0,-1.0,-16.0,0.0,-16.0,1.0,-15.0,0.0,-14.0,0.0,-14.0,-1.0,-13.0,-1.0,-13.0,-1.0,-13.0,-2.0,-14.0,-2.0,-14.0,-3.0,-13.0,-2.0,-12.0,-2.0,-12.0,-4.0,-12.0,-5.0,-11.0,-4.0,-10.0,-5.0,-9.0,-5.0,-10.0,-5.0,-10.0,-6.0,-10.0,-6.0,-9.0,-8.0,-9.0,-9.0,-10.0,-10.0,-10.0,-12.0,-9.0,-12.0,-10.0,-13.0,-10.0,-13.0,-9.0,-13.0,-9.0,-13.0,-9.0,-14.0,-9.0,-15.0,-9.0,-16.0,-10.0,-16.0,-10.0,-16.0,-10.0,-16.0,-11.0,-16.0,-11.0,-17.0,-11.0,-18.0,-11.0,-19.0,-11.0,-20.0,-12.0,-19.0,-12.0,-18.0,-13.0,-18.0,-13.0,-18.0,-14.0,-18.0,-14.0,-17.0,-15.0,-16.0,-16.0,-15.0,-17.0,-14.0,-17.0
13.0,-2.0,13.0,-2.0,13.0,-3.0,14.0,-2.0,13.0,-1.0,11.0,-1.0,11.0,-2.0,10.0,-3.0,10.0,-3.0,11.0,-3.0,11.0,-3.0,12.0,-4.0,11.0,-4.0,10.0,-3.0,10.0,-4.0,9.0,-5.0,8.0,-5.0,7.0,-5.0,7.0,-5.0,7.0,-6.0,8.0,-6.0,8.0,-6.0,7.0,-7.0,7.0,-8.0,7.0,-9.0,7.0,-10.0,6.0,-11.0,7.0,-12.0,6.0,-13.0,6.0,-12.0,6.0,-12.0,6.0,-12.0,6.0,-14.0,5.0,-14.0,5.0,-15.0,5.0,-15.0,6.0,-15.0,6.0,-15.0,6.0,-15.0,6.0,-16.0,6.0,-17.0,6.0,-18.0,6.0,-18.0,7.0,-18.0,7.0,-17.0,7.0,-17.0,8.0,-18.0,9.0,-18.0,10.0,-17.0,11.0,-16.0,11.0,-15.0,11.0,-14.0
-2.0,-16.0,-3.0,-16.0,-3.0,-16.0,-2.0,-17.0,-2.0,-16.0,-2.0,-15.0,-2.0,-14.0,-3.0,-14.0,-3.0,-13.0,-3.0,-14.0,-3.0,-14.0,-4.0,-14.0,-4.0,-13.0,-3.0,-13.0,-4.0,-12.0,-5.0,-12.0,-6.0,-11.0,-5.0,-10.0,-6.0,-9.0,-6.0,-9.0,-6.0,-10.0,-7.0,-10.0,-7.0,-9.0,-8.0,-9.0,-10.0,-9.0,-10.0,-10.0,-12.0,-9.0,-13.0,-9.0,-13.0,-9.0,-13.0,-8.0,-13.0,-8.0,-13.0,-8.0,-14.0,-8.0,-15.0,-8.0,-15.0,-8.0,-16.0,-8.0,-16.0,-8.0,-16.0,-9.0,-16.0,-9.0,-17.0,-9.0,-18.0,-9.0,-19.0,-9.0,-20.0,-9.0,-19.0,-10.0,-18.0,-10.0,-18.0,-11.0,-18.0,-11.0,-18.0,-12.0,-18.0,-13.0,-17.0,-13.0,-16.0,-14.0,-15.0,-15.0
-17.0,0.0,-17.0,1.0,-17.0,2.0,-18.0,0.0,-17.0,0.0,-16.0,0.0,-15.0,1.0,-15.0,1.0,-14.0,1.0,-15.0,2.0,-16.0,2.0,-16.0,3.0,-16.0,3.0,-15.0,2.0,-14.0,2.0,-14.0,4.0,-13.0,5.0,-12.0,4.0,-12.0,5.0,-12.0,5.0,-13.0,5.0,-12.0,6.0,-11.0,6.0,-11.0,8.0,-12.0,9.0,-13.0,9.0,-11.0,11.0,-13.0,11.0,-12.0,12.0,-12.0,12.0,-12.0,12.0,-12.0,12.0,-12.0,13.0,-12.0,13.0,-11.0,14.0,-11.0,15.0,-12.0,15.0,-12.0,14.0,-13.0,14.0,-13.0,15.0,-12.0,16.0,-13.0,17.0,-13.0,18.0,-14.0,17.0,-14.0,17.0,-14.0,16.0,-15.0,16.0,-16.0,16.0,-17.0,15.0,-17.0,14.0,-18.0,12.0,-17.0,11.0
-11.0,-13.0,-11.0,-12.0,-12.0,-12.0,-12.0,-13.0,-11.0,-13.0,-10.0,-12.0,-10.0,-11.0,-11.0,-11.0,-11.0,-10.0,-11.0,-11.0,-12.0,-11.0,-12.0,-11.0,-12.0,-10.0,-11.0,-10.0,-11.0,-9.0,-12.0,-8.0,-12.0,-7.0,-12.0,-7.0,-12.0,-6.0,-12.0,-6.0,-12.0,-6.0,-13.0,-6.0,-13.0,-5.0,-14.0,-4.0,-15.0,-4.0,-16.0,-4.0,-17.0,-2.0,-18.0,-2.0,-19.0,-2.0,-18.0,-1.0,-17.0,-1.0,-18.0,-1.0,-18.0,0.0,-19.0,0.0,-20.0,0.0,-20.0,0.0,-20.0,0.0,-20.0,-1.0,-20.0,-1.0,-21.0,0.0,-22.0,0.0,-23.0,0.0,-23.0,0.0,-23.0,0.0,-22.0,-1.0,-22.0,-1.0,-23.0,-2.0,-23.0,-2.0,-23.0,-3.0,-23.0,-5.0,-21.0,-7.0,-20.0,-7.0
12.0,-9.0,11.0,-10.0,11.0,-11.0,12.0,-10.0,12.0,-9.0,11.0,-9.0,10.0,-9.0,9.0,-9.0,9.0,-9.0,9.0,-9.0,10.0,-10.0,10.0,-11.0,9.0,-11.0,9.0,-10.0,8.0,-10.0,7.0,-11.0,6.0,-11.0,5.0,-10.0,5.0,-11.0,5.0,-11.0,6.0,-11.0,5.0,-12.0,4.0,-11.0,3.0,-12.0,3.0,-14.0,3.0,-15.0,1.0,-16.0,2.0,-16.0,2.0,-17.0,1.0,-17.0,1.0,-16.0,1.0,-17.0,1.0,-17.0,1.0,-17.0,0.0,-18.0,-1.0,-19.0,0.0,-19.0,1.0,-18.0,1.0,-19.0,1.0,-19.0,0.0,-20.0,0.0,-21.0,0.0,-22.0,1.0,-21.0,1.0,-21.0,1.0,-21.0,2.0,-21.0,3.0,-21.0,4.0,-21.0,5.0,-21.0,6.0,-19.0,7.0,-18.0
14.0,2.0,14.0,1.0,15.0,1.0,15.0,2.0,14.0,2.0,13.0,2.0,13.0,1.0,12.0,0.0,12.0,0.0,13.0,0.0,14.0,0.0,14.0,0.0,13.0,-1.0,12.0,-1.0,12.0,-1.0,12.0,-3.0,11.0,-3.0,10.0,-3.0,10.0,-4.0,10.0,-4.0,11.0,-5.0,11.0,-5.0,10.0,-5.0,10.0,-7.0,11.0,-8.0,12.0,-8.0,11.0,-10.0,12.0,-10.0,12.0,-11.0,12.0,-11.0,12.0,-11.0,12.0,-12.0,12.0,-12.0,12.0,-12.0,12.0,-13.0,12.0,-13.0,13.0,-13.0,13.0,-12.0,13.0,-13.0,14.0,-14.0,14.0,-14.0,14.0,-15.0,15.0,-16.0,15.0,-15.0,15.0,-14.0,15.0,-14.0,16.0,-13.0,17.0,-13.0,18.0,-12.0,18.0,-11.0,18.0,-9.0,17.0,-8.0
12.0,-9.0,11.0,-9.0,12.0,-10.0,13.0,-10.0,12.0,-8.0,11.0,-8.0,10.0,-8.0,9.0,-8.0,9.0,-8.0,9.0,-9.0,10.0,-10.0,9.0,-10.0,9.0,-10.0,9.0,-9.0,8.0,-9.0,7.0,-10.0,6.0,-10.0,5.0,-10.0,5.0,-10.0,5.0,-10.0,5.0,-10.0,5.0,-11.0,4.0,-11.0,3.0,-12.0,3.0,-14.0,3.0,-14.0,1.0,-15.0,2.0,-16.0,1.0,-17.0,1.0,-16.0,1.0,-16.0,1.0,-16.0,1.0,-17.0,1.0,-17.0,0.0,-18.0,0.0,-19.0,0.0,-19.0,1.0,-18.0,1.0,-19.0,1.0,-20.0,0.0,-21.0,0.0,-22.0,0.0,-22.0,1.0,-21.0,1.0,-21.0,2.0,-21.0,3.0,-21.0,4.0,-21.0,5.0,-21.0,5.0,-21.0,6.0,-20.0,7.0,-19.0
1.0,15.0,2.0,15.0,2.0,16.0,1.0,16.0,1.0,15.0,1.0,14.0,2.0,13.0,2.0,13.0,2.0,12.0,2.0,12.0,3.0,13.0,4.0,13.0,4.0,12.0,3.0,12.0,3.0,11.0,5.0,11.0,5.0,10.0,5.0,9.0,5.0,8.0,5.0,8.0,6.0,9.0,6.0,9.0,7.0,8.0,8.0,7.0,10.0,8.0,11.0,8.0,13.0,7.0,13.0,7.0,14.0,7.0,14.0,7.0,13.0,7.0,14.0,7.0,15.0,6.0,15.0,7.0,16.0,7.0,17.0,6.0,17.0,7.0,16.0,7.0,17.0,7.0,18.0,7.0,19.0,7.0,20.0,7.0,21.0,8.0,20.0,9.0,20.0,9.0,19.0,9.0,19.0,10.0,19.0,11.0,19.0,11.0,18.0,12.0,17.0,13.0,16.0,14.0
15.0,1.0,15.0,0.0,16.0,-1.0,16.0,0.0,15.0,1.0,14.0,0.0,13.0,0.0,13.0,-1.0,12.0,-1.0,13.0,-1.0,14.0,-1.0,14.0,-2.0,13.0,-2.0,12.0,-2.0,12.0,-2.0,11.0,-4.0,10.0,-4.0,9.0,-4.0,9.0,-5.0,9.0,-5.0,10.0,-5.0,9.0,-6.0,9.0,-6.0,9.0,-8.0,10.0,-9.0,10.0,-10.0,8.0,-12.0,9.0,-12.0,9.0,-13.0,9.0,-13.0,9.0,-13.0,9.0,-13.0,9.0,-14.0,9.0,-15.0,8.0,-15.0,8.0,-16.0,9.0,-16.0,10.0,-15.0,10.0,-16.0,10.0,-17.0,10.0,-18.0,10.0,-19.0,10.0,-19.0,11.0,-18.0,11.0,-18.0,11.0,-18.0,12.0,-18.0,13.0,-18.0,14.0,-17.0,15.0,-16.0,15.0,-15.0,15.0,-13.0
9.0,-13.0,8.0,-14.0,8.0,-14.0,9.0,-14.0,9.0,-13.0,8.0,-12.0,7.0,-12.0,6.0,-12.0,6.0,-12.0,6.0,-12.0,6.0,-13.0,6.0,-13.0,5.0,-13.0,6.0,-12.0,5.0,-12.0,3.0,-12.0,2.0,-12.0,2.0,-11.0,1.0,-11.0,1.0,-11.0,1.0,-12.0,1.0,-12.0,0.0,-11.0,-1.0,-12.0,-2.0,-13.0,-3.0,-14.0,-5.0,-14.0,-5.0,-15.0,-5.0,-15.0,-5.0,-15.0,-5.0,-15.0,-6.0,-15.0,-7.0,-15.0,-7.0,-15.0,-8.0,-16.0,-8.0,-17.0,-8.0,-17.0,-7.0,-17.0,-7.0,-17.0,-8.0,-18.0,-9.0,-19.0,-10.0,-19.0,-10.0,-20.0,-9.0,-20.0,-9.0,-20.0,-9.0,-20.0,-8.0,-21.0,-7.0,-21.0,-6.0,-21.0,-5.0,-22.0,-3.0,-21.0,-3.0,-21.0
-16.0,3.0,-15.0,4.0,-16.0,5.0,-16.0,4.0,-15.0,3.0,-14.0,3.0,-13.0,4.0,-13.0,4.0,-13.0,4.0,-13.0,4.0,-14.0,5.0,-14.0,5.0,-13.0,5.0,-12.0,5.0,-12.0,5.0,-11.0,6.0,-10.0,7.0,-9.0,6.0,-8.0,7.0,-9.0,7.0,-9.0,7.0,-9.0,8.0,-8.0,8.0,-7.0,9.0,-8.0,11.0,-8.0,11.0,-6.0,13.0,-6.0,13.0,-6.0,14.0,-6.0,14.0,-6.0,14.0,-5.0,14.0,-5.0,15.0,-5.0,15.0,-4.0,16.0,-4.0,17.0,-5.0,17.0,-5.0,16.0,-5.0,17.0,-5.0,18.0,-4.0,19.0,-4.0,20.0,-5.0,21.0,-5.0,20.0,-5.0,20.0,-5.0,20.0,-6.0,20.0,-7.0,20.0,-9.0,20.0,-10.0,19.0,-11.0,18.0,-11.0,17.0
-16.0,-3.0,-16.0,-2.0,-16.0,-2.0,-17.0,-3.0,-16.0,-3.0,-15.0,-3.0,-14.0,-2.0,-14.0,-2.0,-14.0,-2.0,-14.0,-2.0,-15.0,-2.0,-15.0,-1.0,-15.0,0.0,-14.0,-1.0,-13.0,0.0,-13.0,1.0,-12.0,2.0,-12.0,2.0,-11.0,3.0,-12.0,3.0,-12.0,3.0,-12.0,4.0,-11.0,4.0,-11.0,5.0,-12.0,7.0,-13.0,7.0,-12.0,9.0,-13.0,9.0,-13.0,10.0,-13.0,10.0,-12.0,10.0,-13.0,10.0,-12.0,11.0,-13.0,12.0,-12.0,12.0,-12.0,13.0,-13.0,13.0,-14.0,12.0,-14.0,12.0,-14.0,13.0,-14.0,14.0,-15.0,15.0,-15.0,15.0,-16.0,15.0,-15.0,15.0,-16.0,14.0,-17.0,14.0,-18.0,13.0,-19.0,13.0,-19.0,12.0,-19.0,9.0,-19.0,8.0
-2.0,14.0,-1.0,14.0,-1.0,15.0,-2.0,15.0,-3.0,14.0,-2.0,13.0,-1.0,13.0,0.0,13.0,0.0,12.0,0.0,13.0,0.0,14.0,1.0,14.0,1.0,13.0,0.0,12.0,1.0,12.0,3.0,12.0,3.0,11.0,3.0,10.0,3.0,10.0,4.0,10.0,4.0,10.0,4.0,10.0,5.0,10.0,6.0,10.0,8.0,11.0,8.0,12.0,10.0,10.0,10.0,11.0,11.0,11.0,11.0,11.0,11.0,11.0,11.0,11.0,12.0,10.0,13.0,11.0,13.0,11.0,14.0,11.0,14.0,12.0,13.0,12.0,13.0,12.0,14.0,12.0,15.0,13.0,17.0,13.0,17.0,14.0,16.0,14.0,16.0,14.0,15.0,15.0,15.0,15.0,14.0,16.0,14.0,16.0,12.0,17.0,11.0,18.0,10.0,18.0
0.0,-15.0,-1.0,-15.0,-1.0,-16.0,0.0,-16.0,0.0,-15.0,0.0,-14.0,-1.0,-14.0,-2.0,-13.0,-2.0,-13.0,-2.0,-13.0,-2.0,-14.0,-3.0,-14.0,-3.0,-14.0,-3.0,-13.0,-3.0,-13.0,-5.0,-12.0,-6.0,-12.0,-5.0,-11.0,-6.0,-10.0,-6.0,-10.0,-6.0,-11.0,-7.0,-11.0,-7.0,-10.0,-9.0,-10.0,-10.0,-11.0,-11.0,-11.0,-13.0,-10.0,-13.0,-11.0,-14.0,-11.0,-14.0,-10.0,-13.0,-10.0,-14.0,-10.0,-15.0,-9.0,-15.0,-9.0,-16.0,-10.0,-17.0,-10.0,-17.0,-10.0,-16.0,-10.0,-16.0,-10.0,-18.0,-11.0,-19.0,-11.0,-20.0,-11.0,-21.0,-11.0,-20.0,-12.0,-20.0,-12.0,-19.0,-12.0,-19.0,-13.0,-19.0,-14.0,-18.0,-15.0,-17.0,-15.0,-16.0,-16.0,-15.0,-16.0
-3.0,-13.0,-4.0,-12.0,-4.0,-12.0,-4.0,-13.0,-3.0,-12.0,-3.0,-11.0,-4.0,-11.0,-4.0,-10.0,-4.0,-10.0,-5.0,-10.0,-5.0,-11.0,-6.0,-11.0,-6.0,-10.0,-5.0,-9.0,-5.0,-9.0,-7.0,-9.0,-7.0,-8.0,-7.0,-7.0,-7.0,-6.0,-7.0,-7.0,-8.0,-7.0,-8.0,-7.0,-8.0,-6.0,-9.0,-5.0,-10.0,-6.0,-11.0,-6.0,-12.0,-5.0,-13.0,-5.0,-13.0,-5.0,-13.0,-5.0,-13.0,-5.0,-13.0,-4.0,-14.0,-4.0,-14.0,-4.0,-15.0,-4.0,-15.0,-3.0,-15.0,-4.0,-15.0,-4.0,-15.0,-4.0,-16.0,-4.0,-17.0,-4.0,-18.0,-4.0,-18.0,-4.0,-18.0,-5.0,-18.0,-5.0,-18.0,-5.0,-18.0,-6.0,-18.0,-6.0,-18.0,-7.0,-17.0,-8.0,-16.0,-9.0,-15.0,-9.0
11.0,8.0,12.0,7.0,12.0,7.0,12.0,7.0,11.0,7.0,10.0,7.0,10.0,6.0,10.0,5.0,10.0,5.0,11.0,5.0,11.0,5.0,12.0,5.0,12.0,4.0,11.0,4.0,10.0,3.0,11.0,2.0,11.0,1.0,10.0,1.0,10.0,0.0,10.0,0.0,11.0,0.0,11.0,0.0,11.0,-1.0,12.0,-3.0,13.0,-3.0,14.0,-3.0,14.0,-5.0,15.0,-5.0,15.0,-6.0,15.0,-6.0,14.0,-5.0,15.0,-6.0,15.0,-7.0,15.0,-7.0,16.0,-8.0,16.0,-8.0,17.0,-8.0,17.0,-7.0,17.0,-7.0,18.0,-8.0,18.0,-8.0,19.0,-9.0,20.0,-9.0,20.0,-9.0,20.0,-8.0,20.0,-8.0,21.0,-7.0,21.0,-7.0,22.0,-6.0,22.0,-4.0,21.0,-2.0,20.0,-1.0
15.0,-4.0,15.0,-5.0,16.0,-6.0,16.0,-5.0,15.0,-4.0,14.0,-4.0,13.0,-5.0,12.0,-5.0,12.0,-5.0,12.0,-6.0,13.0,-6.0,13.0,-7.0,13.0,-8.0,12.0,-7.0,11.0,-7.0,10.0,-9.0,9.0,-9.0,8.0,-9.0,8.0,-9.0,9.0,-9.0,9.0,-10.0,9.0,-11.0,8.0,-11.0,7.0,-12.0,8.0,-14.0,8.0,-15.0,6.0,-16.0,7.0,-17.0,7.0,-18.0,6.0,-18.0,7.0,-17.0,6.0,-18.0,6.0,-18.0,6.0,-19.0,5.0,-20.0,5.0,-21.0,6.0,-21.0,7.0,-20.0,7.0,-20.0,7.0,-22.0,6.0,-23.0,6.0,-24.0,7.0,-25.0,7.0,-24.0,8.0,-24.0,8.0,-24.0,9.0,-24.0,10.0,-24.0,12.0,-23.0,13.0,-22.0,13.0,-21.0,14.0,-19.0
-13.0,5.0,-12.0,6.0,-13.0,7.0,-13.0,6.0,-13.0,5.0,-11.0,5.0,-11.0,5.0,-10.0,6.0,-10.0,6.0,-10.0,6.0,-11.0,7.0,-10.0,7.0,-10.0,7.0,-10.0,7.0,-9.0,7.0,-8.0,8.0,-7.0,8.0,-6.0,8.0,-6.0,8.0,-6.0,8.0,-6.0,9.0,-6.0,10.0,-5.0,9.0,-4.0,10.0,-4.0,12.0,-4.0,12.0,-2.0,13.0,-3.0,14.0,-3.0,15.0,-2.0,15.0,-3.0,14.0,-2.0,15.0,-1.0,15.0,-1.0,16.0,0.0,16.0,0.0,17.0,-1.0,17.0,-2.0,17.0,-2.0,17.0,-1.0,18.0,0.0,19.0,0.0,20.0,0.0,20.0,-1.0,20.0,0.0,20.0,-1.0,20.0,-2.0,20.0,-3.0,20.0,-4.0,20.0,-5.0,20.0,-6.0,19.0,-7.0,18.0
2.0,-15.0,1.0,-15.0,0.0,-16.0,2.0,-16.0,2.0,-15.0,1.0,-14.0,0.0,-13.0,-1.0,-13.0,-1.0,-13.0,-1.0,-13.0,-1.0,-14.0,-2.0,-14.0,-2.0,-14.0,-2.0,-13.0,-2.0,-13.0,-4.0,-13.0,-5.0,-12.0,-5.0,-11.0,-5.0,-10.0,-5.0,-11.0,-5.0,-11.0,-6.0,-11.0,-7.0,-11.0,-8.0,-10.0,-9.0,-12.0,-10.0,-12.0,-13.0,-11.0,-13.0,-12.0,-14.0,-12.0,-13.0,-11.0,-13.0,-11.0,-14.0,-11.0,-15.0,-11.0,-15.0,-11.0,-16.0,-11.0,-17.0,-12.0,-17.0,-12.0,-16.0,-12.0,-16.0,-12.0,-17.0,-13.0,-18.0,-13.0,-20.0,-13.0,-20.0,-14.0,-19.0,-14.0,-19.0,-14.0,-19.0,-15.0,-18.0,-15.0,-18.0,-16.0,-17.0,-17.0,-16.0,-18.0,-15.0,-18.0,-14.0,-18.0
-13.0,5.0,-12.0,6.0,-13.0,7.0,-13.0,6.0,-13.0,5.0,-12.0,5.0,-11.0,5.0,-10.0,6.0,-10.0,6.0,-10.0,6.0,-11.0,7.0,-11.0,7.0,-10.0,8.0,-10.0,7.0,-9.0,7.0,-8.0,8.0,-7.0,8.0,-6.0,8.0,-6.0,8.0,-7.0,8.0,-7.0,9.0,-7.0,10.0,-5.0,10.0,-5.0,11.0,-5.0,12.0,-5.0,13.0,-3.0,14.0,-4.0,15.0,-4.0,15.0,-4.0,15.0,-4.0,14.0,-4.0,15.0,-3.0,16.0,-3.0,16.0,-2.0,17.0,-2.0,17.0,-2.0,18.0,-4.0,17.0,-4.0,18.0,-3.0,18.0,-3.0,19.0,-3.0,20.0,-3.0,21.0,-4.0,20.0,-4.0,20.0,-4.0,20.0,-5.0,20.0,-6.0,20.0,-7.0,20.0,-8.0,19.0,-9.0,18.0,-9.0,17.0
-6.0,-9.0,-6.0,-9.0,-6.0,-9.0,-6.0,-9.0,-5.0,-9.0,-5.0,-8.0,-6.0,-7.0,-6.0,-7.0,-6.0,-7.0,-6.0,-7.0,-7.0,-7.0,-7.0,-7.0,-7.0,-6.0,-7.0,-6.0,-7.0,-6.0,-7.0,-5.0,-8.0,-4.0,-7.0,-4.0,-7.0,-3.0,-8.0,-3.0,-8.0,-3.0,-8.0,-3.0,-8.0,-3.0,-9.0,-2.0,-10.0,-2.0,-10.0,-2.0,-11.0,-1.0,-12.0,-1.0,-12.0,-1.0,-12.0,0.0,-12.0,-1.0,-12.0,0.0,-12.0,0.0,-13.0,0.0,-13.0,0.0,-14.0,1.0,-14.0,0.0,-14.0,0.0,-14.0,0.0,-14.0,0.0,-15.0,1.0,-16.0,1.0,-16.0,1.0,-16.0,0.0,-16.0,0.0,-16.0,0.0,-16.0,-1.0,-16.0,-1.0,-16.0,-2.0,-16.0,-3.0,-15.0,-4.0,-15.0,-5.0
9.0,-11.0,8.0,-12.0,8.0,-12.0,9.0,-12.0,9.0,-11.0,8.0,-10.0,7.0,-11.0,6.0,-11.0,5.0,-11.0,6.0,-11.0,6.0,-12.0,5.0,-13.0,5.0,-12.0,5.0,-12.0,4.0,-12.0,3.0,-12.0,1.0,-12.0,1.0,-11.0,1.0,-12.0,1.0,-12.0,1.0,-13.0,0.0,-13.0,-1.0,-12.0,-2.0,-13.0,-2.0,-15.0,-3.0,-16.0,-6.0,-16.0,-5.0,-17.0,-5.0,-18.0,-6.0,-17.0,-5.0,-17.0,-6.0,-17.0,-7.0,-17.0,-7.0,-18.0,-8.0,-18.0,-8.0,-19.0,-8.0,-19.0,-6.0,-19.0,-7.0,-19.0,-8.0,-20.0,-8.0,-21.0,-9.0,-21.0,-9.0,-22.0,-8.0,-22.0,-8.0,-22.0,-8.0,-22.0,-7.0,-22.0,-6.0,-22.0,-5.0,-23.0,-4.0,-23.0,-3.0,-22.0,-2.0,-22.0
-13.0,6.0,-13.0,7.0,-13.0,7.0,-14.0,7.0,-13.0,6.0,-12.0,5.0,-11.0,6.0,-10.0,6.0,-10.0,6.0,-10.0,7.0,-11.0,8.0,-10.0,8.0,-10.0,8.0,-10.0,8.0,-9.0,7.0,-8.0,9.0,-7.0,9.0,-6.0,9.0,-6.0,9.0,-7.0,9.0,-7.0,9.0,-6.0,10.0,-5.0,10.0,-4.0,11.0,-5.0,13.0,-4.0,14.0,-3.0,15.0,-4.0,16.0,-4.0,16.0,-3.0,16.0,-4.0,15.0,-4.0,16.0,-3.0,17.0,-3.0,17.0,-3.0,18.0,-2.0,18.0,-2.0,19.0,-3.0,18.0,-4.0,18.0,-3.0,19.0,-3.0,20.0,-3.0,21.0,-3.0,22.0,-4.0,21.0,-4.0,21.0,-5.0,21.0,-5.0,21.0,-6.0,21.0,-7.0,21.0,-8.0,20.0,-8.0,19.0,-9.0,18.0
12.0,4.0,12.0,3.0,13.0,3.0,13.0,4.0,12.0,4.0,11.0,3.0,10.0,3.0,10.0,2.0,10.0,2.0,11.0,2.0,11.0,2.0,12.0,1.0,11.0,0.0,11.0,0.0,10.0,0.0,10.0,-2.0,10.0,-2.0,9.0,-2.0,9.0,-3.0,9.0,-3.0,10.0,-3.0,10.0,-4.0,10.0,-4.0,10.0,-5.0,11.0,-6.0,11.0,-7.0,11.0,-9.0,12.0,-9.0,13.0,-9.0,12.0,-9.0,12.0,-9.0,12.0,-9.0,12.0,-10.0,13.0,-10.0,13.0,-11.0,13.0,-11.0,13.0,-11.0,14.0,-10.0,14.0,-10.0,14.0,-11.0,14.0,-12.0,15.0,-13.0,15.0,-13.0,15.0,-12.0,15.0,-11.0,16.0,-11.0,16.0,-11.0,17.0,-10.0,18.0,-10.0,18.0,-9.0,17.0,-7.0,16.0,-6.0
-14.0,5.0,-13.0,6.0,-13.0,6.0,-14.0,6.0,-13.0,5.0,-12.0,5.0,-11.0,5.0,-10.0,6.0,-10.0,6.0,-10.0,6.0,-11.0,7.0,-11.0,8.0,-10.0,8.0,-10.0,7.0,-9.0,7.0,-8.0,8.0,-7.0,8.0,-6.0,8.0,-6.0,9.0,-6.0,9.0,-6.0,9.0,-6.0,10.0,-5.0,10.0,-4.0,11.0,-5.0,12.0,-4.0,13.0,-2.0,14.0,-3.0,15.0,-3.0,16.0,-3.0,16.0,-3.0,15.0,-3.0,16.0,-2.0,16.0,-2.0,17.0,-1.0,17.0,-1.0,18.0,-2.0,18.0,-3.0,18.0,-3.0,18.0,-2.0,19.0,-2.0,20.0,-1.0,21.0,-2.0,21.0,-3.0,21.0,-2.0,20.0,-3.0,20.0,-3.0,20.0,-4.0,20.0,-6.0,20.0,-6.0,19.0,-7.0,18.0,-8.0,17.0
-4.0,12.0,-3.0,12.0,-3.0,12.0,-4.0,12.0,-4.0,11.0,-3.0,11.0,-3.0,10.0,-2.0,10.0,-2.0,10.0,-2.0,10.0,-1.0,11.0,-1.0,11.0,0.0,11.0,-1.0,10.0,0.0,10.0,2.0,10.0,2.0,9.0,2.0,9.0,3.0,8.0,3.0,8.0,3.0,9.0,4.0,9.0,4.0,8.0,5.0,8.0,6.0,10.0,7.0,10.0,9.0,9.0,9.0,10.0,10.0,11.0,10.0,10.0,9.0,10.0,10.0,10.0,11.0,10.0,11.0,10.0,12.0,10.0,12.0,10.0,12.0,11.0,11.0,11.0,11.0,11.0,12.0,12.0,13.0,12.0,14.0,12.0,14.0,13.0,13.0,13.0,13.0,13.0,13.0,13.0,12.0,13.0,12.0,14.0,11.0,14.0,10.0,15.0,9.0,15.0,8.0,15.0
10.0,11.0,11.0,10.0,11.0,10.0,11.0,11.0,9.0,10.0,9.0,9.0,10.0,8.0,10.0,7.0,9.0,7.0,10.0,7.0,11.0,7.0,11.0,6.0,11.0,6.0,10.0,6.0,10.0,5.0,11.0,4.0,11.0,3.0,11.0,2.0,10.0,1.0,11.0,1.0,12.0,1.0,12.0,1.0,11.0,0.0,12.0,-1.0,14.0,-2.0,15.0,-2.0,16.0,-4.0,16.0,-4.0,17.0,-4.0,17.0,-5.0,17.0,-5.0,17.0,-5.0,17.0,-5.0,17.0,-6.0,19.0,-7.0,20.0,-8.0,20.0,-6.0,20.0,-4.0,20.0,-5.0,20.0,-6.0,21.0,-7.0,23.0,-6.0,24.0,-6.0,26.0,-6.0,26.0,-6.0,24.0,-5.0,22.0,-5.0,21.0,-5.0,22.0,-2.0,23.0,0.0,23.0,1.0,24.0,1.0
8.0,-12.0,7.0,-13.0,7.0,-13.0,8.0,-13.0,8.0,-12.0,7.0,-11.0,6.0,-11.0,5.0,-11.0,5.0,-11.0,5.0,-12.0,5.0,-13.0,4.0,-13.0,4.0,-13.0,4.0,-12.0,3.0,-12.0,1.0,-13.0,0.0,-12.0,0.0,-12.0,-1.0,-12.0,0.0,-12.0,0.0,-13.0,-1.0,-13.0,-2.0,-13.0,-3.0,-13.0,-4.0,-15.0,-5.0,-15.0,-7.0,-15.0,-7.0,-17.0,-7.0,-17.0,-7.0,-17.0,-7.0,-16.0,-7.0,-17.0,-8.0,-17.0,-8.0,-17.0,-9.0,-18.0,-10.0,-18.0,-10.0,-19.0,-8.0,-19.0,-8.0,-19.0,-9.0,-20.0,-10.0,-20.0,-11.0,-21.0,-11.0,-21.0,-10.0,-21.0,-10.0,-21.0,-9.0,-21.0,-9.0,-22.0,-8.0,-22.0,-7.0,-23.0,-6.0,-23.0,-4.0,-22.0,-3.0,-21.0
8.0,-10.0,7.0,-11.0,7.0,-11.0,8.0,-11.0,7.0,-10.0,6.0,-10.0,6.0,-10.0,5.0,-10.0,5.0,-10.0,5.0,-10.0,5.0,-11.0,4.0,-11.0,4.0,-11.0,4.0,-10.0,3.0,-10.0,1.0,-11.0,0.0,-11.0,0.0,-10.0,0.0,-10.0,0.0,-10.0,0.0,-11.0,-1.0,-11.0,-2.0,-11.0,-3.0,-11.0,-3.0,-13.0,-4.0,-13.0,-6.0,-13.0,-6.0,-14.0,-7.0,-15.0,-7.0,-14.0,-7.0,-14.0,-7.0,-14.0,-8.0,-14.0,-8.0,-15.0,-9.0,-15.0,-10.0,-15.0,-10.0,-16.0,-8.0,-16.0,-8.0,-16.0,-9.0,-17.0,-10.0,-17.0,-11.0,-18.0,-11.0,-18.0,-11.0,-18.0,-10.0,-18.0,-10.0,-18.0,-9.0,-19.0,-8.0,-19.0,-7.0,-20.0,-6.0,-20.0,-5.0,-19.0,-4.0,-19.0
-8.0,11.0,-7.0,12.0,-7.0,12.0,-8.0,13.0,-8.0,11.0,-7.0,11.0,-6.0,11.0,-5.0,10.0,-5.0,10.0,-5.0,11.0,-5.0,11.0,-4.0,12.0,-4.0,11.0,-4.0,11.0,-3.0,10.0,-1.0,11.0,0.0,10.0,0.0,10.0,1.0,10.0,0.0,10.0,1.0,11.0,1.0,11.0,2.0,10.0,3.0,11.0,4.0,12.0,5.0,13.0,8.0,12.0,8.0,13.0,8.0,13.0,8.0,13.0,8.0,13.0,9.0,13.0,10.0,13.0,10.0,13.0,11.0,14.0,12.0,14.0,12.0,15.0,10.0,15.0,11.0,15.0,12.0,16.0,13.0,16.0,14.0,17.0,14.0,17.0,14.0,18.0,13.0,17.0,13.0,18.0,12.0,18.0,12.0,19.0,10.0,20.0,9.0,20.0,7.0,20.0,6.0,19.0
14.0,6.0,15.0,5.0,16.0,5.0,15.0,6.0,14.0,6.0,13.0,5.0,13.0,4.0,13.0,3.0,12.0,2.0,13.0,3.0,14.0,3.0,14.0,2.0,14.0,1.0,13.0,1.0,12.0,0.0,12.0,-2.0,11.0,-3.0,11.0,-3.0,10.0,-3.0,11.0,-4.0,11.0,-4.0,11.0,-5.0,11.0,-5.0,11.0,-7.0,12.0,-8.0,13.0,-9.0,12.0,-12.0,13.0,-12.0,13.0,-13.0,12.0,-13.0,12.0,-12.0,12.0,-14.0,12.0,-15.0,12.0,-15.0,12.0,-16.0,12.0,-17.0,13.0,-17.0,14.0,-16.0,14.0,-17.0,15.0,-18.0,14.0,-19.0,15.0,-20.0,16.0,-21.0,16.0,-20.0,16.0,-19.0,17.0,-19.0,17.0,-19.0,19.0,-18.0,20.0,-17.0,20.0,-16.0,20.0,-13.0,20.0,-12.0
-17.0,-1.0,-16.0,0.0,-17.0,1.0,-18.0,-1.0,-16.0,-1.0,-15.0,-1.0,-15.0,0.0,-14.0,1.0,-14.0,1.0,-14.0,1.0,-15.0,2.0,-15.0,3.0,-14.0,4.0,-13.0,3.0,-12.0,3.0,-12.0,5.0,-11.0,6.0,-10.0,5.0,-10.0,6.0,-10.0,6.0,-11.0,7.0,-10.0,8.0,-10.0,8.0,-9.0,10.0,-10.0,11.0,-10.0,12.0,-8.0,14.0,-9.0,15.0,-9.0,16.0,-8.0,16.0,-8.0,15.0,-8.0,16.0,-8.0,17.0,-8.0,18.0,-7.0,18.0,-6.0,19.0,-7.0,19.0,-8.0,19.0,-8.0,20.0,-8.0,21.0,-8.0,22.0,-8.0,24.0,-9.0,25.0,-9.0,24.0,-9.0,23.0,-10.0,23.0,-11.0,23.0,-12.0,23.0,-14.0,23.0,-15.0,22.0,-15.0,19.0,-15.0,18.0
-13.0,-4.0,-13.0,-3.0,-14.0,-3.0,-14.0,-4.0,-13.0,-4.0,-12.0,-3.0,-11.0,-3.0,-11.0,-2.0,-11.0,-2.0,-11.0,-2.0,-12.0,-2.0,-12.0,-1.0,-12.0,0.0,-11.0,0.0,-11.0,0.0,-10.0,1.0,-10.0,2.0,-9.0,2.0,-9.0,3.0,-9.0,3.0,-10.0,4.0,-10.0,4.0,-9.0,5.0,-9.0,6.0,-10.0,7.0,-10.0,7.0,-9.0,9.0,-10.0,10.0,-10.0,11.0,-10.0,10.0,-9.0,10.0,-9.0,11.0,-9.0,12.0,-9.0,12.0,-9.0,13.0,-9.0,14.0,-10.0,14.0,-11.0,13.0,-11.0,14.0,-11.0,15.0,-11.0,15.0,-11.0,17.0,-12.0,17.0,-12.0,16.0,-12.0,16.0,-12.0,16.0,-13.0,16.0,-14.0,15.0,-15.0,15.0,-16.0,14.0,-16.0,12.0,-16.0,11.0
11.0,-5.0,10.0,-6.0,11.0,-6.0,11.0,-6.0,10.0,-5.0,9.0,-5.0,8.0,-5.0,8.0,-5.0,8.0,-6.0,8.0,-6.0,8.0,-6.0,8.0,-7.0,7.0,-7.0,7.0,-7.0,6.0,-7.0,5.0,-8.0,4.0,-8.0,4.0,-7.0,3.0,-8.0,4.0,-8.0,4.0,-9.0,3.0,-9.0,3.0,-9.0,2.0,-10.0,2.0,-11.0,2.0,-11.0,0.0,-12.0,0.0,-13.0,0.0,-14.0,-1.0,-14.0,0.0,-13.0,-1.0,-14.0,-1.0,-14.0,-1.0,-15.0,-2.0,-15.0,-3.0,-16.0,-2.0,-16.0,-1.0,-16.0,-1.0,-16.0,-2.0,-17.0,-3.0,-18.0,-3.0,-18.0,-3.0,-19.0,-2.0,-19.0,-2.0,-18.0,-1.0,-18.0,-1.0,-19.0,0.0,-19.0,1.0,-19.0,2.0,-19.0,3.0,-18.0,3.0,-17.0
14.0,6.0,14.0,5.0,15.0,5.0,15.0,6.0,14.0,6.0,13.0,5.0,13.0,4.0,12.0,3.0,12.0,3.0,13.0,3.0,13.0,3.0,14.0,2.0,13.0,1.0,12.0,1.0,12.0,1.0,12.0,-1.0,11.0,-2.0,11.0,-2.0,10.0,-3.0,11.0,-4.0,11.0,-4.0,11.0,-5.0,11.0,-5.0,11.0,-7.0,12.0,-8.0,12.0,-8.0,12.0,-11.0,13.0,-12.0,13.0,-13.0,13.0,-13.0,13.0,-12.0,13.0,-13.0,12.0,-14.0,13.0,-15.0,13.0,-16.0,13.0,-16.0,14.0,-16.0,15.0,-15.0,15.0,-16.0,15.0,-17.0,15.0,-18.0,16.0,-19.0,17.0,-20.0,17.0,-19.0,17.0,-19.0,17.0,-18.0,18.0,-18.0,19.0,-17.0,20.0,-16.0,21.0,-15.0,21.0,-12.0,20.0,-11.0
-8.0,-13.0,-8.0,-12.0,-9.0,-12.0,-8.0,-13.0,-7.0,-12.0,-7.0,-11.0,-8.0,-11.0,-8.0,-10.0,-8.0,-9.0,-8.0,-9.0,-9.0,-10.0,-10.0,-9.0,-9.0,-8.0,-9.0,-8.0,-9.0,-7.0,-10.0,-6.0,-10.0,-5.0,-10.0,-4.0,-10.0,-3.0,-10.0,-3.0,-11.0,-3.0,-11.0,-3.0,-11.0,-2.0,-12.0,-1.0,-14.0,-1.0,-14.0,-1.0,-15.0,2.0,-16.0,2.0,-16.0,3.0,-16.0,3.0,-16.0,3.0,-16.0,4.0,-17.0,4.0,-17.0,5.0,-18.0,5.0,-18.0,6.0,-19.0,5.0,-19.0,4.0,-19.0,4.0,-20.0,5.0,-20.0,6.0,-21.0,7.0,-22.0,7.0,-22.0,6.0,-22.0,6.0,-22.0,6.0,-22.0,5.0,-22.0,5.0,-22.0,4.0,-23.0,2.0,-22.0,0.0,-21.0,-1.0
7.0,11.0,8.0,10.0,8.0,10.0,8.0,11.0,7.0,11.0,6.0,10.0,7.0,9.0,7.0,8.0,7.0,8.0,7.0,8.0,8.0,8.0,9.0,7.0,9.0,7.0,8.0,6.0,8.0,6.0,9.0,4.0,9.0,3.0,9.0,3.0,9.0,2.0,9.0,2.0,10.0,2.0,10.0,1.0,10.0,1.0,11.0,-1.0,13.0,-1.0,13.0,-1.0,14.0,-4.0,15.0,-4.0,15.0,-4.0,15.0,-5.0,15.0,-4.0,15.0,-5.0,16.0,-6.0,16.0,-6.0,17.0,-7.0,18.0,-7.0,18.0,-7.0,18.0,-6.0,18.0,-6.0,19.0,-7.0,19.0,-8.0,20.0,-8.0,21.0,-8.0,21.0,-8.0,21.0,-7.0,21.0,-7.0,21.0,-6.0,21.0,-6.0,22.0,-5.0,22.0,-3.0,21.0,-2.0,20.0,-1.0
14.0,-4.0,13.0,-5.0,14.0,-6.0,15.0,-5.0,13.0,-4.0,12.0,-4.0,11.0,-5.0,11.0,-5.0,10.0,-6.0,11.0,-6.0,11.0,-7.0,11.0,-7.0,10.0,-8.0,10.0,-7.0,9.0,-7.0,8.0,-9.0,7.0,-9.0,6.0,-9.0,5.0,-10.0,6.0,-10.0,6.0,-11.0,6.0,-11.0,5.0,-11.0,4.0,-13.0,4.0,-15.0,4.0,-15.0,2.0,-17.0,3.0,-18.0,3.0,-19.0,2.0,-19.0,3.0,-19.0,2.0,-19.0,2.0,-20.0,2.0,-20.0,1.0,-21.0,1.0,-22.0,2.0,-22.0,3.0,-22.0,3.0,-22.0,2.0,-23.0,2.0,-24.0,2.0,-25.0,2.0,-26.0,3.0,-25.0,3.0,-25.0,3.0,-25.0,4.0,-25.0,5.0,-25.0,7.0,-25.0,8.0,-24.0,9.0,-22.0,10.0,-21.0
-1.0,13.0,0.0,13.0,1.0,13.0,0.0,13.0,-1.0,12.0,0.0,11.0,1.0,11.0,2.0,10.0,2.0,10.0,2.0,10.0,3.0,11.0,3.0,11.0,4.0,10.0,3.0,9.0,4.0,9.0,6.0,8.0,6.0,8.0,6.0,7.0,6.0,6.0,6.0,7.0,7.0,7.0,8.0,7.0,8.0,6.0,9.0,5.0,11.0,6.0,12.0,6.0,14.0,5.0,15.0,5.0,15.0,5.0,15.0,5.0,15.0,5.0,16.0,5.0,16.0,4.0,17.0,4.0,18.0,4.0,19.0,4.0,19.0,5.0,18.0,5.0,19.0,5.0,20.0,5.0,21.0,5.0,22.0,5.0,22.0,5.0,22.0,6.0,21.0,6.0,21.0,7.0,21.0,7.0,21.0,8.0,20.0,9.0,20.0,10.0,18.0,10.0,17.0,11.0
7.0,10.0,8.0,9.0,8.0,9.0,8.0,10.0,7.0,10.0,7.0,9.0,7.0,8.0,8.0,7.0,8.0,7.0,8.0,7.0,9.0,7.0,10.0,6.0,9.0,5.0,8.0,5.0,8.0,5.0,9.0,3.0,9.0,2.0,9.0,2.0,9.0,1.0,9.0,1.0,10.0,1.0,11.0,0.0,11.0,-1.0,11.0,-2.0,13.0,-3.0,14.0,-3.0,14.0,-5.0,15.0,-5.0,16.0,-6.0,15.0,-6.0,15.0,-6.0,16.0,-6.0,16.0,-7.0,16.0,-7.0,17.0,-8.0,17.0,-9.0,18.0,-8.0,18.0,-8.0,18.0,-8.0,19.0,-8.0,20.0,-9.0,21.0,-9.0,21.0,-9.0,21.0,-8.0,20.0,-8.0,21.0,-8.0,21.0,-7.0,21.0,-7.0,22.0,-6.0,21.0,-5.0,21.0,-3.0,20.0,-2.0
9.0,-7.0,9.0,-8.0,9.0,-8.0,10.0,-8.0,9.0,-7.0,8.0,-6.0,7.0,-7.0,7.0,-7.0,6.0,-7.0,6.0,-7.0,6.0,-8.0,6.0,-9.0,6.0,-9.0,5.0,-8.0,5.0,-8.0,3.0,-9.0,2.0,-9.0,2.0,-9.0,2.0,-9.0,2.0,-9.0,2.0,-10.0,1.0,-10.0,0.0,-10.0,-1.0,-11.0,-1.0,-12.0,-1.0,-13.0,-3.0,-14.0,-2.0,-15.0,-3.0,-15.0,-3.0,-15.0,-3.0,-15.0,-3.0,-15.0,-4.0,-16.0,-4.0,-16.0,-5.0,-17.0,-6.0,-17.0,-5.0,-18.0,-4.0,-17.0,-4.0,-18.0,-4.0,-18.0,-5.0,-19.0,-5.0,-20.0,-5.0,-20.0,-5.0,-20.0,-4.0,-20.0,-4.0,-20.0,-3.0,-20.0,-2.0,-20.0,-1.0,-21.0,-1.0,-20.0,0.0,-19.0,1.0,-19.0
-6.0,12.0,-5.0,12.0,-5.0,12.0,-6.0,12.0,-6.0,11.0,-5.0,10.0,-4.0,10.0,-3.0,10.0,-3.0,10.0,-3.0,10.0,-3.0,11.0,-2.0,11.0,-2.0,11.0,-2.0,10.0,-1.0,10.0,1.0,10.0,2.0,9.0,2.0,9.0,2.0,8.0,2.0,9.0,3.0,9.0,3.0,10.0,4.0,9.0,5.0,9.0,7.0,11.0,7.0,11.0,10.0,10.0,10.0,11.0,11.0,12.0,11.0,11.0,10.0,11.0,11.0,11.0,12.0,11.0,12.0,11.0,13.0,12.0,14.0,12.0,14.0,13.0,13.0,13.0,13.0,13.0,14.0,14.0,15.0,14.0,16.0,14.0,16.0,15.0,16.0,15.0,15.0,15.0,15.0,15.0,15.0,16.0,14.0,17.0,13.0,17.0,12.0,18.0,10.0,18.0,9.0,17.0
-7.0,-6.0,-7.0,-5.0,-7.0,-5.0,-7.0,-5.0,-7.0,-5.0,-7.0,-5.0,-6.0,-4.0,-6.0,-4.0,-7.0,-3.0,-7.0,-3.0,-7.0,-4.0,-7.0,-3.0,-7.0,-3.0,-7.0,-3.0,-7.0,-3.0,-7.0,-2.0,-7.0,-1.0,-7.0,-1.0,-7.0,0.0,-7.0,0.0,-7.0,0.0,-7.0,0.0,-7.0,0.0,-7.0,1.0,-8.0,1.0,-9.0,1.0,-9.0,3.0,-9.0,3.0,-9.0,3.0,-9.0,4.0,-9.0,3.0,-9.0,4.0,-9.0,4.0,-9.0,4.0,-10.0,5.0,-10.0,5.0,-11.0,5.0,-10.0,4.0,-10.0,4.0,-11.0,5.0,-11.0,5.0,-12.0,6.0,-12.0,5.0,-12.0,5.0,-12.0,5.0,-12.0,5.0,-12.0,4.0,-12.0,4.0,-13.0,3.0,-13.0,2.0,-12.0,1.0,-12.0,1.0
-13.0,-1.0,-13.0,-1.0,-14.0,0.0,-14.0,-1.0,-13.0,-1.0,-12.0,-1.0,-12.0,0.0,-11.0,0.0,-11.0,1.0,-11.0,1.0,-12.0,1.0,-12.0,2.0,-12.0,2.0,-11.0,2.0,-10.0,2.0,-10.0,4.0,-9.0,4.0,-9.0,4.0,-8.0,5.0,-9.0,5.0,-9.0,5.0,-9.0,6.0,-9.0,6.0,-8.0,7.0,-9.0,9.0,-9.0,9.0,-8.0,11.0,-9.0,11.0,-9.0,12.0,-8.0,12.0,-8.0,12.0,-8.0,13.0,-8.0,13.0,-8.0,13.0,-8.0,14.0,-8.0,14.0,-9.0,14.0,-9.0,14.0,-9.0,14.0,-10.0,15.0,-9.0,16.0,-10.0,17.0,-10.0,17.0,-11.0,16.0,-11.0,16.0,-11.0,15.0,-12.0,15.0,-12.0,15.0,-13.0,15.0,-14.0,13.0,-14.0,12.0,-14.0,11.0
-13.0,-2.0,-13.0,-1.0,-14.0,0.0,-14.0,-1.0,-13.0,-2.0,-12.0,-1.0,-12.0,-1.0,-11.0,0.0,-11.0,0.0,-11.0,1.0,-12.0,1.0,-12.0,2.0,-11.0,2.0,-11.0,2.0,-10.0,2.0,-10.0,3.0,-9.0,4.0,-9.0,4.0,-8.0,5.0,-9.0,5.0,-9.0,5.0,-9.0,6.0,-8.0,6.0,-8.0,7.0,-9.0,9.0,-9.0,9.0,-8.0,11.0,-9.0,11.0,-9.0,12.0,-9.0,12.0,-9.0,11.0,-9.0,12.0,-8.0,13.0,-8.0,13.0,-8.0,14.0,-8.0,14.0,-9.0,14.0,-10.0,14.0,-10.0,14.0,-10.0,15.0,-10.0,15.0,-10.0,17.0,-11.0,17.0,-11.0,16.0,-11.0,15.0,-11.0,15.0,-12.0,15.0,-13.0,15.0,-13.0,14.0,-14.0,13.0,-14.0,11.0,-14.0,10.0
2.0,-14.0,1.0,-14.0,1.0,-14.0,2.0,-15.0,2.0,-14.0,1.0,-13.0,0.0,-13.0,-1.0,-12.0,-1.0,-12.0,-1.0,-12.0,-1.0,-13.0,-2.0,-13.0,-2.0,-12.0,-2.0,-12.0,-3.0,-11.0,-4.0,-11.0,-5.0,-11.0,-5.0,-10.0,-5.0,-9.0,-5.0,-10.0,-6.0,-10.0,-7.0,-10.0,-7.0,-10.0,-8.0,-9.0,-9.0,-10.0,-10.0,-11.0,-13.0,-10.0,-13.0,-11.0,-13.0,-11.0,-13.0,-10.0,-13.0,-10.0,-13.0,-10.0,-14.0,-10.0,-14.0,-10.0,-15.0,-10.0,-16.0,-10.0,-16.0,-11.0,-15.0,-11.0,-15.0,-11.0,-16.0,-12.0,-17.0,-12.0,-18.0,-12.0,-18.0,-13.0,-18.0,-13.0,-17.0,-13.0,-17.0,-13.0,-16.0,-14.0,-16.0,-15.0,-15.0,-15.0,-14.0,-16.0,-13.0,-16.0,-12.0,-16.0
15.0,2.0,15.0,1.0,16.0,1.0,16.0,2.0,15.0,2.0,13.0,1.0,13.0,1.0,12.0,0.0,12.0,0.0,13.0,0.0,14.0,0.0,14.0,-1.0,13.0,-2.0,12.0,-2.0,12.0,-2.0,11.0,-4.0,11.0,-5.0,10.0,-5.0,10.0,-6.0,10.0,-6.0,11.0,-6.0,11.0,-7.0,10.0,-7.0,10.0,-9.0,11.0,-10.0,11.0,-10.0,11.0,-13.0,12.0,-13.0,12.0,-14.0,11.0,-14.0,11.0,-14.0,11.0,-15.0,11.0,-16.0,11.0,-16.0,11.0,-16.0,11.0,-17.0,12.0,-17.0,13.0,-16.0,13.0,-16.0,13.0,-17.0,13.0,-18.0,14.0,-19.0,15.0,-19.0,15.0,-18.0,15.0,-17.0,15.0,-17.0,16.0,-17.0,17.0,-17.0,17.0,-16.0,18.0,-14.0,18.0,-12.0,18.0,-11.0
11.0,-6.0,11.0,-7.0,11.0,-7.0,12.0,-7.0,11.0,-6.0,10.0,-6.0,9.0,-6.0,8.0,-7.0,8.0,-7.0,9.0,-7.0,9.0,-7.0,9.0,-8.0,8.0,-8.0,8.0,-8.0,7.0,-8.0,6.0,-9.0,5.0,-9.0,5.0,-8.0,4.0,-9.0,4.0,-9.0,5.0,-10.0,4.0,-10.0,4.0,-10.0,3.0,-11.0,3.0,-13.0,3.0,-13.0,1.0,-14.0,2.0,-15.0,2.0,-15.0,1.0,-15.0,1.0,-15.0,1.0,-15.0,1.0,-16.0,0.0,-16.0,0.0,-17.0,0.0,-17.0,1.0,-17.0,2.0,-17.0,2.0,-17.0,1.0,-18.0,0.0,-19.0,0.0,-19.0,1.0,-20.0,1.0,-19.0,2.0,-19.0,2.0,-19.0,3.0,-19.0,4.0,-19.0,5.0,-19.0,6.0,-18.0,6.0,-17.0,6.0,-16.0
-13.0,1.0,-13.0,1.0,-13.0,2.0,-14.0,1.0,-13.0,1.0,-12.0,1.0,-12.0,2.0,-11.0,2.0,-11.0,2.0,-11.0,3.0,-12.0,3.0,-12.0,3.0,-11.0,4.0,-10.0,3.0,-10.0,4.0,-9.0,5.0,-9.0,5.0,-8.0,5.0,-8.0,6.0,-8.0,6.0,-8.0,6.0,-8.0,7.0,-8.0,7.0,-7.0,8.0,-8.0,10.0,-8.0,10.0,-7.0,12.0,-8.0,12.0,-8.0,13.0,-7.0,13.0,-7.0,12.0,-7.0,13.0,-7.0,13.0,-7.0,14.0,-7.0,14.0,-7.0,14.0,-7.0,15.0,-8.0,14.0,-8.0,14.0,-8.0,15.0,-8.0,16.0,-8.0,17.0,-9.0,17.0,-9.0,16.0,-9.0,15.0,-9.0,15.0,-10.0,15.0,-11.0,15.0,-12.0,15.0,-12.0,14.0,-12.0,12.0,-12.0,11.0
8.0,-14.0,7.0,-14.0,7.0,-15.0,8.0,-15.0,8.0,-13.0,7.0,-13.0,6.0,-13.0,5.0,-13.0,5.0,-12.0,5.0,-13.0,5.0,-14.0,4.0,-14.0,4.0,-14.0,4.0,-13.0,4.0,-13.0,2.0,-13.0,0.0,-13.0,0.0,-12.0,0.0,-12.0,0.0,-13.0,0.0,-13.0,0.0,-14.0,-2.0,-13.0,-3.0,-14.0,-3.0,-16.0,-4.0,-16.0,-6.0,-17.0,-6.0,-18.0,-6.0,-18.0,-6.0,-18.0,-5.0,-17.0,-6.0,-18.0,-6.0,-18.0,-6.0,-18.0,-7.0,-19.0,-8.0,-20.0,-7.0,-20.0,-6.0,-20.0,-6.0,-20.0,-7.0,-21.0,-8.0,-22.0,-8.0,-22.0,-8.0,-23.0,-7.0,-23.0,-6.0,-23.0,-6.0,-23.0,-5.0,-23.0,-4.0,-23.0,-3.0,-23.0,-2.0,-23.0,-1.0,-22.0,0.0,-21.0
-3.0,-14.0,-4.0,-14.0,-4.0,-14.0,-4.0,-15.0,-3.0,-14.0,-3.0,-13.0,-4.0,-12.0,-5.0,-12.0,-5.0,-11.0,-5.0,-12.0,-6.0,-12.0,-6.0,-12.0,-6.0,-11.0,-6.0,-11.0,-6.0,-10.0,-8.0,-10.0,-8.0,-9.0,-8.0,-8.0,-8.0,-8.0,-8.0,-8.0,-9.0,-8.0,-9.0,-8.0,-10.0,-7.0,-11.0,-7.0,-12.0,-7.0,-13.0,-8.0,-15.0,-6.0,-15.0,-6.0,-16.0,-6.0,-16.0,-6.0,-15.0,-6.0,-16.0,-6.0,-16.0,-5.0,-17.0,-5.0,-17.0,-5.0,-18.0,-5.0,-18.0,-6.0,-17.0,-6.0,-17.0,-6.0,-18.0,-6.0,-19.0,-6.0,-21.0,-6.0,-21.0,-6.0,-20.0,-7.0,-20.0,-7.0,-19.0,-7.0,-19.0,-8.0,-19.0,-8.0,-18.0,-9.0,-18.0,-10.0,-16.0,-11.0,-15.0,-11.0
-16.0,-2.0,-15.0,-1.0,-16.0,0.0,-17.0,-1.0,-16.0,-1.0,-14.0,-1.0,-14.0,0.0,-13.0,1.0,-13.0,1.0,-14.0,1.0,-15.0,1.0,-15.0,2.0,-14.0,3.0,-13.0,2.0,-13.0,3.0,-12.0,4.0,-12.0,5.0,-11.0,5.0,-11.0,6.0,-11.0,6.0,-12.0,6.0,-12.0,7.0,-11.0,7.0,-11.0,9.0,-12.0,10.0,-12.0,10.0,-11.0,13.0,-12.0,13.0,-13.0,14.0,-12.0,14.0,-12.0,13.0,-12.0,14.0,-11.0,15.0,-11.0,15.0,-11.0,15.0,-12.0,16.0,-13.0,16.0,-13.0,15.0,-13.0,15.0,-14.0,16.0,-14.0,17.0,-14.0,18.0,-15.0,18.0,-15.0,17.0,-14.0,17.0,-15.0,16.0,-16.0,16.0,-16.0,16.0,-17.0,15.0,-18.0,13.0,-18.0,11.0,-17.0,10.0
-5.0,-14.0,-5.0,-13.0,-6.0,-13.0,-5.0,-14.0,-4.0,-13.0,-5.0,-12.0,-5.0,-11.0,-6.0,-11.0,-6.0,-11.0,-6.0,-11.0,-7.0,-12.0,-7.0,-11.0,-7.0,-11.0,-6.0,-10.0,-7.0,-10.0,-8.0,-9.0,-9.0,-8.0,-8.0,-7.0,-8.0,-7.0,-9.0,-7.0,-9.0,-8.0,-10.0,-7.0,-10.0,-7.0,-11.0,-6.0,-13.0,-7.0,-14.0,-7.0,-15.0,-5.0,-16.0,-6.0,-16.0,-6.0,-16.0,-5.0,-15.0,-6.0,-16.0,-5.0,-16.0,-5.0,-17.0,-5.0,-18.0,-5.0,-18.0,-5.0,-18.0,-6.0,-17.0,-6.0,-17.0,-6.0,-18.0,-6.0,-19.0,-6.0,-20.0,-6.0,-20.0,-6.0,-20.0,-7.0,-19.0,-7.0,-19.0,-7.0,-19.0,-8.0,-19.0,-8.0,-18.0,-9.0,-17.0,-10.0,-16.0,-11.0,-15.0,-11.0
-9.0,12.0,-8.0,12.0,-7.0,13.0,-8.0,13.0,-8.0,12.0,-7.0,11.0,-6.0,11.0,-6.0,11.0,-6.0,11.0,-6.0,12.0,-5.0,13.0,-5.0,13.0,-4.0,13.0,-4.0,12.0,-4.0,12.0,-2.0,12.0,-1.0,12.0,-1.0,11.0,0.0,11.0,0.0,11.0,-1.0,12.0,0.0,13.0,1.0,12.0,2.0,13.0,3.0,14.0,3.0,15.0,6.0,15.0,6.0,16.0,6.0,17.0,6.0,16.0,5.0,16.0,6.0,16.0,7.0,16.0,7.0,17.0,8.0,17.0,9.0,18.0,8.0,18.0,6.0,18.0,6.0,18.0,7.0,19.0,8.0,19.0,9.0,20.0,9.0,20.0,8.0,20.0,8.0,20.0,7.0,20.0,6.0,20.0,5.0,21.0,4.0,21.0,3.0,21.0,2.0,20.0,1.0,19.0
9.0,11.0,10.0,10.0,10.0,10.0,10.0,11.0,9.0,11.0,8.0,9.0,9.0,9.0,9.0,8.0,9.0,7.0,9.0,8.0,10.0,8.0,11.0,7.0,11.0,6.0,10.0,6.0,10.0,6.0,11.0,4.0,11.0,3.0,11.0,3.0,11.0,2.0,11.0,2.0,12.0,2.0,12.0,2.0,12.0,1.0,13.0,0.0,14.0,0.0,15.0,0.0,16.0,-3.0,17.0,-3.0,17.0,-3.0,17.0,-3.0,17.0,-3.0,17.0,-4.0,17.0,-5.0,18.0,-5.0,19.0,-5.0,19.0,-5.0,19.0,-4.0,19.0,-3.0,19.0,-4.0,20.0,-4.0,20.0,-5.0,21.0,-5.0,22.0,-5.0,21.0,-4.0,21.0,-4.0,21.0,-4.0,21.0,-3.0,21.0,-3.0,21.0,-2.0,21.0,0.0,20.0,2.0,19.0,2.0
-4.0,-15.0,-5.0,-15.0,-5.0,-15.0,-4.0,-15.0,-4.0,-14.0,-4.0,-13.0,-5.0,-13.0,-6.0,-12.0,-6.0,-12.0,-6.0,-12.0,-7.0,-13.0,-7.0,-13.0,-7.0,-12.0,-7.0,-11.0,-7.0,-11.0,-9.0,-10.0,-9.0,-9.0,-9.0,-9.0,-9.0,-8.0,-9.0,-8.0,-10.0,-9.0,-10.0,-8.0,-11.0,-8.0,-12.0,-7.0,-14.0,-8.0,-14.0,-9.0,-16.0,-7.0,-17.0,-7.0,-18.0,-7.0,-17.0,-7.0,-17.0,-7.0,-17.0,-7.0,-18.0,-6.0,-18.0,-6.0,-19.0,-7.0,-20.0,-7.0,-20.0,-8.0,-19.0,-8.0,-19.0,-8.0,-20.0,-8.0,-21.0,-8.0,-22.0,-8.0,-22.0,-9.0,-21.0,-9.0,-21.0,-9.0,-20.0,-10.0,-20.0,-10.0,-20.0,-11.0,-19.0,-12.0,-18.0,-13.0,-16.0,-14.0,-15.0,-13.0
38.0,-40.0,36.0,-51.0,41.0,-64.0,55.0,-64.0,59.0,-54.0,51.0,-53.0,32.0,-55.0,19.0,-47.0,24.0,-38.0,35.0,-39.0,41.0,-51.0,37.0,-63.0,34.0,-59.0,33.0,-41.0,30.0,-37.0,26.0,-49.0,24.0,-56.0,23.0,-53.0,14.0,-46.0,13.0,-43.0,18.0,-46.0,16.0,-46.0,14.0,-40.0,13.0,-40.0,17.0,-46.0,21.0,-51.0,-1.0,-54.0,7.0,-63.0,12.0,-61.0,14.0,-53.0,14.0,-48.0,10.0,-46.0,6.0,-48.0,9.0,-51.0,8.0,-53.0,9.0,-52.0,12.0,-48.0,12.0,-36.0,13.0,-29.0,13.0,-36.0,11.0,-46.0,9.0,-54.0,10.0,-52.0,13.0,-43.0,15.0,-34.0,16.0,-32.0,14.0,-34.0,16.0,-27.0,16.0,-17.0,14.0,-16.0,22.0,-16.0,27.0,-14.0
-14.0,7.0,-13.0,8.0,-13.0,8.0,-14.0,8.0,-13.0,7.0,-12.0,6.0,-11.0,7.0,-10.0,7.0,-10.0,7.0,-10.0,8.0,-10.0,9.0,-10.0,10.0,-9.0,9.0,-9.0,9.0,-8.0,9.0,-7.0,10.0,-6.0,10.0,-6.0,10.0,-5.0,10.0,-6.0,10.0,-6.0,11.0,-5.0,11.0,-4.0,11.0,-3.0,12.0,-3.0,14.0,-3.0,15.0,-2.0,16.0,-2.0,17.0,-2.0,17.0,-2.0,17.0,-2.0,17.0,-2.0,17.0,-2.0,18.0,-2.0,18.0,-1.0,18.0,0.0,19.0,-1.0,19.0,-2.0,19.0,-3.0,19.0,-2.0,20.0,-2.0,20.0,-2.0,21.0,-2.0,22.0,-3.0,21.0,-3.0,21.0,-3.0,21.0,-4.0,21.0,-5.0,20.0,-6.0,20.0,-7.0,19.0,-8.0,18.0,-8.0,17.0
-8.0,-11.0,-8.0,-10.0,-9.0,-10.0,-9.0,-11.0,-8.0,-10.0,-7.0,-9.0,-8.0,-8.0,-8.0,-7.0,-8.0,-7.0,-8.0,-7.0,-9.0,-8.0,-10.0,-7.0,-10.0,-7.0,-9.0,-7.0,-9.0,-6.0,-9.0,-5.0,-9.0,-4.0,-9.0,-4.0,-9.0,-3.0,-10.0,-3.0,-10.0,-4.0,-11.0,-3.0,-10.0,-2.0,-11.0,-1.0,-13.0,-1.0,-13.0,-1.0,-14.0,1.0,-15.0,0.0,-15.0,0.0,-15.0,1.0,-14.0,0.0,-15.0,1.0,-15.0,1.0,-15.0,1.0,-16.0,1.0,-16.0,1.0,-16.0,1.0,-16.0,0.0,-16.0,0.0,-17.0,0.0,-17.0,1.0,-18.0,1.0,-18.0,1.0,-18.0,0.0,-17.0,0.0,-17.0,-1.0,-17.0,-1.0,-17.0,-2.0,-17.0,-2.0,-17.0,-3.0,-16.0,-4.0,-15.0,-4.0
0.0,15.0,1.0,14.0,2.0,15.0,1.0,15.0,0.0,14.0,1.0,13.0,2.0,12.0,3.0,12.0,3.0,12.0,3.0,12.0,4.0,13.0,4.0,12.0,4.0,11.0,4.0,11.0,4.0,11.0,6.0,10.0,7.0,9.0,6.0,8.0,7.0,8.0,7.0,8.0,7.0,9.0,8.0,8.0,8.0,8.0,9.0,7.0,11.0,9.0,12.0,9.0,14.0,8.0,14.0,8.0,15.0,8.0,15.0,8.0,14.0,9.0,14.0,8.0,15.0,8.0,15.0,8.0,16.0,9.0,17.0,8.0,17.0,9.0,15.0,10.0,15.0,9.0,16.0,10.0,17.0,10.0,18.0,10.0,18.0,10.0,18.0,11.0,17.0,11.0,17.0,11.0,16.0,12.0,16.0,12.0,15.0,13.0,14.0,13.0,13.0,14.0,12.0,14.0
8.0,10.0,9.0,9.0,9.0,9.0,9.0,10.0,8.0,9.0,8.0,8.0,8.0,7.0,8.0,7.0,8.0,6.0,8.0,6.0,9.0,7.0,10.0,6.0,9.0,5.0,9.0,5.0,9.0,4.0,10.0,3.0,10.0,2.0,9.0,2.0,9.0,1.0,10.0,1.0,10.0,1.0,11.0,1.0,10.0,1.0,11.0,-1.0,13.0,-1.0,13.0,0.0,14.0,-2.0,15.0,-2.0,15.0,-3.0,15.0,-2.0,15.0,-2.0,15.0,-3.0,15.0,-3.0,15.0,-3.0,16.0,-3.0,16.0,-3.0,17.0,-2.0,16.0,-2.0,16.0,-2.0,17.0,-2.0,17.0,-2.0,18.0,-3.0,18.0,-3.0,18.0,-2.0,18.0,-2.0,17.0,-1.0,18.0,-1.0,18.0,0.0,17.0,0.0,17.0,2.0,16.0,3.0,15.0,4.0
13.0,-4.0,12.0,-5.0,12.0,-6.0,13.0,-5.0,12.0,-4.0,11.0,-4.0,10.0,-5.0,9.0,-6.0,9.0,-6.0,9.0,-6.0,10.0,-6.0,10.0,-7.0,9.0,-7.0,9.0,-7.0,8.0,-7.0,7.0,-9.0,6.0,-9.0,6.0,-8.0,5.0,-9.0,6.0,-9.0,6.0,-10.0,6.0,-10.0,5.0,-10.0,5.0,-11.0,5.0,-13.0,5.0,-13.0,3.0,-15.0,4.0,-15.0,4.0,-16.0,4.0,-16.0,4.0,-15.0,5.0,-16.0,4.0,-16.0,4.0,-16.0,4.0,-16.0,3.0,-17.0,4.0,-17.0,5.0,-16.0,5.0,-16.0,5.0,-17.0,5.0,-18.0,5.0,-18.0,5.0,-19.0,6.0,-18.0,6.0,-18.0,6.0,-17.0,6.0,-17.0,7.0,-17.0,8.0,-17.0,9.0,-16.0,9.0,-14.0,9.0,-13.0
-8.0,-15.0,-8.0,-14.0,-9.0,-14.0,-8.0,-14.0,-7.0,-13.0,-7.0,-12.0,-8.0,-11.0,-8.0,-10.0,-8.0,-10.0,-9.0,-10.0,-10.0,-10.0,-10.0,-10.0,-10.0,-9.0,-9.0,-8.0,-10.0,-8.0,-11.0,-7.0,-11.0,-6.0,-11.0,-5.0,-11.0,-4.0,-11.0,-5.0,-12.0,-5.0,-13.0,-5.0,-13.0,-4.0,-14.0,-3.0,-15.0,-3.0,-16.0,-4.0,-17.0,-2.0,-18.0,-2.0,-19.0,-2.0,-18.0,-2.0,-17.0,-2.0,-18.0,-2.0,-18.0,-1.0,-19.0,-1.0,-19.0,-1.0,-20.0,-1.0,-20.0,-2.0,-19.0,-2.0,-19.0,-2.0,-20.0,-2.0,-20.0,-2.0,-21.0,-2.0,-22.0,-2.0,-21.0,-2.0,-21.0,-3.0,-20.0,-3.0,-20.0,-4.0,-20.0,-4.0,-20.0,-5.0,-20.0,-6.0,-18.0,-7.0,-17.0,-8.0
-3.0,-15.0,-3.0,-14.0,-4.0,-15.0,-3.0,-15.0,-2.0,-14.0,-3.0,-13.0,-4.0,-12.0,-4.0,-12.0,-5.0,-11.0,-5.0,-11.0,-5.0,-12.0,-6.0,-12.0,-6.0,-11.0,-6.0,-10.0,-6.0,-10.0,-8.0,-9.0,-8.0,-9.0,-8.0,-8.0,-8.0,-7.0,-8.0,-8.0,-9.0,-8.0,-9.0,-8.0,-9.0,-8.0,-11.0,-7.0,-12.0,-8.0,-13.0,-8.0,-14.0,-7.0,-14.0,-8.0,-15.0,-8.0,-15.0,-7.0,-14.0,-7.0,-14.0,-7.0,-15.0,-7.0,-15.0,-7.0,-16.0,-7.0,-16.0,-7.0,-16.0,-8.0,-15.0,-8.0,-15.0,-8.0,-16.0,-8.0,-16.0,-8.0,-17.0,-8.0,-18.0,-8.0,-17.0,-9.0,-17.0,-9.0,-16.0,-9.0,-16.0,-10.0,-16.0,-10.0,-15.0,-11.0,-14.0,-12.0,-13.0,-13.0,-12.0,-13.0
0.0,14.0,1.0,13.0,1.0,13.0,0.0,14.0,0.0,13.0,1.0,12.0,1.0,11.0,2.0,11.0,2.0,10.0,2.0,10.0,3.0,11.0,4.0,11.0,4.0,10.0,3.0,9.0,4.0,9.0,5.0,9.0,6.0,8.0,5.0,8.0,6.0,7.0,6.0,7.0,6.0,8.0,6.0,8.0,6.0,7.0,8.0,7.0,9.0,8.0,10.0,9.0,11.0,8.0,11.0,8.0,12.0,8.0,11.0,8.0,10.0,8.0,11.0,8.0,12.0,8.0,12.0,8.0,12.0,8.0,13.0,8.0,12.0,8.0,11.0,9.0,11.0,9.0,12.0,9.0,13.0,9.0,14.0,10.0,14.0,10.0,14.0,10.0,13.0,10.0,13.0,10.0,12.0,11.0,11.0,11.0,11.0,12.0,10.0,12.0,9.0,12.0,8.0,12.0
-8.0,-11.0,-8.0,-10.0,-9.0,-10.0,-8.0,-10.0,-7.0,-10.0,-7.0,-9.0,-8.0,-9.0,-8.0,-8.0,-8.0,-7.0,-8.0,-7.0,-9.0,-8.0,-9.0,-8.0,-9.0,-7.0,-8.0,-6.0,-8.0,-6.0,-9.0,-5.0,-9.0,-4.0,-9.0,-4.0,-9.0,-3.0,-9.0,-4.0,-10.0,-4.0,-10.0,-4.0,-10.0,-3.0,-11.0,-2.0,-12.0,-3.0,-13.0,-3.0,-13.0,-2.0,-14.0,-2.0,-14.0,-2.0,-14.0,-2.0,-13.0,-2.0,-14.0,-2.0,-14.0,-1.0,-14.0,-1.0,-15.0,-1.0,-15.0,-1.0,-15.0,-2.0,-14.0,-2.0,-14.0,-2.0,-15.0,-2.0,-16.0,-2.0,-16.0,-2.0,-17.0,-2.0,-16.0,-3.0,-16.0,-3.0,-16.0,-3.0,-15.0,-4.0,-15.0,-4.0,-15.0,-5.0,-14.0,-6.0,-14.0,-7.0,-13.0,-7.0
-14.0,-5.0,-14.0,-4.0,-15.0,-3.0,-15.0,-4.0,-14.0,-4.0,-13.0,-3.0,-12.0,-2.0,-12.0,-2.0,-12.0,-1.0,-12.0,-1.0,-13.0,-1.0,-13.0,-1.0,-13.0,0.0,-12.0,0.0,-11.0,0.0,-11.0,2.0,-11.0,3.0,-11.0,2.0,-10.0,3.0,-11.0,4.0,-11.0,4.0,-11.0,4.0,-11.0,4.0,-11.0,6.0,-12.0,6.0,-13.0,6.0,-12.0,8.0,-13.0,9.0,-13.0,9.0,-13.0,9.0,-13.0,8.0,-13.0,9.0,-13.0,10.0,-13.0,10.0,-13.0,10.0,-13.0,10.0,-14.0,10.0,-14.0,9.0,-14.0,9.0,-14.0,10.0,-14.0,10.0,-15.0,11.0,-15.0,11.0,-15.0,10.0,-15.0,9.0,-15.0,9.0,-15.0,9.0,-16.0,8.0,-16.0,8.0,-16.0,6.0,-16.0,5.0,-15.0,4.0
6.0,10.0,7.0,9.0,8.0,9.0,7.0,10.0,6.0,9.0,6.0,8.0,6.0,8.0,7.0,7.0,7.0,7.0,7.0,7.0,8.0,7.0,8.0,7.0,8.0,6.0,7.0,6.0,7.0,5.0,9.0,4.0,9.0,3.0,8.0,3.0,8.0,2.0,8.0,3.0,9.0,3.0,9.0,3.0,9.0,2.0,10.0,2.0,11.0,2.0,12.0,2.0,13.0,1.0,13.0,1.0,14.0,0.0,13.0,1.0,13.0,1.0,13.0,1.0,14.0,0.0,14.0,0.0,14.0,0.0,15.0,0.0,15.0,1.0,14.0,1.0,14.0,1.0,15.0,1.0,15.0,1.0,16.0,1.0,16.0,1.0,16.0,1.0,15.0,2.0,15.0,2.0,15.0,3.0,15.0,3.0,15.0,4.0,14.0,5.0,13.0,5.0,12.0,6.0
11.0,8.0,11.0,7.0,12.0,6.0,12.0,7.0,11.0,7.0,10.0,6.0,10.0,5.0,10.0,4.0,10.0,4.0,10.0,4.0,11.0,4.0,12.0,3.0,11.0,2.0,11.0,3.0,10.0,2.0,11.0,1.0,11.0,0.0,10.0,0.0,10.0,-1.0,11.0,-1.0,11.0,-1.0,11.0,-1.0,11.0,-2.0,12.0,-3.0,13.0,-4.0,14.0,-3.0,14.0,-5.0,15.0,-5.0,15.0,-6.0,15.0,-6.0,14.0,-5.0,15.0,-6.0,15.0,-6.0,15.0,-6.0,16.0,-6.0,16.0,-6.0,16.0,-6.0,16.0,-5.0,16.0,-5.0,16.0,-5.0,17.0,-5.0,17.0,-6.0,18.0,-6.0,17.0,-5.0,17.0,-4.0,17.0,-4.0,18.0,-4.0,18.0,-3.0,18.0,-3.0,17.0,-2.0,16.0,0.0,15.0,1.0
12.0,3.0,12.0,2.0,12.0,1.0,12.0,2.0,11.0,2.0,10.0,1.0,10.0,1.0,10.0,0.0,10.0,0.0,10.0,-1.0,11.0,-1.0,11.0,-2.0,10.0,-2.0,10.0,-2.0,9.0,-2.0,9.0,-4.0,9.0,-4.0,8.0,-4.0,8.0,-5.0,9.0,-5.0,9.0,-5.0,9.0,-6.0,9.0,-6.0,9.0,-7.0,10.0,-8.0,10.0,-8.0,10.0,-10.0,11.0,-10.0,11.0,-10.0,10.0,-10.0,10.0,-10.0,10.0,-10.0,10.0,-11.0,11.0,-11.0,11.0,-11.0,11.0,-11.0,11.0,-11.0,11.0,-10.0,12.0,-11.0,12.0,-11.0,12.0,-11.0,12.0,-12.0,13.0,-12.0,13.0,-11.0,12.0,-10.0,13.0,-10.0,13.0,-10.0,13.0,-9.0,14.0,-9.0,14.0,-8.0,13.0,-6.0,13.0,-5.0
-11.0,-12.0,-11.0,-11.0,-12.0,-10.0,-12.0,-11.0,-11.0,-11.0,-10.0,-10.0,-11.0,-9.0,-11.0,-8.0,-11.0,-7.0,-11.0,-7.0,-12.0,-8.0,-13.0,-7.0,-12.0,-6.0,-11.0,-6.0,-12.0,-5.0,-13.0,-4.0,-13.0,-3.0,-12.0,-2.0,-12.0,-2.0,-12.0,-2.0,-13.0,-2.0,-13.0,-1.0,-13.0,-1.0,-14.0,0.0,-16.0,1.0,-17.0,0.0,-17.0,3.0,-18.0,2.0,-19.0,3.0,-18.0,3.0,-18.0,2.0,-18.0,3.0,-18.0,3.0,-19.0,3.0,-19.0,3.0,-20.0,3.0,-20.0,3.0,-19.0,2.0,-19.0,2.0,-20.0,2.0,-21.0,3.0,-21.0,3.0,-22.0,3.0,-22.0,2.0,-21.0,1.0,-21.0,1.0,-21.0,0.0,-21.0,0.0,-20.0,-1.0,-20.0,-3.0,-19.0,-4.0,-18.0,-5.0
14.0,-3.0,14.0,-5.0,14.0,-5.0,15.0,-5.0,13.0,-4.0,12.0,-4.0,11.0,-5.0,10.0,-6.0,10.0,-6.0,11.0,-6.0,11.0,-7.0,11.0,-8.0,11.0,-8.0,10.0,-8.0,9.0,-8.0,8.0,-10.0,8.0,-10.0,7.0,-10.0,7.0,-10.0,7.0,-10.0,7.0,-11.0,7.0,-12.0,7.0,-12.0,6.0,-13.0,7.0,-15.0,7.0,-15.0,5.0,-17.0,6.0,-17.0,7.0,-18.0,6.0,-17.0,6.0,-17.0,6.0,-18.0,6.0,-18.0,6.0,-18.0,6.0,-19.0,5.0,-19.0,6.0,-19.0,7.0,-18.0,7.0,-18.0,7.0,-19.0,7.0,-20.0,7.0,-21.0,8.0,-21.0,8.0,-20.0,8.0,-19.0,8.0,-19.0,9.0,-19.0,10.0,-19.0,11.0,-18.0,12.0,-17.0,12.0,-15.0,12.0,-14.0
6.0,-13.0,5.0,-13.0,5.0,-14.0,6.0,-14.0,6.0,-13.0,5.0,-12.0,3.0,-12.0,3.0,-12.0,2.0,-12.0,2.0,-12.0,2.0,-13.0,1.0,-13.0,1.0,-12.0,1.0,-12.0,0.0,-12.0,-1.0,-12.0,-2.0,-12.0,-2.0,-11.0,-3.0,-11.0,-3.0,-11.0,-2.0,-12.0,-3.0,-12.0,-4.0,-12.0,-5.0,-12.0,-6.0,-14.0,-6.0,-15.0,-8.0,-14.0,-8.0,-15.0,-8.0,-16.0,-8.0,-15.0,-8.0,-15.0,-8.0,-15.0,-8.0,-15.0,-9.0,-15.0,-9.0,-16.0,-10.0,-16.0,-9.0,-17.0,-8.0,-16.0,-8.0,-17.0,-8.0,-17.0,-9.0,-17.0,-10.0,-18.0,-10.0,-18.0,-9.0,-18.0,-8.0,-18.0,-8.0,-18.0,-7.0,-18.0,-6.0,-18.0,-5.0,-18.0,-4.0,-19.0,-3.0,-18.0,-2.0,-17.0
-4.0,12.0,-3.0,11.0,-3.0,12.0,-4.0,12.0,-4.0,11.0,-3.0,10.0,-2.0,10.0,-1.0,10.0,-1.0,10.0,-1.0,10.0,-1.0,11.0,0.0,11.0,0.0,10.0,0.0,9.0,1.0,9.0,2.0,9.0,3.0,9.0,3.0,9.0,3.0,8.0,3.0,9.0,3.0,9.0,4.0,9.0,4.0,9.0,5.0,9.0,6.0,10.0,7.0,11.0,8.0,10.0,8.0,11.0,9.0,11.0,9.0,11.0,8.0,11.0,8.0,11.0,9.0,11.0,9.0,11.0,9.0,11.0,10.0,11.0,10.0,12.0,9.0,12.0,8.0,12.0,9.0,12.0,10.0,13.0,10.0,13.0,10.0,14.0,10.0,13.0,9.0,13.0,9.0,13.0,8.0,13.0,7.0,14.0,6.0,14.0,6.0,14.0,5.0,14.0,4.0,13.0
-3.0,-15.0,-4.0,-14.0,-5.0,-14.0,-4.0,-15.0,-4.0,-14.0,-4.0,-13.0,-5.0,-12.0,-5.0,-12.0,-5.0,-11.0,-6.0,-11.0,-6.0,-12.0,-7.0,-12.0,-7.0,-11.0,-7.0,-10.0,-7.0,-10.0,-9.0,-10.0,-9.0,-9.0,-9.0,-8.0,-9.0,-7.0,-9.0,-8.0,-10.0,-8.0,-10.0,-8.0,-10.0,-7.0,-12.0,-7.0,-13.0,-8.0,-14.0,-8.0,-15.0,-7.0,-15.0,-7.0,-16.0,-7.0,-16.0,-7.0,-15.0,-7.0,-15.0,-7.0,-16.0,-7.0,-16.0,-7.0,-16.0,-7.0,-17.0,-7.0,-17.0,-8.0,-16.0,-8.0,-16.0,-8.0,-17.0,-8.0,-17.0,-8.0,-18.0,-8.0,-19.0,-9.0,-18.0,-9.0,-17.0,-9.0,-17.0,-10.0,-16.0,-10.0,-16.0,-11.0,-15.0,-11.0,-14.0,-12.0,-13.0,-12.0,-12.0,-13.0
7.0,-14.0,6.0,-15.0,5.0,-15.0,6.0,-15.0,6.0,-14.0,5.0,-13.0,4.0,-13.0,3.0,-13.0,3.0,-13.0,3.0,-13.0,3.0,-14.0,3.0,-14.0,2.0,-14.0,2.0,-13.0,2.0,-13.0,-1.0,-14.0,-2.0,-13.0,-2.0,-13.0,-2.0,-13.0,-2.0,-13.0,-1.0,-14.0,-2.0,-14.0,-3.0,-14.0,-4.0,-14.0,-4.0,-16.0,-5.0,-16.0,-7.0,-16.0,-7.0,-18.0,-7.0,-18.0,-7.0,-17.0,-6.0,-17.0,-7.0,-17.0,-7.0,-18.0,-7.0,-18.0,-8.0,-18.0,-8.0,-18.0,-7.0,-19.0,-6.0,-19.0,-6.0,-19.0,-7.0,-19.0,-8.0,-20.0,-8.0,-20.0,-8.0,-21.0,-7.0,-21.0,-7.0,-20.0,-6.0,-20.0,-5.0,-20.0,-4.0,-21.0,-2.0,-21.0,-1.0,-21.0,0.0,-19.0,0.0,-19.0
2.0,14.0,3.0,14.0,3.0,14.0,2.0,15.0,2.0,14.0,2.0,12.0,3.0,12.0,4.0,11.0,4.0,11.0,4.0,11.0,4.0,12.0,5.0,12.0,5.0,11.0,5.0,10.0,5.0,10.0,7.0,9.0,8.0,9.0,7.0,8.0,7.0,8.0,7.0,8.0,8.0,8.0,8.0,8.0,8.0,8.0,9.0,7.0,11.0,8.0,12.0,9.0,13.0,7.0,13.0,8.0,14.0,8.0,14.0,8.0,13.0,8.0,13.0,8.0,14.0,7.0,14.0,7.0,15.0,7.0,15.0,8.0,15.0,8.0,14.0,9.0,14.0,8.0,15.0,8.0,15.0,9.0,16.0,9.0,16.0,9.0,16.0,10.0,15.0,10.0,15.0,10.0,15.0,10.0,14.0,11.0,13.0,11.0,12.0,12.0,11.0,12.0,10.0,12.0
-2.0,-14.0,-3.0,-13.0,-4.0,-14.0,-3.0,-14.0,-3.0,-13.0,-3.0,-12.0,-4.0,-12.0,-4.0,-11.0,-4.0,-11.0,-5.0,-11.0,-5.0,-12.0,-6.0,-12.0,-6.0,-11.0,-5.0,-10.0,-5.0,-10.0,-7.0,-10.0,-8.0,-9.0,-7.0,-9.0,-7.0,-8.0,-8.0,-8.0,-8.0,-9.0,-8.0,-9.0,-8.0,-8.0,-10.0,-8.0,-11.0,-8.0,-11.0,-9.0,-13.0,-8.0,-13.0,-8.0,-13.0,-9.0,-13.0,-8.0,-12.0,-8.0,-13.0,-8.0,-13.0,-8.0,-13.0,-8.0,-14.0,-8.0,-15.0,-8.0,-14.0,-9.0,-13.0,-9.0,-13.0,-9.0,-14.0,-9.0,-15.0,-9.0,-15.0,-9.0,-15.0,-9.0,-15.0,-10.0,-14.0,-10.0,-14.0,-10.0,-14.0,-10.0,-13.0,-11.0,-12.0,-11.0,-12.0,-11.0,-11.0,-12.0,-10.0,-12.0
-6.0,14.0,-5.0,14.0,-5.0,14.0,-6.0,14.0,-6.0,13.0,-5.0,12.0,-4.0,12.0,-3.0,12.0,-3.0,12.0,-3.0,12.0,-3.0,13.0,-2.0,13.0,-2.0,13.0,-2.0,12.0,-2.0,12.0,0.0,12.0,1.0,12.0,1.0,11.0,1.0,11.0,1.0,11.0,1.0,12.0,1.0,12.0,2.0,12.0,3.0,12.0,4.0,14.0,4.0,15.0,6.0,14.0,5.0,15.0,6.0,15.0,5.0,15.0,5.0,14.0,5.0,15.0,6.0,15.0,6.0,15.0,6.0,16.0,7.0,16.0,6.0,16.0,5.0,16.0,5.0,15.0,5.0,16.0,6.0,17.0,6.0,17.0,6.0,18.0,5.0,17.0,5.0,17.0,4.0,17.0,4.0,17.0,3.0,17.0,2.0,17.0,1.0,17.0,0.0,17.0,0.0,16.0
-15.0,7.0,-14.0,8.0,-15.0,9.0,-16.0,8.0,-14.0,7.0,-13.0,7.0,-12.0,7.0,-12.0,8.0,-11.0,8.0,-12.0,8.0,-12.0,9.0,-12.0,10.0,-11.0,10.0,-11.0,9.0,-11.0,9.0,-9.0,10.0,-8.0,10.0,-8.0,10.0,-8.0,10.0,-8.0,10.0,-9.0,11.0,-8.0,12.0,-7.0,12.0,-7.0,13.0,-7.0,15.0,-7.0,15.0,-6.0,16.0,-7.0,17.0,-7.0,17.0,-7.0,17.0,-7.0,16.0,-7.0,17.0,-7.0,17.0,-7.0,17.0,-6.0,17.0,-6.0,18.0,-7.0,18.0,-8.0,17.0,-8.0,17.0,-8.0,18.0,-8.0,18.0,-8.0,19.0,-9.0,19.0,-9.0,18.0,-9.0,18.0,-9.0,17.0,-10.0,17.0,-11.0,17.0,-12.0,16.0,-12.0,15.0,-12.0,14.0,-12.0,13.0
3.0,-16.0,2.0,-15.0,1.0,-16.0,2.0,-16.0,2.0,-15.0,2.0,-14.0,1.0,-14.0,0.0,-14.0,0.0,-13.0,0.0,-14.0,-1.0,-15.0,-1.0,-15.0,-2.0,-14.0,-1.0,-13.0,-2.0,-13.0,-3.0,-14.0,-4.0,-13.0,-4.0,-12.0,-4.0,-12.0,-4.0,-12.0,-4.0,-13.0,-5.0,-13.0,-5.0,-12.0,-7.0,-12.0,-8.0,-14.0,-8.0,-15.0,-10.0,-14.0,-10.0,-15.0,-10.0,-15.0,-10.0,-14.0,-9.0,-14.0,-10.0,-14.0,-10.0,-14.0,-10.0,-15.0,-11.0,-15.0,-11.0,-15.0,-11.0,-15.0,-9.0,-15.0,-9.0,-15.0,-10.0,-16.0,-11.0,-16.0,-12.0,-17.0,-12.0,-17.0,-11.0,-17.0,-10.0,-17.0,-10.0,-17.0,-9.0,-17.0,-8.0,-17.0,-7.0,-17.0,-7.0,-17.0,-5.0,-17.0,-4.0,-17.0
-11.0,11.0,-9.0,11.0,-9.0,12.0,-10.0,12.0,-10.0,11.0,-9.0,10.0,-8.0,10.0,-7.0,11.0,-7.0,11.0,-7.0,11.0,-7.0,12.0,-6.0,12.0,-6.0,12.0,-6.0,11.0,-5.0,11.0,-4.0,12.0,-3.0,12.0,-2.0,11.0,-2.0,11.0,-3.0,12.0,-3.0,12.0,-2.0,13.0,-1.0,12.0,-1.0,13.0,0.0,15.0,0.0,15.0,2.0,16.0,1.0,16.0,1.0,17.0,1.0,16.0,1.0,16.0,1.0,16.0,2.0,16.0,2.0,16.0,3.0,17.0,3.0,17.0,2.0,17.0,1.0,17.0,1.0,17.0,1.0,18.0,2.0,18.0,2.0,19.0,2.0,19.0,2.0,18.0,2.0,18.0,1.0,18.0,0.0,18.0,-1.0,18.0,-2.0,18.0,-3.0,18.0,-4.0,16.0,-4.0,15.0
-12.0,6.0,-11.0,7.0,-11.0,8.0,-12.0,7.0,-11.0,7.0,-10.0,6.0,-9.0,7.0,-9.0,7.0,-8.0,7.0,-9.0,7.0,-9.0,8.0,-9.0,9.0,-8.0,9.0,-8.0,8.0,-8.0,8.0,-6.0,9.0,-6.0,9.0,-6.0,9.0,-5.0,9.0,-5.0,9.0,-6.0,10.0,-5.0,10.0,-5.0,10.0,-4.0,11.0,-4.0,12.0,-4.0,13.0,-3.0,13.0,-4.0,14.0,-4.0,15.0,-3.0,14.0,-3.0,14.0,-3.0,14.0,-3.0,14.0,-3.0,14.0,-2.0,14.0,-2.0,15.0,-3.0,15.0,-4.0,14.0,-4.0,14.0,-4.0,15.0,-3.0,15.0,-3.0,16.0,-4.0,16.0,-4.0,16.0,-4.0,15.0,-4.0,15.0,-5.0,15.0,-6.0,15.0,-7.0,15.0,-7.0,14.0,-8.0,12.0,-8.0,11.0
-10.0,-10.0,-10.0,-9.0,-11.0,-9.0,-11.0,-9.0,-10.0,-9.0,-10.0,-8.0,-10.0,-7.0,-10.0,-7.0,-10.0,-7.0,-10.0,-7.0,-11.0,-7.0,-12.0,-6.0,-11.0,-6.0,-11.0,-5.0,-10.0,-5.0,-11.0,-4.0,-11.0,-3.0,-11.0,-3.0,-10.0,-2.0,-11.0,-2.0,-12.0,-2.0,-12.0,-2.0,-12.0,-2.0,-12.0,-1.0,-13.0,-1.0,-14.0,-1.0,-15.0,1.0,-15.0,1.0,-16.0,1.0,-15.0,1.0,-15.0,1.0,-15.0,1.0,-15.0,1.0,-15.0,1.0,-16.0,1.0,-16.0,1.0,-16.0,1.0,-16.0,0.0,-16.0,1.0,-16.0,1.0,-17.0,1.0,-17.0,1.0,-17.0,1.0,-17.0,0.0,-17.0,0.0,-16.0,0.0,-17.0,-1.0,-17.0,-1.0,-16.0,-2.0,-16.0,-3.0,-15.0,-4.0,-14.0,-5.0
11.0,9.0,11.0,8.0,12.0,7.0,12.0,8.0,11.0,8.0,10.0,7.0,10.0,6.0,10.0,6.0,10.0,5.0,11.0,6.0,12.0,6.0,12.0,5.0,12.0,4.0,11.0,4.0,11.0,4.0,12.0,2.0,12.0,1.0,11.0,1.0,11.0,0.0,11.0,0.0,11.0,1.0,12.0,0.0,12.0,0.0,12.0,-1.0,14.0,-1.0,14.0,-1.0,15.0,-3.0,15.0,-3.0,16.0,-4.0,15.0,-4.0,15.0,-3.0,15.0,-4.0,15.0,-4.0,16.0,-4.0,16.0,-4.0,17.0,-4.0,17.0,-3.0,16.0,-3.0,16.0,-3.0,17.0,-3.0,17.0,-4.0,18.0,-4.0,18.0,-4.0,18.0,-3.0,17.0,-3.0,17.0,-2.0,17.0,-2.0,17.0,-1.0,17.0,0.0,17.0,1.0,16.0,3.0,15.0,3.0
12.0,-10.0,11.0,-11.0,11.0,-12.0,12.0,-11.0,11.0,-10.0,10.0,-10.0,9.0,-10.0,8.0,-10.0,8.0,-10.0,8.0,-11.0,9.0,-11.0,8.0,-12.0,8.0,-12.0,8.0,-11.0,7.0,-11.0,6.0,-12.0,4.0,-12.0,4.0,-12.0,4.0,-12.0,4.0,-12.0,5.0,-13.0,4.0,-13.0,3.0,-13.0,3.0,-14.0,3.0,-16.0,3.0,-16.0,1.0,-17.0,2.0,-18.0,2.0,-19.0,2.0,-18.0,2.0,-17.0,2.0,-18.0,2.0,-18.0,2.0,-18.0,1.0,-19.0,0.0,-19.0,1.0,-19.0,3.0,-19.0,3.0,-19.0,3.0,-20.0,2.0,-20.0,2.0,-21.0,3.0,-21.0,3.0,-21.0,3.0,-20.0,4.0,-20.0,5.0,-19.0,6.0,-19.0,7.0,-19.0,7.0,-18.0,8.0,-17.0,8.0,-16.0
-9.0,-10.0,-10.0,-9.0,-11.0,-9.0,-10.0,-10.0,-9.0,-10.0,-9.0,-9.0,-9.0,-8.0,-9.0,-7.0,-9.0,-7.0,-9.0,-7.0,-10.0,-7.0,-11.0,-6.0,-11.0,-6.0,-10.0,-6.0,-10.0,-5.0,-11.0,-4.0,-11.0,-3.0,-10.0,-3.0,-10.0,-3.0,-10.0,-3.0,-11.0,-3.0,-11.0,-3.0,-11.0,-2.0,-12.0,-1.0,-13.0,-1.0,-13.0,-1.0,-14.0,1.0,-15.0,0.0,-15.0,1.0,-15.0,1.0,-14.0,0.0,-15.0,1.0,-15.0,1.0,-15.0,1.0,-15.0,1.0,-15.0,2.0,-15.0,1.0,-15.0,0.0,-16.0,0.0,-16.0,1.0,-16.0,1.0,-17.0,1.0,-17.0,1.0,-17.0,0.0,-16.0,0.0,-16.0,-1.0,-16.0,-1.0,-17.0,-1.0,-16.0,-2.0,-16.0,-3.0,-15.0,-4.0,-14.0,-4.0
-8.0,14.0,-6.0,14.0,-6.0,14.0,-7.0,14.0,-7.0,14.0,-6.0,13.0,-5.0,12.0,-4.0,12.0,-4.0,12.0,-4.0,12.0,-4.0,13.0,-3.0,14.0,-3.0,13.0,-3.0,12.0,-3.0,12.0,-1.0,13.0,0.0,12.0,0.0,12.0,1.0,12.0,0.0,12.0,0.0,12.0,1.0,13.0,2.0,12.0,3.0,13.0,3.0,14.0,4.0,15.0,6.0,15.0,5.0,16.0,5.0,16.0,6.0,16.0,5.0,16.0,6.0,16.0,6.0,16.0,6.0,16.0,7.0,16.0,7.0,17.0,7.0,17.0,5.0,17.0,5.0,17.0,6.0,18.0,6.0,18.0,7.0,19.0,7.0,20.0,6.0,19.0,6.0,19.0,5.0,19.0,4.0,19.0,3.0,19.0,2.0,19.0,1.0,19.0,0.0,18.0,-1.0,17.0
11.0,6.0,11.0,5.0,12.0,5.0,12.0,5.0,11.0,5.0,10.0,5.0,10.0,4.0,10.0,3.0,10.0,3.0,10.0,3.0,11.0,3.0,11.0,2.0,11.0,1.0,10.0,1.0,10.0,1.0,10.0,0.0,10.0,-1.0,9.0,-1.0,9.0,-2.0,9.0,-2.0,10.0,-2.0,10.0,-2.0,10.0,-3.0,10.0,-4.0,11.0,-4.0,12.0,-4.0,12.0,-6.0,13.0,-6.0,13.0,-6.0,13.0,-6.0,12.0,-6.0,12.0,-7.0,12.0,-7.0,12.0,-7.0,13.0,-7.0,13.0,-8.0,14.0,-7.0,14.0,-6.0,13.0,-7.0,14.0,-7.0,14.0,-7.0,14.0,-8.0,15.0,-8.0,15.0,-7.0,15.0,-6.0,15.0,-6.0,15.0,-6.0,15.0,-5.0,15.0,-5.0,15.0,-4.0,14.0,-2.0,14.0,-1.0
4.0,-10.0,3.0,-10.0,3.0,-11.0,3.0,-11.0,3.0,-10.0,3.0,-9.0,2.0,-9.0,1.0,-9.0,1.0,-9.0,1.0,-9.0,1.0,-10.0,1.0,-10.0,1.0,-10.0,1.0,-9.0,0.0,-9.0,-1.0,-9.0,-2.0,-9.0,-2.0,-8.0,-2.0,-8.0,-2.0,-9.0,-2.0,-9.0,-2.0,-9.0,-2.0,-9.0,-3.0,-9.0,-3.0,-10.0,-4.0,-10.0,-5.0,-10.0,-5.0,-11.0,-5.0,-11.0,-5.0,-11.0,-5.0,-10.0,-5.0,-11.0,-6.0,-11.0,-6.0,-11.0,-6.0,-11.0,-7.0,-11.0,-6.0,-12.0,-5.0,-12.0,-5.0,-12.0,-6.0,-12.0,-6.0,-12.0,-6.0,-13.0,-6.0,-13.0,-6.0,-13.0,-6.0,-13.0,-5.0,-13.0,-5.0,-13.0,-4.0,-13.0,-3.0,-14.0,-2.0,-13.0,-2.0,-13.0,-1.0,-12.0
-5.0,-16.0,-6.0,-16.0,-6.0,-16.0,-6.0,-17.0,-5.0,-16.0,-5.0,-14.0,-6.0,-14.0,-7.0,-13.0,-7.0,-12.0,-7.0,-13.0,-8.0,-13.0,-9.0,-13.0,-8.0,-12.0,-8.0,-12.0,-8.0,-11.0,-10.0,-11.0,-10.0,-10.0,-10.0,-9.0,-10.0,-8.0,-10.0,-9.0,-10.0,-9.0,-11.0,-9.0,-11.0,-8.0,-12.0,-8.0,-14.0,-9.0,-15.0,-9.0,-16.0,-7.0,-16.0,-8.0,-17.0,-8.0,-16.0,-8.0,-16.0,-8.0,-16.0,-8.0,-17.0,-7.0,-17.0,-7.0,-18.0,-7.0,-18.0,-7.0,-18.0,-8.0,-17.0,-8.0,-17.0,-9.0,-18.0,-9.0,-19.0,-9.0,-20.0,-9.0,-20.0,-9.0,-20.0,-10.0,-19.0,-10.0,-19.0,-10.0,-18.0,-11.0,-17.0,-11.0,-17.0,-12.0,-16.0,-13.0,-15.0,-13.0,-14.0,-13.0
-15.0,-6.0,-15.0,-5.0,-15.0,-4.0,-16.0,-5.0,-14.0,-5.0,-13.0,-5.0,-13.0,-4.0,-13.0,-3.0,-13.0,-3.0,-13.0,-3.0,-14.0,-3.0,-15.0,-3.0,-14.0,-2.0,-13.0,-2.0,-13.0,-1.0,-13.0,0.0,-13.0,1.0,-12.0,1.0,-12.0,2.0,-12.0,2.0,-13.0,2.0,-13.0,2.0,-12.0,3.0,-12.0,4.0,-14.0,4.0,-14.0,4.0,-14.0,6.0,-15.0,7.0,-16.0,7.0,-15.0,7.0,-14.0,6.0,-14.0,7.0,-15.0,8.0,-15.0,8.0,-15.0,8.0,-16.0,8.0,-16.0,7.0,-16.0,6.0,-16.0,7.0,-16.0,7.0,-17.0,8.0,-17.0,8.0,-18.0,8.0,-17.0,7.0,-17.0,7.0,-17.0,6.0,-17.0,6.0,-18.0,6.0,-18.0,5.0,-18.0,4.0,-17.0,2.0,-16.0,1.0
-13.0,2.0,-13.0,3.0,-13.0,4.0,-14.0,3.0,-13.0,3.0,-12.0,3.0,-12.0,3.0,-11.0,4.0,-11.0,4.0,-11.0,4.0,-12.0,5.0,-12.0,5.0,-11.0,6.0,-11.0,5.0,-10.0,5.0,-10.0,6.0,-8.0,7.0,-8.0,6.0,-8.0,6.0,-8.0,7.0,-9.0,7.0,-8.0,7.0,-8.0,7.0,-7.0,9.0,-8.0,10.0,-8.0,10.0,-7.0,11.0,-8.0,12.0,-8.0,12.0,-8.0,12.0,-8.0,11.0,-8.0,12.0,-8.0,12.0,-8.0,12.0,-7.0,12.0,-7.0,13.0,-7.0,13.0,-8.0,12.0,-8.0,12.0,-8.0,13.0,-8.0,13.0,-8.0,14.0,-9.0,14.0,-9.0,13.0,-9.0,13.0,-9.0,12.0,-10.0,12.0,-10.0,12.0,-11.0,11.0,-11.0,11.0,-11.0,10.0,-11.0,9.0
8.0,10.0,8.0,9.0,9.0,9.0,9.0,10.0,8.0,10.0,7.0,9.0,8.0,8.0,8.0,7.0,8.0,7.0,8.0,7.0,8.0,8.0,9.0,7.0,9.0,7.0,8.0,6.0,8.0,6.0,9.0,5.0,9.0,4.0,8.0,4.0,9.0,3.0,9.0,3.0,9.0,4.0,10.0,3.0,10.0,3.0,10.0,2.0,12.0,2.0,12.0,2.0,13.0,1.0,13.0,2.0,14.0,1.0,13.0,1.0,13.0,1.0,13.0,1.0,13.0,0.0,14.0,1.0,14.0,1.0,15.0,1.0,15.0,1.0,14.0,2.0,13.0,1.0,14.0,1.0,15.0,1.0,15.0,1.0,16.0,2.0,15.0,2.0,15.0,2.0,15.0,2.0,15.0,3.0,14.0,3.0,14.0,4.0,14.0,5.0,12.0,6.0,11.0,6.0
-5.0,-16.0,-6.0,-15.0,-7.0,-15.0,-6.0,-15.0,-5.0,-14.0,-5.0,-13.0,-6.0,-13.0,-6.0,-12.0,-6.0,-12.0,-6.0,-12.0,-7.0,-13.0,-7.0,-13.0,-7.0,-12.0,-7.0,-12.0,-7.0,-11.0,-8.0,-11.0,-9.0,-10.0,-8.0,-9.0,-8.0,-8.0,-8.0,-9.0,-9.0,-9.0,-9.0,-9.0,-9.0,-8.0,-10.0,-8.0,-12.0,-9.0,-12.0,-10.0,-14.0,-9.0,-14.0,-9.0,-14.0,-9.0,-14.0,-9.0,-13.0,-9.0,-14.0,-8.0,-14.0,-8.0,-14.0,-9.0,-15.0,-9.0,-15.0,-9.0,-15.0,-10.0,-14.0,-10.0,-14.0,-9.0,-15.0,-10.0,-15.0,-10.0,-16.0,-10.0,-16.0,-10.0,-15.0,-11.0,-15.0,-11.0,-14.0,-11.0,-14.0,-11.0,-13.0,-11.0,-13.0,-12.0,-12.0,-12.0,-10.0,-13.0,-9.0,-13.0
9.0,12.0,9.0,11.0,10.0,11.0,10.0,12.0,8.0,11.0,8.0,10.0,8.0,9.0,8.0,9.0,8.0,8.0,9.0,9.0,9.0,9.0,10.0,9.0,10.0,8.0,9.0,8.0,9.0,7.0,10.0,6.0,10.0,5.0,9.0,5.0,9.0,4.0,9.0,4.0,10.0,5.0,10.0,4.0,10.0,4.0,11.0,3.0,13.0,3.0,13.0,4.0,14.0,2.0,15.0,3.0,15.0,3.0,15.0,3.0,14.0,3.0,14.0,2.0,15.0,2.0,15.0,2.0,15.0,2.0,16.0,2.0,16.0,3.0,15.0,3.0,15.0,3.0,16.0,3.0,16.0,3.0,17.0,3.0,17.0,3.0,16.0,4.0,16.0,4.0,16.0,4.0,15.0,5.0,15.0,5.0,15.0,6.0,14.0,7.0,13.0,8.0,12.0,8.0
-7.0,12.0,-5.0,12.0,-5.0,12.0,-6.0,12.0,-6.0,11.0,-5.0,11.0,-4.0,11.0,-4.0,10.0,-4.0,10.0,-4.0,10.0,-4.0,11.0,-3.0,11.0,-3.0,11.0,-3.0,10.0,-3.0,10.0,-1.0,10.0,0.0,10.0,0.0,9.0,0.0,9.0,0.0,9.0,0.0,10.0,1.0,10.0,1.0,10.0,2.0,10.0,2.0,11.0,2.0,12.0,4.0,12.0,4.0,12.0,4.0,13.0,4.0,12.0,4.0,12.0,4.0,12.0,5.0,12.0,5.0,12.0,5.0,12.0,6.0,13.0,5.0,13.0,4.0,13.0,4.0,12.0,4.0,13.0,5.0,13.0,6.0,14.0,5.0,14.0,5.0,14.0,5.0,14.0,5.0,14.0,4.0,14.0,3.0,14.0,2.0,14.0,1.0,14.0,0.0,13.0,0.0,12.0
-10.0,-13.0,-10.0,-12.0,-11.0,-12.0,-10.0,-13.0,-9.0,-12.0,-9.0,-11.0,-9.0,-11.0,-9.0,-10.0,-9.0,-10.0,-10.0,-10.0,-10.0,-10.0,-11.0,-10.0,-11.0,-9.0,-10.0,-8.0,-10.0,-8.0,-11.0,-7.0,-11.0,-6.0,-10.0,-6.0,-10.0,-5.0,-10.0,-5.0,-11.0,-5.0,-11.0,-5.0,-11.0,-4.0,-12.0,-3.0,-13.0,-4.0,-14.0,-4.0,-15.0,-3.0,-15.0,-3.0,-16.0,-3.0,-16.0,-3.0,-15.0,-3.0,-15.0,-3.0,-16.0,-2.0,-16.0,-3.0,-16.0,-2.0,-17.0,-3.0,-17.0,-3.0,-16.0,-4.0,-16.0,-3.0,-17.0,-3.0,-17.0,-3.0,-18.0,-3.0,-18.0,-4.0,-18.0,-4.0,-17.0,-5.0,-17.0,-5.0,-17.0,-5.0,-16.0,-6.0,-16.0,-6.0,-15.0,-7.0,-14.0,-8.0,-13.0,-9.0
-13.0,-5.0,-13.0,-5.0,-14.0,-4.0,-14.0,-5.0,-13.0,-5.0,-12.0,-5.0,-12.0,-4.0,-12.0,-4.0,-11.0,-3.0,-12.0,-3.0,-12.0,-3.0,-13.0,-3.0,-12.0,-2.0,-11.0,-2.0,-11.0,-2.0,-11.0,-1.0,-11.0,0.0,-10.0,0.0,-10.0,0.0,-10.0,1.0,-11.0,0.0,-11.0,1.0,-10.0,1.0,-11.0,2.0,-12.0,3.0,-12.0,3.0,-12.0,4.0,-13.0,4.0,-13.0,5.0,-13.0,5.0,-12.0,4.0,-13.0,5.0,-13.0,5.0,-13.0,5.0,-13.0,5.0,-13.0,5.0,-13.0,5.0,-13.0,5.0,-14.0,5.0,-14.0,5.0,-14.0,5.0,-14.0,6.0,-15.0,6.0,-15.0,5.0,-14.0,4.0,-14.0,4.0,-14.0,4.0,-15.0,3.0,-15.0,3.0,-15.0,2.0,-14.0,0.0,-13.0,0.0
-13.0,9.0,-12.0,10.0,-13.0,10.0,-14.0,10.0,-13.0,8.0,-12.0,8.0,-11.0,8.0,-10.0,8.0,-10.0,8.0,-10.0,8.0,-11.0,9.0,-10.0,9.0,-10.0,9.0,-10.0,8.0,-9.0,8.0,-8.0,9.0,-7.0,9.0,-6.0,9.0,-6.0,9.0,-6.0,9.0,-7.0,9.0,-6.0,9.0,-6.0,9.0,-5.0,10.0,-5.0,12.0,-5.0,12.0,-4.0,13.0,-5.0,13.0,-5.0,14.0,-5.0,14.0,-5.0,13.0,-4.0,13.0,-4.0,14.0,-4.0,14.0,-4.0,14.0,-4.0,15.0,-4.0,15.0,-5.0,14.0,-6.0,14.0,-6.0,15.0,-5.0,15.0,-5.0,16.0,-6.0,16.0,-6.0,16.0,-6.0,15.0,-6.0,15.0,-7.0,15.0,-8.0,14.0,-9.0,14.0,-10.0,13.0,-10.0,12.0,-10.0,11.0
11.0,8.0,11.0,7.0,12.0,7.0,12.0,8.0,10.0,8.0,9.0,7.0,9.0,6.0,9.0,6.0,9.0,5.0,9.0,6.0,10.0,6.0,10.0,5.0,10.0,5.0,9.0,5.0,9.0,4.0,10.0,3.0,9.0,2.0,9.0,2.0,9.0,2.0,9.0,2.0,10.0,2.0,10.0,1.0,9.0,1.0,10.0,0.0,11.0,0.0,11.0,0.0,12.0,-2.0,13.0,-1.0,13.0,-1.0,12.0,-1.0,12.0,-1.0,12.0,-2.0,13.0,-2.0,13.0,-2.0,13.0,-2.0,13.0,-2.0,13.0,-1.0,13.0,-1.0,13.0,-1.0,14.0,-1.0,14.0,-1.0,15.0,-2.0,15.0,-2.0,14.0,-1.0,14.0,-1.0,14.0,0.0,14.0,0.0,14.0,1.0,14.0,1.0,13.0,2.0,12.0,3.0,12.0,4.0
-16.0,1.0,-16.0,2.0,-16.0,2.0,-17.0,2.0,-16.0,1.0,-14.0,1.0,-14.0,2.0,-13.0,2.0,-13.0,2.0,-13.0,2.0,-14.0,2.0,-14.0,3.0,-13.0,3.0,-13.0,3.0,-12.0,3.0,-11.0,5.0,-11.0,5.0,-10.0,4.0,-10.0,5.0,-10.0,5.0,-10.0,5.0,-10.0,6.0,-10.0,6.0,-10.0,7.0,-10.0,8.0,-11.0,9.0,-10.0,10.0,-11.0,10.0,-11.0,11.0,-10.0,11.0,-10.0,10.0,-10.0,11.0,-10.0,11.0,-10.0,11.0,-10.0,11.0,-10.0,12.0,-10.0,11.0,-11.0,11.0,-11.0,11.0,-11.0,12.0,-11.0,12.0,-11.0,12.0,-12.0,13.0,-12.0,12.0,-12.0,11.0,-12.0,11.0,-12.0,11.0,-13.0,10.0,-14.0,10.0,-14.0,9.0,-14.0,7.0,-13.0,6.0
16.0,-3.0,15.0,-4.0,16.0,-4.0,17.0,-3.0,15.0,-3.0,14.0,-3.0,13.0,-4.0,13.0,-4.0,12.0,-4.0,13.0,-4.0,13.0,-4.0,13.0,-5.0,13.0,-5.0,12.0,-5.0,12.0,-5.0,11.0,-7.0,10.0,-7.0,9.0,-7.0,9.0,-7.0,9.0,-7.0,10.0,-8.0,10.0,-8.0,9.0,-8.0,9.0,-9.0,10.0,-10.0,10.0,-11.0,9.0,-12.0,10.0,-13.0,10.0,-13.0,10.0,-13.0,10.0,-12.0,10.0,-13.0,9.0,-14.0,9.0,-14.0,9.0,-14.0,9.0,-14.0,10.0,-14.0,10.0,-13.0,11.0,-13.0,10.0,-14.0,10.0,-15.0,10.0,-15.0,11.0,-15.0,11.0,-15.0,11.0,-14.0,11.0,-14.0,12.0,-13.0,13.0,-13.0,13.0,-12.0,14.0,-11.0,13.0,-10.0,13.0,-9.0
-8.0,-14.0,-9.0,-13.0,-9.0,-13.0,-9.0,-14.0,-8.0,-13.0,-7.0,-12.0,-8.0,-11.0,-8.0,-10.0,-8.0,-10.0,-8.0,-10.0,-8.0,-11.0,-9.0,-11.0,-9.0,-10.0,-8.0,-10.0,-8.0,-9.0,-9.0,-8.0,-9.0,-8.0,-9.0,-7.0,-9.0,-7.0,-9.0,-7.0,-10.0,-7.0,-10.0,-7.0,-10.0,-6.0,-11.0,-6.0,-12.0,-6.0,-12.0,-6.0,-13.0,-5.0,-14.0,-6.0,-14.0,-6.0,-14.0,-6.0,-13.0,-6.0,-14.0,-5.0,-14.0,-5.0,-14.0,-5.0,-14.0,-5.0,-14.0,-5.0,-14.0,-6.0,-14.0,-6.0,-14.0,-6.0,-15.0,-6.0,-15.0,-6.0,-15.0,-6.0,-16.0,-7.0,-15.0,-7.0,-15.0,-7.0,-14.0,-7.0,-14.0,-7.0,-14.0,-8.0,-14.0,-9.0,-13.0,-9.0,-12.0,-10.0,-11.0,-10.0
-43.0,-34.0,-52.0,-30.0,-62.0,-33.0,-61.0,-44.0,-50.0,-47.0,-47.0,-40.0,-47.0,-23.0,-41.0,-13.0,-39.0,-18.0,-39.0,-25.0,-46.0,-27.0,-57.0,-23.0,-57.0,-22.0,-43.0,-24.0,-36.0,-26.0,-43.0,-22.0,-51.0,-14.0,-52.0,-9.0,-46.0,-2.0,-40.0,-6.0,-38.0,-11.0,-36.0,-6.0,-34.0,-2.0,-33.0,6.0,-38.0,1.0,-43.0,-9.0,-44.0,10.0,-48.0,9.0,-47.0,5.0,-44.0,1.0,-43.0,3.0,-39.0,7.0,-37.0,11.0,-42.0,10.0,-48.0,6.0,-47.0,1.0,-42.0,-2.0,-37.0,-1.0,-35.0,-3.0,-34.0,0.0,-39.0,5.0,-47.0,8.0,-44.0,5.0,-36.0,-1.0,-30.0,-6.0,-28.0,-7.0,-30.0,-1.0,-23.0,-1.0,-15.0,-5.0,-14.0,-6.0,-12.0,-14.0,-8.0,-23.0
1.0,-16.0,0.0,-15.0,0.0,-16.0,1.0,-16.0,1.0,-15.0,1.0,-14.0,0.0,-13.0,-1.0,-13.0,-1.0,-12.0,0.0,-13.0,-1.0,-14.0,-1.0,-14.0,-1.0,-13.0,-1.0,-12.0,-1.0,-11.0,-3.0,-12.0,-3.0,-11.0,-3.0,-10.0,-3.0,-10.0,-3.0,-10.0,-3.0,-10.0,-4.0,-11.0,-4.0,-10.0,-5.0,-10.0,-6.0,-11.0,-6.0,-12.0,-8.0,-12.0,-8.0,-12.0,-8.0,-12.0,-8.0,-12.0,-7.0,-11.0,-7.0,-11.0,-8.0,-12.0,-8.0,-12.0,-9.0,-12.0,-9.0,-13.0,-9.0,-13.0,-7.0,-12.0,-8.0,-12.0,-8.0,-13.0,-9.0,-13.0,-9.0,-13.0,-9.0,-14.0,-9.0,-13.0,-8.0,-13.0,-8.0,-13.0,-8.0,-14.0,-7.0,-14.0,-6.0,-14.0,-5.0,-14.0,-5.0,-14.0,-4.0,-14.0
-11.0,11.0,-10.0,11.0,-10.0,11.0,-11.0,11.0,-11.0,10.0,-9.0,9.0,-8.0,9.0,-8.0,9.0,-8.0,9.0,-8.0,9.0,-8.0,10.0,-8.0,10.0,-7.0,10.0,-7.0,8.0,-7.0,8.0,-5.0,9.0,-4.0,9.0,-4.0,9.0,-4.0,9.0,-4.0,9.0,-4.0,9.0,-4.0,9.0,-3.0,9.0,-3.0,10.0,-3.0,11.0,-2.0,12.0,-1.0,12.0,-1.0,13.0,-1.0,13.0,-1.0,13.0,-2.0,12.0,-1.0,12.0,-1.0,13.0,-1.0,13.0,-1.0,13.0,0.0,14.0,-1.0,14.0,-2.0,13.0,-2.0,13.0,-1.0,14.0,-1.0,14.0,-1.0,15.0,-1.0,15.0,-2.0,15.0,-2.0,14.0,-2.0,14.0,-3.0,14.0,-3.0,14.0,-4.0,14.0,-5.0,14.0,-5.0,13.0,-5.0,12.0
14.0,-6.0,13.0,-7.0,13.0,-7.0,14.0,-6.0,13.0,-5.0,12.0,-5.0,11.0,-6.0,10.0,-6.0,10.0,-6.0,11.0,-6.0,11.0,-6.0,11.0,-6.0,10.0,-6.0,10.0,-5.0,9.0,-5.0,8.0,-7.0,7.0,-8.0,7.0,-7.0,6.0,-7.0,6.0,-7.0,7.0,-7.0,7.0,-8.0,6.0,-8.0,6.0,-8.0,6.0,-9.0,6.0,-10.0,5.0,-11.0,6.0,-12.0,6.0,-12.0,6.0,-12.0,6.0,-11.0,6.0,-11.0,5.0,-12.0,6.0,-12.0,6.0,-13.0,6.0,-13.0,6.0,-13.0,7.0,-12.0,7.0,-12.0,7.0,-12.0,6.0,-13.0,6.0,-14.0,7.0,-14.0,7.0,-13.0,7.0,-13.0,7.0,-13.0,7.0,-12.0,8.0,-12.0,9.0,-11.0,10.0,-11.0,9.0,-10.0,9.0,-9.0
-18.0,-4.0,-18.0,-3.0,-19.0,-3.0,-19.0,-4.0,-18.0,-5.0,-16.0,-4.0,-16.0,-3.0,-15.0,-3.0,-15.0,-2.0,-15.0,-2.0,-16.0,-2.0,-16.0,-2.0,-16.0,-1.0,-14.0,-2.0,-14.0,-1.0,-14.0,0.0,-13.0,1.0,-12.0,1.0,-12.0,1.0,-12.0,2.0,-13.0,2.0,-13.0,2.0,-12.0,3.0,-12.0,4.0,-14.0,5.0,-14.0,5.0,-14.0,7.0,-15.0,7.0,-15.0,7.0,-15.0,7.0,-14.0,6.0,-15.0,7.0,-15.0,7.0,-15.0,7.0,-15.0,7.0,-15.0,8.0,-15.0,8.0,-15.0,7.0,-16.0,7.0,-16.0,8.0,-16.0,8.0,-17.0,9.0,-17.0,9.0,-17.0,8.0,-16.0,7.0,-16.0,7.0,-17.0,6.0,-17.0,6.0,-18.0,5.0,-18.0,4.0,-17.0,3.0,-16.0,2.0
-9.0,14.0,-8.0,14.0,-8.0,14.0,-9.0,14.0,-9.0,13.0,-8.0,12.0,-7.0,12.0,-6.0,11.0,-6.0,11.0,-6.0,11.0,-7.0,12.0,-6.0,12.0,-6.0,11.0,-6.0,10.0,-5.0,10.0,-4.0,11.0,-3.0,11.0,-3.0,10.0,-2.0,9.0,-2.0,9.0,-2.0,10.0,-2.0,10.0,-1.0,10.0,-1.0,10.0,0.0,12.0,0.0,13.0,2.0,13.0,1.0,13.0,2.0,14.0,2.0,13.0,1.0,13.0,2.0,13.0,2.0,13.0,2.0,13.0,2.0,14.0,3.0,15.0,2.0,15.0,1.0,14.0,1.0,14.0,2.0,15.0,2.0,15.0,2.0,16.0,2.0,16.0,2.0,16.0,1.0,16.0,1.0,16.0,1.0,16.0,0.0,15.0,-1.0,15.0,-2.0,15.0,-3.0,15.0,-3.0,14.0
-12.0,-11.0,-12.0,-10.0,-13.0,-10.0,-12.0,-11.0,-11.0,-10.0,-10.0,-9.0,-10.0,-9.0,-10.0,-8.0,-10.0,-8.0,-10.0,-8.0,-10.0,-8.0,-11.0,-8.0,-11.0,-7.0,-10.0,-7.0,-10.0,-7.0,-10.0,-5.0,-10.0,-5.0,-9.0,-5.0,-9.0,-4.0,-10.0,-4.0,-10.0,-4.0,-10.0,-4.0,-10.0,-3.0,-11.0,-2.0,-12.0,-2.0,-12.0,-2.0,-13.0,-1.0,-14.0,-1.0,-14.0,-1.0,-14.0,-1.0,-13.0,-1.0,-13.0,-1.0,-14.0,0.0,-14.0,-1.0,-14.0,-1.0,-14.0,-1.0,-14.0,-1.0,-14.0,-2.0,-14.0,-2.0,-15.0,-1.0,-15.0,-1.0,-16.0,-1.0,-16.0,-1.0,-15.0,-2.0,-15.0,-2.0,-15.0,-2.0,-15.0,-2.0,-15.0,-3.0,-15.0,-4.0,-15.0,-5.0,-13.0,-5.0,-13.0,-6.0
-14.0,8.0,-13.0,9.0,-13.0,9.0,-14.0,9.0,-14.0,7.0,-12.0,7.0,-11.0,7.0,-11.0,7.0,-10.0,7.0,-11.0,7.0,-11.0,8.0,-11.0,9.0,-10.0,8.0,-10.0,7.0,-9.0,7.0,-8.0,8.0,-7.0,9.0,-7.0,8.0,-6.0,8.0,-6.0,8.0,-7.0,8.0,-6.0,9.0,-5.0,9.0,-5.0,10.0,-5.0,11.0,-5.0,12.0,-4.0,13.0,-4.0,13.0,-4.0,14.0,-4.0,13.0,-4.0,13.0,-4.0,13.0,-4.0,14.0,-4.0,14.0,-3.0,14.0,-3.0,15.0,-3.0,15.0,-4.0,14.0,-5.0,14.0,-4.0,15.0,-4.0,16.0,-4.0,16.0,-4.0,17.0,-5.0,16.0,-4.0,16.0,-5.0,16.0,-5.0,15.0,-6.0,15.0,-7.0,15.0,-8.0,14.0,-8.0,13.0,-8.0,12.0
5.0,14.0,6.0,13.0,6.0,13.0,6.0,13.0,5.0,12.0,4.0,11.0,5.0,11.0,5.0,10.0,5.0,10.0,5.0,10.0,5.0,11.0,6.0,10.0,6.0,10.0,5.0,9.0,5.0,9.0,6.0,8.0,6.0,7.0,6.0,7.0,7.0,6.0,7.0,6.0,7.0,6.0,7.0,6.0,7.0,6.0,8.0,5.0,9.0,6.0,9.0,6.0,11.0,5.0,11.0,5.0,12.0,5.0,11.0,5.0,11.0,5.0,11.0,5.0,12.0,4.0,12.0,4.0,13.0,5.0,13.0,5.0,13.0,5.0,12.0,6.0,12.0,5.0,13.0,6.0,13.0,6.0,14.0,6.0,14.0,6.0,14.0,6.0,13.0,6.0,13.0,6.0,13.0,7.0,13.0,7.0,12.0,8.0,12.0,9.0,10.0,9.0,9.0,9.0
-14.0,-6.0,-14.0,-5.0,-15.0,-5.0,-15.0,-6.0,-14.0,-6.0,-12.0,-5.0,-12.0,-5.0,-12.0,-4.0,-11.0,-4.0,-12.0,-4.0,-12.0,-4.0,-13.0,-4.0,-12.0,-3.0,-11.0,-3.0,-11.0,-3.0,-11.0,-2.0,-11.0,-1.0,-10.0,-1.0,-10.0,0.0,-10.0,0.0,-11.0,0.0,-11.0,0.0,-10.0,1.0,-11.0,2.0,-12.0,2.0,-12.0,2.0,-12.0,4.0,-13.0,4.0,-13.0,5.0,-13.0,4.0,-12.0,4.0,-13.0,5.0,-13.0,5.0,-13.0,5.0,-13.0,5.0,-13.0,5.0,-14.0,5.0,-14.0,4.0,-14.0,5.0,-14.0,5.0,-14.0,5.0,-15.0,6.0,-15.0,6.0,-15.0,5.0,-15.0,4.0,-15.0,4.0,-15.0,4.0,-15.0,4.0,-16.0,3.0,-15.0,2.0,-15.0,1.0,-14.0,0.0
-16.0,1.0,-15.0,2.0,-16.0,3.0,-16.0,2.0,-15.0,1.0,-14.0,1.0,-13.0,2.0,-12.0,2.0,-12.0,2.0,-13.0,2.0,-13.0,2.0,-13.0,3.0,-13.0,3.0,-12.0,3.0,-11.0,3.0,-11.0,5.0,-10.0,5.0,-9.0,5.0,-9.0,5.0,-9.0,5.0,-10.0,5.0,-10.0,6.0,-9.0,6.0,-9.0,7.0,-10.0,8.0,-10.0,8.0,-9.0,10.0,-10.0,10.0,-10.0,11.0,-10.0,11.0,-10.0,10.0,-10.0,11.0,-10.0,11.0,-10.0,11.0,-9.0,12.0,-9.0,12.0,-10.0,12.0,-11.0,11.0,-11.0,11.0,-11.0,12.0,-11.0,12.0,-11.0,13.0,-12.0,13.0,-12.0,13.0,-11.0,12.0,-12.0,12.0,-12.0,11.0,-13.0,11.0,-14.0,11.0,-14.0,10.0,-13.0,8.0,-13.0,7.0
-15.0,6.0,-14.0,7.0,-14.0,7.0,-15.0,7.0,-14.0,6.0,-13.0,5.0,-12.0,6.0,-11.0,6.0,-11.0,6.0,-11.0,6.0,-11.0,6.0,-11.0,7.0,-11.0,7.0,-10.0,6.0,-10.0,6.0,-9.0,7.0,-7.0,8.0,-7.0,7.0,-7.0,7.0,-7.0,8.0,-7.0,8.0,-7.0,8.0,-6.0,8.0,-6.0,9.0,-6.0,11.0,-6.0,11.0,-4.0,12.0,-6.0,13.0,-5.0,14.0,-5.0,13.0,-5.0,13.0,-5.0,13.0,-5.0,13.0,-5.0,14.0,-4.0,14.0,-4.0,15.0,-5.0,15.0,-6.0,14.0,-6.0,14.0,-5.0,15.0,-5.0,15.0,-5.0,16.0,-6.0,17.0,-6.0,16.0,-6.0,16.0,-6.0,15.0,-7.0,15.0,-7.0,15.0,-8.0,15.0,-9.0,14.0,-9.0,13.0,-9.0,12.0
12.0,7.0,12.0,5.0,13.0,5.0,13.0,6.0,11.0,6.0,10.0,6.0,10.0,5.0,10.0,4.0,10.0,4.0,10.0,4.0,11.0,4.0,11.0,4.0,11.0,3.0,10.0,3.0,9.0,3.0,10.0,1.0,10.0,1.0,9.0,0.0,9.0,0.0,9.0,0.0,9.0,0.0,10.0,0.0,9.0,-1.0,10.0,-2.0,11.0,-2.0,11.0,-2.0,11.0,-3.0,12.0,-3.0,13.0,-4.0,13.0,-4.0,12.0,-3.0,12.0,-4.0,12.0,-5.0,13.0,-5.0,13.0,-5.0,13.0,-5.0,14.0,-4.0,13.0,-4.0,13.0,-4.0,14.0,-4.0,14.0,-4.0,15.0,-5.0,15.0,-5.0,15.0,-4.0,15.0,-3.0,15.0,-3.0,15.0,-3.0,15.0,-3.0,15.0,-2.0,15.0,-1.0,14.0,0.0,13.0,1.0
-12.0,-11.0,-12.0,-10.0,-13.0,-10.0,-12.0,-11.0,-11.0,-10.0,-10.0,-10.0,-10.0,-9.0,-10.0,-8.0,-10.0,-8.0,-10.0,-8.0,-11.0,-9.0,-12.0,-8.0,-11.0,-7.0,-10.0,-7.0,-10.0,-7.0,-11.0,-6.0,-11.0,-5.0,-10.0,-4.0,-10.0,-3.0,-10.0,-3.0,-11.0,-4.0,-11.0,-3.0,-11.0,-3.0,-12.0,-2.0,-13.0,-2.0,-14.0,-2.0,-14.0,0.0,-15.0,0.0,-16.0,0.0,-15.0,0.0,-14.0,-1.0,-15.0,0.0,-15.0,0.0,-16.0,0.0,-16.0,0.0,-16.0,0.0,-16.0,0.0,-16.0,-1.0,-16.0,-1.0,-17.0,-1.0,-17.0,0.0,-18.0,0.0,-19.0,0.0,-18.0,-1.0,-17.0,-1.0,-17.0,-2.0,-17.0,-2.0,-17.0,-3.0,-17.0,-4.0,-17.0,-4.0,-15.0,-5.0,-15.0,-6.0
10.0,-11.0,9.0,-11.0,9.0,-12.0,10.0,-11.0,9.0,-10.0,8.0,-9.0,8.0,-9.0,7.0,-9.0,7.0,-9.0,7.0,-9.0,7.0,-10.0,7.0,-10.0,7.0,-10.0,7.0,-9.0,6.0,-9.0,5.0,-10.0,4.0,-10.0,4.0,-9.0,3.0,-9.0,4.0,-9.0,4.0,-10.0,4.0,-10.0,3.0,-10.0,2.0,-11.0,2.0,-12.0,2.0,-12.0,1.0,-13.0,2.0,-14.0,1.0,-14.0,1.0,-14.0,2.0,-13.0,2.0,-14.0,1.0,-14.0,1.0,-14.0,1.0,-15.0,0.0,-15.0,1.0,-15.0,2.0,-14.0,2.0,-14.0,2.0,-15.0,2.0,-16.0,2.0,-17.0,2.0,-17.0,2.0,-16.0,2.0,-16.0,3.0,-16.0,3.0,-16.0,4.0,-15.0,5.0,-15.0,6.0,-14.0,6.0,-14.0,6.0,-13.0
10.0,12.0,10.0,10.0,11.0,10.0,10.0,11.0,9.0,11.0,8.0,10.0,9.0,9.0,9.0,8.0,8.0,8.0,8.0,8.0,9.0,9.0,10.0,8.0,9.0,8.0,8.0,7.0,8.0,7.0,9.0,6.0,9.0,5.0,9.0,4.0,9.0,4.0,9.0,4.0,9.0,4.0,10.0,4.0,10.0,3.0,10.0,2.0,12.0,3.0,12.0,3.0,13.0,1.0,14.0,1.0,14.0,1.0,14.0,1.0,14.0,1.0,14.0,1.0,14.0,0.0,14.0,1.0,15.0,1.0,16.0,1.0,16.0,2.0,15.0,2.0,15.0,2.0,16.0,2.0,16.0,2.0,17.0,2.0,17.0,2.0,17.0,3.0,16.0,3.0,16.0,3.0,16.0,3.0,16.0,4.0,16.0,4.0,15.0,5.0,14.0,6.0,13.0,7.0
2.0,-13.0,1.0,-13.0,1.0,-13.0,2.0,-14.0,2.0,-13.0,1.0,-12.0,1.0,-11.0,0.0,-11.0,0.0,-11.0,0.0,-11.0,0.0,-12.0,0.0,-12.0,0.0,-11.0,0.0,-10.0,0.0,-10.0,-2.0,-10.0,-2.0,-10.0,-2.0,-9.0,-2.0,-9.0,-2.0,-9.0,-2.0,-9.0,-3.0,-9.0,-3.0,-9.0,-4.0,-9.0,-5.0,-10.0,-5.0,-11.0,-7.0,-10.0,-6.0,-11.0,-7.0,-11.0,-6.0,-11.0,-6.0,-10.0,-6.0,-11.0,-7.0,-11.0,-7.0,-11.0,-8.0,-11.0,-8.0,-11.0,-7.0,-12.0,-6.0,-12.0,-6.0,-11.0,-7.0,-12.0,-8.0,-12.0,-8.0,-13.0,-8.0,-13.0,-7.0,-13.0,-7.0,-12.0,-7.0,-13.0,-6.0,-13.0,-6.0,-13.0,-5.0,-13.0,-4.0,-13.0,-4.0,-13.0,-3.0,-12.0
12.0,9.0,13.0,7.0,13.0,7.0,13.0,8.0,12.0,8.0,11.0,7.0,11.0,7.0,10.0,6.0,10.0,6.0,11.0,6.0,12.0,6.0,12.0,6.0,12.0,5.0,11.0,5.0,10.0,4.0,11.0,3.0,11.0,2.0,10.0,2.0,10.0,1.0,10.0,1.0,11.0,2.0,11.0,2.0,11.0,1.0,11.0,0.0,13.0,-1.0,13.0,-1.0,13.0,-2.0,14.0,-2.0,15.0,-2.0,14.0,-2.0,14.0,-2.0,14.0,-2.0,14.0,-3.0,15.0,-3.0,15.0,-3.0,15.0,-3.0,16.0,-2.0,15.0,-2.0,15.0,-2.0,16.0,-2.0,16.0,-2.0,17.0,-2.0,17.0,-2.0,17.0,-1.0,16.0,-1.0,16.0,-1.0,16.0,0.0,16.0,0.0,16.0,1.0,16.0,1.0,14.0,2.0,13.0,3.0
3.0,15.0,4.0,14.0,5.0,15.0,4.0,15.0,3.0,14.0,3.0,13.0,3.0,13.0,4.0,12.0,4.0,12.0,4.0,12.0,4.0,13.0,5.0,13.0,5.0,12.0,4.0,11.0,4.0,11.0,6.0,10.0,6.0,10.0,6.0,9.0,6.0,8.0,6.0,8.0,6.0,9.0,6.0,9.0,6.0,8.0,8.0,8.0,9.0,9.0,9.0,9.0,11.0,8.0,11.0,9.0,12.0,9.0,11.0,9.0,11.0,9.0,11.0,9.0,12.0,9.0,12.0,9.0,12.0,9.0,13.0,9.0,12.0,10.0,11.0,10.0,11.0,10.0,12.0,10.0,12.0,11.0,13.0,11.0,13.0,11.0,12.0,11.0,12.0,11.0,11.0,11.0,11.0,12.0,10.0,12.0,10.0,12.0,9.0,12.0,7.0,12.0,7.0,12.0
3.0,14.0,4.0,13.0,5.0,14.0,4.0,14.0,3.0,13.0,3.0,13.0,3.0,12.0,3.0,11.0,3.0,11.0,3.0,11.0,4.0,12.0,4.0,12.0,4.0,11.0,3.0,10.0,4.0,10.0,5.0,10.0,5.0,9.0,5.0,8.0,5.0,8.0,5.0,8.0,5.0,8.0,6.0,8.0,6.0,8.0,7.0,7.0,8.0,8.0,8.0,9.0,10.0,8.0,10.0,9.0,10.0,9.0,10.0,9.0,9.0,8.0,10.0,8.0,10.0,8.0,10.0,9.0,11.0,9.0,11.0,9.0,11.0,10.0,10.0,9.0,10.0,9.0,10.0,10.0,11.0,10.0,11.0,11.0,11.0,11.0,11.0,11.0,10.0,11.0,10.0,11.0,9.0,11.0,9.0,11.0,8.0,11.0,7.0,12.0,6.0,12.0,6.0,11.0
9.0,11.0,10.0,10.0,11.0,10.0,10.0,11.0,9.0,10.0,8.0,9.0,8.0,9.0,8.0,8.0,8.0,8.0,8.0,8.0,9.0,9.0,10.0,8.0,9.0,7.0,8.0,7.0,8.0,7.0,9.0,6.0,9.0,5.0,9.0,4.0,9.0,4.0,9.0,4.0,9.0,4.0,9.0,4.0,9.0,3.0,10.0,2.0,11.0,2.0,12.0,3.0,13.0,1.0,13.0,1.0,14.0,1.0,13.0,1.0,13.0,1.0,13.0,1.0,14.0,0.0,14.0,0.0,14.0,0.0,14.0,0.0,14.0,1.0,14.0,1.0,14.0,1.0,15.0,1.0,15.0,1.0,16.0,1.0,16.0,1.0,15.0,2.0,15.0,2.0,14.0,2.0,14.0,3.0,14.0,3.0,14.0,3.0,14.0,4.0,12.0,5.0,11.0,5.0
14.0,-7.0,13.0,-8.0,14.0,-8.0,15.0,-7.0,14.0,-6.0,13.0,-6.0,12.0,-7.0,11.0,-7.0,11.0,-7.0,11.0,-7.0,12.0,-7.0,12.0,-8.0,11.0,-7.0,11.0,-6.0,10.0,-7.0,9.0,-8.0,8.0,-8.0,8.0,-8.0,8.0,-8.0,8.0,-8.0,8.0,-8.0,8.0,-9.0,7.0,-9.0,7.0,-10.0,8.0,-11.0,8.0,-11.0,7.0,-13.0,8.0,-13.0,8.0,-14.0,7.0,-13.0,7.0,-13.0,7.0,-13.0,7.0,-14.0,7.0,-14.0,7.0,-14.0,7.0,-15.0,8.0,-15.0,9.0,-14.0,9.0,-14.0,9.0,-15.0,9.0,-15.0,9.0,-16.0,10.0,-16.0,10.0,-15.0,9.0,-14.0,10.0,-14.0,10.0,-13.0,11.0,-13.0,11.0,-12.0,12.0,-11.0,12.0,-10.0,11.0,-9.0
0.0,14.0,1.0,14.0,1.0,14.0,0.0,15.0,-1.0,14.0,0.0,13.0,1.0,12.0,1.0,12.0,1.0,12.0,1.0,12.0,2.0,12.0,2.0,13.0,2.0,12.0,1.0,11.0,2.0,11.0,3.0,10.0,4.0,10.0,3.0,9.0,4.0,9.0,4.0,9.0,4.0,9.0,4.0,9.0,4.0,8.0,5.0,8.0,7.0,9.0,7.0,10.0,9.0,9.0,9.0,10.0,9.0,10.0,9.0,9.0,8.0,9.0,9.0,9.0,9.0,9.0,9.0,9.0,10.0,10.0,11.0,10.0,10.0,10.0,9.0,10.0,9.0,10.0,10.0,10.0,10.0,11.0,11.0,11.0,11.0,11.0,10.0,11.0,10.0,11.0,10.0,11.0,9.0,12.0,8.0,12.0,8.0,11.0,7.0,12.0,6.0,12.0,6.0,11.0
-13.0,8.0,-13.0,9.0,-13.0,10.0,-14.0,9.0,-13.0,8.0,-12.0,7.0,-11.0,8.0,-10.0,8.0,-10.0,8.0,-11.0,8.0,-11.0,9.0,-11.0,9.0,-10.0,9.0,-10.0,8.0,-9.0,8.0,-8.0,9.0,-7.0,9.0,-7.0,9.0,-6.0,9.0,-7.0,9.0,-7.0,9.0,-7.0,9.0,-6.0,9.0,-5.0,10.0,-6.0,12.0,-6.0,12.0,-4.0,13.0,-5.0,14.0,-5.0,14.0,-4.0,14.0,-4.0,13.0,-4.0,14.0,-4.0,14.0,-4.0,14.0,-3.0,15.0,-3.0,15.0,-4.0,15.0,-5.0,15.0,-5.0,15.0,-5.0,15.0,-4.0,16.0,-4.0,17.0,-5.0,17.0,-5.0,16.0,-5.0,16.0,-5.0,16.0,-6.0,15.0,-6.0,15.0,-7.0,14.0,-8.0,14.0,-8.0,13.0,-8.0,12.0
4.0,14.0,4.0,13.0,5.0,13.0,4.0,14.0,3.0,13.0,3.0,12.0,4.0,12.0,4.0,11.0,4.0,11.0,4.0,11.0,4.0,12.0,5.0,11.0,5.0,11.0,4.0,10.0,4.0,10.0,5.0,9.0,6.0,8.0,5.0,8.0,6.0,7.0,5.0,7.0,6.0,8.0,6.0,8.0,6.0,7.0,7.0,7.0,8.0,8.0,8.0,8.0,10.0,7.0,10.0,8.0,11.0,8.0,10.0,8.0,10.0,8.0,10.0,8.0,11.0,7.0,11.0,8.0,11.0,8.0,12.0,8.0,11.0,8.0,10.0,8.0,11.0,8.0,11.0,9.0,12.0,9.0,12.0,9.0,12.0,10.0,12.0,10.0,11.0,10.0,11.0,10.0,10.0,10.0,10.0,10.0,10.0,11.0,9.0,11.0,7.0,11.0,7.0,11.0
-13.0,-10.0,-13.0,-9.0,-14.0,-8.0,-14.0,-9.0,-12.0,-9.0,-12.0,-9.0,-12.0,-8.0,-11.0,-7.0,-11.0,-7.0,-12.0,-7.0,-12.0,-7.0,-13.0,-7.0,-12.0,-6.0,-12.0,-6.0,-11.0,-6.0,-12.0,-4.0,-12.0,-4.0,-11.0,-3.0,-11.0,-2.0,-11.0,-2.0,-12.0,-3.0,-12.0,-2.0,-12.0,-2.0,-12.0,-1.0,-14.0,-1.0,-14.0,-1.0,-14.0,1.0,-15.0,1.0,-16.0,1.0,-15.0,1.0,-15.0,1.0,-15.0,1.0,-15.0,2.0,-15.0,2.0,-16.0,2.0,-16.0,2.0,-16.0,2.0,-16.0,1.0,-16.0,1.0,-17.0,2.0,-17.0,2.0,-18.0,2.0,-18.0,2.0,-18.0,1.0,-18.0,1.0,-17.0,0.0,-17.0,0.0,-18.0,0.0,-18.0,-1.0,-17.0,-2.0,-16.0,-3.0,-15.0,-4.0
13.0,-1.0,13.0,-2.0,14.0,-3.0,14.0,-2.0,13.0,-1.0,11.0,-1.0,11.0,-2.0,10.0,-3.0,10.0,-3.0,11.0,-2.0,11.0,-3.0,12.0,-3.0,11.0,-4.0,11.0,-3.0,10.0,-4.0,10.0,-5.0,9.0,-5.0,8.0,-5.0,8.0,-5.0,8.0,-6.0,9.0,-6.0,8.0,-6.0,8.0,-6.0,8.0,-7.0,9.0,-8.0,9.0,-9.0,8.0,-10.0,9.0,-11.0,9.0,-11.0,9.0,-11.0,9.0,-10.0,9.0,-11.0,8.0,-11.0,8.0,-11.0,8.0,-12.0,8.0,-12.0,9.0,-12.0,9.0,-11.0,10.0,-11.0,10.0,-12.0,9.0,-12.0,10.0,-13.0,10.0,-13.0,10.0,-12.0,10.0,-12.0,10.0,-12.0,10.0,-11.0,11.0,-11.0,12.0,-10.0,12.0,-9.0,12.0,-8.0,11.0,-8.0
-15.0,1.0,-14.0,2.0,-15.0,3.0,-15.0,2.0,-14.0,1.0,-13.0,1.0,-13.0,2.0,-12.0,2.0,-12.0,2.0,-12.0,3.0,-13.0,3.0,-13.0,4.0,-12.0,4.0,-12.0,3.0,-11.0,3.0,-11.0,5.0,-10.0,5.0,-9.0,5.0,-9.0,5.0,-9.0,6.0,-10.0,6.0,-9.0,6.0,-9.0,7.0,-8.0,8.0,-9.0,9.0,-9.0,9.0,-9.0,11.0,-10.0,11.0,-10.0,12.0,-9.0,11.0,-9.0,11.0,-9.0,11.0,-9.0,12.0,-9.0,12.0,-9.0,12.0,-9.0,13.0,-9.0,13.0,-10.0,12.0,-10.0,12.0,-10.0,13.0,-10.0,14.0,-10.0,14.0,-11.0,14.0,-11.0,14.0,-11.0,13.0,-11.0,13.0,-11.0,13.0,-12.0,12.0,-13.0,12.0,-13.0,11.0,-13.0,10.0,-13.0,9.0
-5.0,15.0,-4.0,14.0,-4.0,15.0,-6.0,15.0,-6.0,14.0,-5.0,13.0,-3.0,13.0,-3.0,12.0,-3.0,12.0,-3.0,13.0,-3.0,13.0,-2.0,14.0,-2.0,13.0,-2.0,12.0,-2.0,12.0,0.0,12.0,1.0,12.0,1.0,11.0,1.0,10.0,1.0,11.0,1.0,11.0,2.0,12.0,2.0,11.0,4.0,12.0,4.0,13.0,5.0,14.0,7.0,14.0,7.0,15.0,7.0,15.0,7.0,15.0,6.0,14.0,7.0,14.0,7.0,14.0,7.0,15.0,8.0,15.0,9.0,16.0,8.0,16.0,7.0,16.0,7.0,16.0,8.0,16.0,8.0,17.0,9.0,18.0,9.0,18.0,8.0,18.0,8.0,17.0,7.0,18.0,7.0,18.0,6.0,18.0,5.0,18.0,4.0,18.0,3.0,18.0,2.0,17.0
-2.0,14.0,-1.0,13.0,-1.0,14.0,-2.0,14.0,-2.0,13.0,-2.0,12.0,-1.0,12.0,0.0,11.0,0.0,11.0,0.0,11.0,0.0,12.0,0.0,12.0,1.0,11.0,0.0,11.0,1.0,10.0,2.0,10.0,3.0,10.0,3.0,9.0,3.0,9.0,3.0,9.0,4.0,9.0,4.0,9.0,4.0,9.0,6.0,9.0,7.0,10.0,7.0,11.0,9.0,10.0,9.0,11.0,10.0,11.0,9.0,11.0,9.0,11.0,9.0,11.0,10.0,10.0,10.0,11.0,11.0,11.0,11.0,11.0,11.0,12.0,10.0,12.0,10.0,11.0,11.0,12.0,12.0,12.0,12.0,13.0,12.0,13.0,12.0,13.0,11.0,13.0,11.0,13.0,11.0,14.0,10.0,14.0,9.0,14.0,8.0,14.0,7.0,14.0,6.0,14.0
15.0,-1.0,15.0,-2.0,15.0,-3.0,16.0,-2.0,14.0,-1.0,13.0,-2.0,12.0,-2.0,12.0,-3.0,12.0,-3.0,12.0,-3.0,13.0,-3.0,13.0,-4.0,12.0,-5.0,12.0,-4.0,11.0,-5.0,10.0,-6.0,10.0,-7.0,9.0,-6.0,8.0,-7.0,9.0,-7.0,10.0,-8.0,9.0,-8.0,9.0,-8.0,9.0,-10.0,10.0,-11.0,10.0,-11.0,9.0,-14.0,10.0,-14.0,10.0,-15.0,10.0,-14.0,10.0,-14.0,10.0,-14.0,10.0,-15.0,10.0,-15.0,9.0,-15.0,9.0,-15.0,10.0,-15.0,11.0,-15.0,11.0,-15.0,11.0,-16.0,11.0,-17.0,11.0,-18.0,12.0,-18.0,12.0,-17.0,11.0,-16.0,11.0,-16.0,12.0,-16.0,13.0,-15.0,14.0,-15.0,14.0,-14.0,14.0,-12.0,14.0,-11.0
10.0,-11.0,9.0,-12.0,9.0,-12.0,10.0,-12.0,10.0,-11.0,8.0,-10.0,7.0,-10.0,7.0,-10.0,6.0,-10.0,6.0,-11.0,6.0,-12.0,6.0,-12.0,6.0,-12.0,6.0,-11.0,5.0,-11.0,4.0,-12.0,3.0,-12.0,2.0,-11.0,2.0,-11.0,2.0,-11.0,2.0,-12.0,2.0,-12.0,1.0,-12.0,0.0,-13.0,-1.0,-15.0,-1.0,-16.0,-3.0,-16.0,-2.0,-17.0,-2.0,-18.0,-2.0,-17.0,-2.0,-17.0,-2.0,-17.0,-2.0,-17.0,-2.0,-17.0,-3.0,-18.0,-4.0,-19.0,-3.0,-19.0,-2.0,-18.0,-2.0,-18.0,-3.0,-19.0,-4.0,-20.0,-4.0,-21.0,-4.0,-21.0,-3.0,-21.0,-3.0,-20.0,-2.0,-20.0,-2.0,-20.0,-1.0,-20.0,0.0,-20.0,1.0,-20.0,1.0,-19.0,2.0,-18.0
2.0,12.0,3.0,11.0,3.0,11.0,2.0,12.0,2.0,11.0,2.0,10.0,2.0,10.0,3.0,9.0,3.0,9.0,3.0,9.0,3.0,10.0,4.0,10.0,4.0,9.0,3.0,8.0,4.0,8.0,5.0,8.0,6.0,7.0,5.0,6.0,6.0,6.0,6.0,6.0,6.0,6.0,7.0,6.0,7.0,6.0,8.0,6.0,9.0,6.0,10.0,7.0,11.0,6.0,12.0,6.0,12.0,6.0,12.0,6.0,11.0,6.0,12.0,6.0,12.0,6.0,13.0,6.0,13.0,6.0,14.0,6.0,14.0,7.0,13.0,7.0,13.0,7.0,14.0,7.0,14.0,7.0,15.0,7.0,16.0,8.0,15.0,8.0,15.0,8.0,14.0,8.0,14.0,9.0,14.0,9.0,13.0,10.0,12.0,10.0,11.0,11.0,10.0,11.0
-9.0,-14.0,-10.0,-13.0,-10.0,-12.0,-10.0,-13.0,-9.0,-13.0,-9.0,-12.0,-9.0,-11.0,-9.0,-10.0,-9.0,-9.0,-9.0,-10.0,-10.0,-10.0,-11.0,-10.0,-11.0,-9.0,-10.0,-9.0,-10.0,-8.0,-11.0,-7.0,-12.0,-6.0,-11.0,-5.0,-11.0,-5.0,-11.0,-5.0,-12.0,-5.0,-13.0,-5.0,-13.0,-4.0,-14.0,-3.0,-16.0,-3.0,-16.0,-3.0,-17.0,-1.0,-19.0,-2.0,-19.0,-2.0,-19.0,-2.0,-18.0,-2.0,-19.0,-1.0,-19.0,-1.0,-19.0,-1.0,-20.0,-1.0,-20.0,-1.0,-21.0,-2.0,-20.0,-3.0,-20.0,-2.0,-21.0,-2.0,-22.0,-2.0,-23.0,-2.0,-23.0,-2.0,-23.0,-2.0,-22.0,-2.0,-22.0,-3.0,-22.0,-3.0,-22.0,-4.0,-22.0,-5.0,-21.0,-6.0,-20.0,-7.0,-19.0,-8.0
-4.0,13.0,-3.0,13.0,-3.0,13.0,-4.0,14.0,-4.0,13.0,-3.0,12.0,-2.0,11.0,-1.0,11.0,-1.0,11.0,-1.0,11.0,-1.0,12.0,-1.0,12.0,0.0,12.0,-1.0,11.0,0.0,11.0,2.0,11.0,2.0,10.0,2.0,10.0,3.0,9.0,3.0,10.0,3.0,10.0,4.0,10.0,4.0,10.0,5.0,10.0,6.0,12.0,7.0,12.0,9.0,12.0,9.0,13.0,9.0,13.0,9.0,13.0,9.0,12.0,9.0,12.0,10.0,12.0,10.0,12.0,11.0,13.0,12.0,13.0,11.0,14.0,10.0,14.0,10.0,14.0,11.0,14.0,12.0,15.0,13.0,15.0,13.0,16.0,12.0,16.0,12.0,16.0,12.0,16.0,11.0,16.0,11.0,16.0,10.0,17.0,8.0,17.0,7.0,17.0,7.0,16.0
5.0,-15.0,4.0,-15.0,4.0,-16.0,5.0,-16.0,5.0,-15.0,4.0,-14.0,3.0,-14.0,2.0,-13.0,2.0,-13.0,2.0,-13.0,2.0,-15.0,1.0,-15.0,1.0,-14.0,1.0,-13.0,0.0,-13.0,-2.0,-14.0,-3.0,-14.0,-2.0,-13.0,-3.0,-12.0,-3.0,-13.0,-3.0,-13.0,-4.0,-13.0,-4.0,-13.0,-5.0,-13.0,-6.0,-15.0,-7.0,-16.0,-10.0,-16.0,-9.0,-17.0,-10.0,-17.0,-9.0,-17.0,-9.0,-16.0,-9.0,-17.0,-10.0,-17.0,-10.0,-17.0,-11.0,-18.0,-12.0,-18.0,-11.0,-19.0,-10.0,-19.0,-10.0,-19.0,-11.0,-19.0,-12.0,-20.0,-13.0,-20.0,-13.0,-21.0,-12.0,-21.0,-11.0,-20.0,-11.0,-21.0,-10.0,-21.0,-10.0,-21.0,-8.0,-21.0,-7.0,-22.0,-6.0,-22.0,-5.0,-21.0
6.0,10.0,6.0,9.0,7.0,9.0,6.0,10.0,5.0,9.0,5.0,9.0,6.0,8.0,6.0,7.0,6.0,7.0,6.0,7.0,6.0,8.0,7.0,8.0,7.0,7.0,6.0,7.0,6.0,6.0,7.0,6.0,8.0,5.0,7.0,4.0,7.0,4.0,8.0,4.0,8.0,4.0,9.0,4.0,8.0,4.0,9.0,3.0,11.0,3.0,11.0,3.0,12.0,3.0,13.0,3.0,13.0,3.0,13.0,3.0,12.0,3.0,13.0,2.0,14.0,2.0,14.0,2.0,14.0,2.0,15.0,2.0,15.0,3.0,14.0,3.0,14.0,3.0,15.0,3.0,15.0,3.0,16.0,3.0,17.0,3.0,16.0,4.0,16.0,4.0,16.0,4.0,16.0,5.0,16.0,5.0,15.0,6.0,15.0,7.0,13.0,7.0,13.0,8.0
-11.0,13.0,-10.0,13.0,-10.0,14.0,-11.0,14.0,-11.0,13.0,-10.0,12.0,-8.0,12.0,-7.0,12.0,-7.0,11.0,-7.0,12.0,-8.0,13.0,-7.0,14.0,-7.0,13.0,-7.0,12.0,-6.0,12.0,-4.0,13.0,-3.0,13.0,-3.0,12.0,-2.0,12.0,-3.0,12.0,-3.0,13.0,-2.0,14.0,-1.0,13.0,0.0,14.0,0.0,16.0,1.0,17.0,3.0,18.0,2.0,19.0,2.0,19.0,2.0,19.0,2.0,18.0,2.0,19.0,3.0,19.0,3.0,19.0,4.0,20.0,5.0,20.0,4.0,21.0,2.0,20.0,2.0,20.0,3.0,21.0,4.0,22.0,5.0,23.0,5.0,24.0,4.0,24.0,3.0,23.0,3.0,23.0,2.0,23.0,1.0,23.0,0.0,23.0,-1.0,23.0,-2.0,22.0,-3.0,21.0
4.0,-14.0,3.0,-14.0,3.0,-14.0,4.0,-14.0,4.0,-13.0,3.0,-12.0,2.0,-12.0,2.0,-12.0,2.0,-12.0,2.0,-12.0,2.0,-13.0,1.0,-13.0,1.0,-13.0,1.0,-12.0,0.0,-12.0,-1.0,-12.0,-2.0,-12.0,-2.0,-11.0,-2.0,-11.0,-2.0,-11.0,-2.0,-12.0,-3.0,-12.0,-3.0,-12.0,-5.0,-12.0,-5.0,-13.0,-6.0,-14.0,-8.0,-14.0,-7.0,-15.0,-8.0,-15.0,-8.0,-15.0,-7.0,-14.0,-7.0,-15.0,-8.0,-15.0,-8.0,-15.0,-9.0,-15.0,-10.0,-16.0,-9.0,-16.0,-8.0,-16.0,-8.0,-16.0,-9.0,-17.0,-10.0,-17.0,-11.0,-18.0,-10.0,-18.0,-10.0,-18.0,-9.0,-18.0,-9.0,-18.0,-9.0,-19.0,-8.0,-19.0,-7.0,-19.0,-6.0,-19.0,-5.0,-19.0,-4.0,-18.0
4.0,13.0,5.0,13.0,6.0,13.0,5.0,13.0,4.0,13.0,4.0,12.0,5.0,11.0,5.0,11.0,5.0,10.0,5.0,10.0,6.0,11.0,6.0,11.0,6.0,10.0,6.0,10.0,6.0,9.0,8.0,9.0,8.0,8.0,8.0,7.0,8.0,7.0,8.0,7.0,8.0,7.0,9.0,7.0,9.0,7.0,10.0,6.0,12.0,7.0,12.0,8.0,13.0,6.0,14.0,6.0,15.0,6.0,15.0,6.0,14.0,7.0,15.0,6.0,15.0,6.0,15.0,6.0,16.0,6.0,16.0,6.0,16.0,7.0,16.0,7.0,16.0,7.0,17.0,7.0,17.0,7.0,18.0,7.0,19.0,7.0,18.0,8.0,18.0,8.0,17.0,8.0,17.0,9.0,17.0,9.0,17.0,10.0,16.0,11.0,14.0,12.0,13.0,12.0
-1.0,-16.0,-2.0,-15.0,-2.0,-15.0,-1.0,-16.0,-1.0,-15.0,-1.0,-14.0,-2.0,-13.0,-2.0,-13.0,-3.0,-13.0,-3.0,-13.0,-3.0,-14.0,-4.0,-14.0,-4.0,-13.0,-3.0,-12.0,-4.0,-12.0,-5.0,-12.0,-6.0,-12.0,-5.0,-11.0,-6.0,-10.0,-6.0,-10.0,-6.0,-11.0,-7.0,-11.0,-7.0,-11.0,-8.0,-11.0,-9.0,-12.0,-10.0,-13.0,-12.0,-12.0,-12.0,-13.0,-12.0,-13.0,-12.0,-12.0,-11.0,-12.0,-12.0,-12.0,-13.0,-12.0,-13.0,-12.0,-14.0,-13.0,-14.0,-13.0,-14.0,-14.0,-13.0,-14.0,-13.0,-14.0,-14.0,-14.0,-14.0,-14.0,-15.0,-15.0,-16.0,-15.0,-15.0,-15.0,-15.0,-15.0,-14.0,-15.0,-14.0,-16.0,-13.0,-16.0,-13.0,-17.0,-11.0,-17.0,-10.0,-18.0,-9.0,-18.0
13.0,-1.0,13.0,-2.0,14.0,-2.0,14.0,-1.0,13.0,-1.0,12.0,-1.0,11.0,-2.0,11.0,-2.0,11.0,-2.0,11.0,-2.0,12.0,-2.0,12.0,-3.0,12.0,-4.0,11.0,-3.0,11.0,-3.0,10.0,-5.0,10.0,-5.0,9.0,-5.0,9.0,-6.0,9.0,-6.0,10.0,-6.0,10.0,-6.0,9.0,-7.0,9.0,-8.0,10.0,-9.0,11.0,-9.0,10.0,-11.0,11.0,-11.0,11.0,-12.0,11.0,-11.0,11.0,-11.0,11.0,-11.0,11.0,-12.0,11.0,-12.0,11.0,-12.0,11.0,-13.0,11.0,-13.0,12.0,-12.0,12.0,-12.0,12.0,-13.0,12.0,-13.0,12.0,-14.0,13.0,-14.0,13.0,-14.0,12.0,-13.0,13.0,-13.0,14.0,-13.0,14.0,-12.0,15.0,-12.0,15.0,-11.0,15.0,-9.0,14.0,-9.0
7.0,-12.0,6.0,-13.0,6.0,-13.0,7.0,-13.0,7.0,-12.0,6.0,-11.0,5.0,-11.0,4.0,-11.0,4.0,-11.0,5.0,-11.0,5.0,-12.0,4.0,-13.0,4.0,-12.0,4.0,-11.0,4.0,-11.0,2.0,-12.0,1.0,-12.0,1.0,-11.0,1.0,-11.0,1.0,-11.0,1.0,-12.0,0.0,-12.0,0.0,-12.0,-1.0,-13.0,-1.0,-14.0,-2.0,-15.0,-4.0,-15.0,-3.0,-16.0,-3.0,-17.0,-3.0,-16.0,-3.0,-15.0,-3.0,-16.0,-4.0,-16.0,-4.0,-16.0,-5.0,-17.0,-5.0,-17.0,-4.0,-18.0,-3.0,-17.0,-3.0,-17.0,-4.0,-18.0,-4.0,-19.0,-5.0,-19.0,-5.0,-20.0,-4.0,-19.0,-4.0,-19.0,-4.0,-19.0,-3.0,-19.0,-2.0,-19.0,-1.0,-19.0,0.0,-19.0,1.0,-19.0,1.0,-18.0
13.0,-3.0,13.0,-4.0,14.0,-4.0,14.0,-4.0,13.0,-3.0,12.0,-3.0,11.0,-3.0,11.0,-4.0,11.0,-4.0,11.0,-4.0,12.0,-4.0,12.0,-5.0,11.0,-5.0,11.0,-5.0,10.0,-5.0,10.0,-7.0,9.0,-7.0,8.0,-6.0,8.0,-7.0,9.0,-7.0,9.0,-7.0,9.0,-8.0,8.0,-8.0,8.0,-9.0,9.0,-11.0,9.0,-11.0,9.0,-13.0,10.0,-13.0,10.0,-13.0,9.0,-13.0,9.0,-12.0,9.0,-13.0,9.0,-13.0,9.0,-13.0,9.0,-14.0,9.0,-15.0,10.0,-14.0,10.0,-14.0,11.0,-14.0,11.0,-15.0,10.0,-15.0,10.0,-16.0,11.0,-16.0,11.0,-15.0,11.0,-15.0,12.0,-15.0,12.0,-14.0,13.0,-14.0,14.0,-14.0,14.0,-13.0,14.0,-11.0,14.0,-11.0
-11.0,8.0,-10.0,9.0,-11.0,10.0,-11.0,9.0,-11.0,8.0,-10.0,8.0,-9.0,8.0,-8.0,8.0,-8.0,8.0,-9.0,8.0,-9.0,9.0,-8.0,10.0,-8.0,10.0,-8.0,9.0,-7.0,9.0,-6.0,10.0,-5.0,10.0,-5.0,9.0,-4.0,9.0,-5.0,9.0,-5.0,10.0,-5.0,11.0,-4.0,10.0,-3.0,11.0,-3.0,13.0,-3.0,14.0,-1.0,15.0,-2.0,15.0,-2.0,16.0,-2.0,16.0,-2.0,15.0,-2.0,15.0,-1.0,15.0,-1.0,16.0,-1.0,17.0,0.0,17.0,-1.0,17.0,-2.0,16.0,-2.0,16.0,-1.0,17.0,-1.0,18.0,0.0,19.0,-1.0,20.0,-1.0,19.0,-1.0,19.0,-2.0,19.0,-3.0,19.0,-3.0,19.0,-4.0,18.0,-5.0,18.0,-6.0,17.0,-6.0,16.0
6.0,13.0,7.0,12.0,8.0,12.0,7.0,13.0,6.0,12.0,6.0,11.0,7.0,11.0,7.0,10.0,7.0,10.0,7.0,10.0,8.0,10.0,9.0,10.0,9.0,9.0,8.0,9.0,8.0,8.0,9.0,7.0,10.0,6.0,9.0,6.0,9.0,5.0,10.0,5.0,10.0,6.0,11.0,5.0,11.0,5.0,12.0,4.0,14.0,4.0,14.0,4.0,16.0,2.0,16.0,3.0,17.0,3.0,17.0,3.0,16.0,3.0,17.0,3.0,17.0,2.0,17.0,2.0,18.0,2.0,19.0,2.0,19.0,2.0,18.0,3.0,18.0,3.0,19.0,2.0,20.0,2.0,21.0,2.0,21.0,2.0,21.0,3.0,20.0,3.0,20.0,4.0,20.0,4.0,20.0,4.0,20.0,5.0,19.0,6.0,18.0,7.0,17.0,8.0
7.0,-13.0,6.0,-13.0,5.0,-14.0,7.0,-14.0,6.0,-13.0,5.0,-12.0,5.0,-12.0,4.0,-12.0,4.0,-12.0,4.0,-12.0,4.0,-13.0,3.0,-14.0,3.0,-13.0,3.0,-12.0,3.0,-12.0,1.0,-13.0,0.0,-13.0,0.0,-12.0,0.0,-12.0,0.0,-12.0,-1.0,-13.0,-1.0,-13.0,-2.0,-13.0,-3.0,-13.0,-3.0,-15.0,-4.0,-16.0,-6.0,-16.0,-5.0,-17.0,-6.0,-17.0,-6.0,-17.0,-5.0,-16.0,-6.0,-17.0,-7.0,-17.0,-7.0,-17.0,-7.0,-18.0,-8.0,-19.0,-7.0,-19.0,-5.0,-19.0,-5.0,-18.0,-6.0,-19.0,-7.0,-20.0,-8.0,-21.0,-7.0,-21.0,-7.0,-21.0,-7.0,-21.0,-6.0,-21.0,-5.0,-21.0,-4.0,-21.0,-3.0,-21.0,-2.0,-21.0,-1.0,-20.0,0.0,-20.0
-14.0,-2.0,-14.0,-1.0,-14.0,-1.0,-15.0,-2.0,-13.0,-2.0,-12.0,-2.0,-12.0,-1.0,-12.0,0.0,-12.0,0.0,-12.0,0.0,-13.0,0.0,-13.0,1.0,-13.0,1.0,-12.0,1.0,-12.0,2.0,-11.0,3.0,-10.0,4.0,-10.0,3.0,-10.0,4.0,-10.0,4.0,-11.0,5.0,-10.0,5.0,-10.0,6.0,-10.0,7.0,-11.0,8.0,-11.0,8.0,-10.0,10.0,-12.0,10.0,-12.0,11.0,-11.0,11.0,-11.0,10.0,-11.0,11.0,-11.0,12.0,-11.0,12.0,-11.0,12.0,-11.0,13.0,-12.0,12.0,-13.0,11.0,-13.0,11.0,-13.0,12.0,-13.0,13.0,-13.0,14.0,-14.0,14.0,-14.0,14.0,-13.0,13.0,-13.0,13.0,-14.0,12.0,-15.0,12.0,-15.0,11.0,-16.0,10.0,-15.0,9.0,-15.0,8.0
-13.0,-2.0,-13.0,-1.0,-14.0,-1.0,-14.0,-1.0,-13.0,-2.0,-12.0,-1.0,-12.0,-1.0,-11.0,0.0,-11.0,0.0,-12.0,0.0,-12.0,0.0,-13.0,1.0,-12.0,1.0,-11.0,1.0,-11.0,1.0,-11.0,3.0,-10.0,4.0,-10.0,3.0,-9.0,4.0,-10.0,4.0,-10.0,5.0,-10.0,5.0,-9.0,5.0,-9.0,7.0,-11.0,8.0,-11.0,8.0,-10.0,10.0,-11.0,10.0,-12.0,11.0,-11.0,11.0,-11.0,10.0,-11.0,11.0,-11.0,12.0,-11.0,12.0,-11.0,12.0,-11.0,12.0,-12.0,12.0,-13.0,11.0,-13.0,11.0,-13.0,12.0,-13.0,13.0,-13.0,14.0,-14.0,14.0,-13.0,13.0,-13.0,13.0,-13.0,12.0,-14.0,12.0,-14.0,11.0,-15.0,11.0,-16.0,10.0,-15.0,8.0,-15.0,7.0
1.0,-13.0,0.0,-13.0,0.0,-14.0,1.0,-14.0,1.0,-13.0,0.0,-12.0,-1.0,-12.0,-1.0,-11.0,-1.0,-11.0,-1.0,-11.0,-2.0,-12.0,-3.0,-12.0,-3.0,-11.0,-2.0,-11.0,-3.0,-11.0,-4.0,-11.0,-5.0,-10.0,-5.0,-9.0,-5.0,-9.0,-5.0,-9.0,-5.0,-10.0,-6.0,-10.0,-7.0,-9.0,-8.0,-9.0,-9.0,-10.0,-10.0,-11.0,-11.0,-10.0,-11.0,-11.0,-12.0,-11.0,-12.0,-11.0,-11.0,-11.0,-12.0,-11.0,-12.0,-11.0,-12.0,-11.0,-13.0,-11.0,-14.0,-11.0,-13.0,-12.0,-12.0,-12.0,-12.0,-12.0,-13.0,-12.0,-14.0,-13.0,-15.0,-13.0,-15.0,-13.0,-14.0,-13.0,-13.0,-13.0,-13.0,-13.0,-13.0,-14.0,-12.0,-14.0,-11.0,-14.0,-11.0,-15.0,-10.0,-15.0,-9.0,-14.0
14.0,2.0,14.0,1.0,15.0,0.0,16.0,1.0,14.0,1.0,13.0,1.0,12.0,0.0,12.0,0.0,12.0,-1.0,12.0,-1.0,13.0,-2.0,13.0,-3.0,13.0,-3.0,12.0,-3.0,12.0,-3.0,12.0,-5.0,11.0,-5.0,10.0,-5.0,10.0,-6.0,10.0,-6.0,11.0,-7.0,11.0,-7.0,10.0,-8.0,10.0,-9.0,12.0,-11.0,12.0,-11.0,12.0,-13.0,13.0,-13.0,13.0,-14.0,13.0,-14.0,13.0,-13.0,13.0,-14.0,13.0,-14.0,13.0,-14.0,13.0,-15.0,13.0,-15.0,14.0,-15.0,15.0,-14.0,15.0,-14.0,15.0,-15.0,15.0,-15.0,15.0,-16.0,16.0,-16.0,16.0,-15.0,16.0,-15.0,16.0,-14.0,16.0,-14.0,17.0,-13.0,17.0,-13.0,18.0,-12.0,17.0,-10.0,17.0,-9.0
-10.0,-9.0,-10.0,-8.0,-11.0,-7.0,-11.0,-8.0,-10.0,-8.0,-9.0,-7.0,-9.0,-6.0,-9.0,-6.0,-9.0,-5.0,-10.0,-5.0,-10.0,-6.0,-11.0,-5.0,-11.0,-4.0,-10.0,-4.0,-10.0,-4.0,-11.0,-3.0,-11.0,-2.0,-10.0,-2.0,-10.0,-1.0,-10.0,-1.0,-11.0,-1.0,-11.0,-1.0,-11.0,0.0,-12.0,1.0,-13.0,1.0,-14.0,1.0,-14.0,3.0,-15.0,3.0,-16.0,3.0,-15.0,3.0,-15.0,3.0,-15.0,3.0,-16.0,4.0,-16.0,3.0,-16.0,4.0,-17.0,4.0,-17.0,3.0,-17.0,2.0,-17.0,2.0,-17.0,3.0,-18.0,3.0,-18.0,3.0,-19.0,3.0,-18.0,2.0,-17.0,2.0,-17.0,2.0,-17.0,1.0,-17.0,1.0,-17.0,1.0,-17.0,0.0,-16.0,-2.0,-15.0,-2.0
12.0,-5.0,11.0,-6.0,12.0,-6.0,12.0,-6.0,11.0,-5.0,10.0,-5.0,9.0,-6.0,9.0,-6.0,8.0,-6.0,9.0,-6.0,9.0,-7.0,9.0,-8.0,9.0,-8.0,9.0,-7.0,8.0,-8.0,7.0,-9.0,6.0,-9.0,5.0,-9.0,5.0,-9.0,6.0,-10.0,6.0,-10.0,6.0,-11.0,5.0,-11.0,5.0,-12.0,5.0,-13.0,5.0,-14.0,3.0,-16.0,5.0,-16.0,5.0,-17.0,4.0,-17.0,5.0,-16.0,5.0,-17.0,4.0,-17.0,4.0,-17.0,4.0,-18.0,4.0,-18.0,5.0,-18.0,6.0,-17.0,6.0,-17.0,6.0,-18.0,5.0,-19.0,5.0,-19.0,6.0,-19.0,6.0,-19.0,6.0,-18.0,6.0,-18.0,7.0,-18.0,8.0,-17.0,8.0,-17.0,9.0,-16.0,9.0,-15.0,9.0,-14.0
14.0,1.0,14.0,0.0,15.0,-1.0,15.0,0.0,14.0,0.0,13.0,0.0,12.0,-1.0,12.0,-2.0,12.0,-2.0,12.0,-2.0,13.0,-2.0,13.0,-4.0,13.0,-4.0,12.0,-4.0,11.0,-4.0,11.0,-6.0,10.0,-7.0,10.0,-6.0,9.0,-7.0,10.0,-7.0,11.0,-8.0,11.0,-8.0,10.0,-9.0,10.0,-10.0,11.0,-12.0,12.0,-12.0,11.0,-14.0,12.0,-14.0,13.0,-15.0,12.0,-15.0,13.0,-14.0,13.0,-15.0,13.0,-15.0,13.0,-16.0,13.0,-16.0,13.0,-16.0,14.0,-16.0,14.0,-15.0,14.0,-15.0,14.0,-15.0,14.0,-16.0,14.0,-17.0,15.0,-17.0,15.0,-16.0,14.0,-15.0,14.0,-14.0,15.0,-14.0,15.0,-14.0,16.0,-13.0,16.0,-12.0,16.0,-11.0,15.0,-10.0
1.0,-14.0,0.0,-14.0,0.0,-14.0,1.0,-15.0,1.0,-14.0,0.0,-13.0,-1.0,-12.0,-1.0,-12.0,-1.0,-12.0,-2.0,-12.0,-2.0,-13.0,-3.0,-13.0,-3.0,-12.0,-2.0,-12.0,-3.0,-11.0,-5.0,-11.0,-5.0,-11.0,-5.0,-10.0,-5.0,-10.0,-5.0,-10.0,-6.0,-11.0,-7.0,-11.0,-7.0,-10.0,-8.0,-10.0,-9.0,-12.0,-10.0,-13.0,-12.0,-12.0,-12.0,-13.0,-12.0,-13.0,-12.0,-13.0,-11.0,-13.0,-12.0,-13.0,-12.0,-13.0,-12.0,-14.0,-13.0,-14.0,-14.0,-14.0,-13.0,-15.0,-11.0,-15.0,-11.0,-15.0,-12.0,-15.0,-13.0,-16.0,-14.0,-16.0,-14.0,-16.0,-13.0,-16.0,-12.0,-16.0,-12.0,-16.0,-11.0,-16.0,-11.0,-16.0,-10.0,-16.0,-9.0,-17.0,-8.0,-17.0,-7.0,-16.0
1.0,12.0,2.0,12.0,2.0,12.0,1.0,13.0,1.0,12.0,1.0,11.0,2.0,10.0,3.0,10.0,3.0,10.0,3.0,10.0,3.0,11.0,4.0,10.0,4.0,10.0,4.0,9.0,4.0,9.0,6.0,9.0,6.0,8.0,6.0,7.0,6.0,7.0,6.0,7.0,7.0,8.0,7.0,8.0,8.0,7.0,9.0,7.0,10.0,8.0,11.0,9.0,12.0,7.0,12.0,8.0,13.0,8.0,13.0,8.0,12.0,8.0,12.0,8.0,13.0,8.0,13.0,9.0,14.0,9.0,15.0,9.0,14.0,10.0,13.0,10.0,13.0,9.0,14.0,10.0,14.0,10.0,15.0,10.0,15.0,11.0,14.0,11.0,14.0,11.0,14.0,11.0,13.0,11.0,13.0,12.0,12.0,12.0,11.0,13.0,10.0,13.0,9.0,12.0
-10.0,7.0,-9.0,8.0,-9.0,8.0,-10.0,8.0,-9.0,7.0,-8.0,7.0,-7.0,7.0,-7.0,7.0,-7.0,7.0,-7.0,7.0,-7.0,8.0,-6.0,9.0,-6.0,9.0,-6.0,8.0,-5.0,8.0,-4.0,9.0,-3.0,9.0,-3.0,8.0,-2.0,8.0,-3.0,9.0,-3.0,10.0,-2.0,10.0,-2.0,10.0,-1.0,11.0,-1.0,12.0,-1.0,13.0,1.0,13.0,0.0,14.0,1.0,15.0,1.0,14.0,0.0,14.0,1.0,14.0,1.0,15.0,1.0,15.0,1.0,15.0,2.0,16.0,1.0,16.0,0.0,16.0,0.0,16.0,0.0,16.0,1.0,17.0,1.0,17.0,1.0,18.0,0.0,18.0,0.0,17.0,0.0,17.0,0.0,17.0,-1.0,17.0,-2.0,17.0,-3.0,17.0,-4.0,16.0,-4.0,15.0
14.0,-3.0,14.0,-4.0,14.0,-5.0,15.0,-4.0,14.0,-4.0,12.0,-4.0,11.0,-5.0,11.0,-5.0,10.0,-6.0,11.0,-6.0,12.0,-6.0,11.0,-7.0,11.0,-8.0,10.0,-8.0,10.0,-8.0,9.0,-10.0,8.0,-10.0,7.0,-9.0,7.0,-10.0,7.0,-10.0,7.0,-11.0,7.0,-12.0,7.0,-12.0,6.0,-14.0,7.0,-15.0,7.0,-16.0,5.0,-18.0,6.0,-19.0,6.0,-19.0,6.0,-19.0,6.0,-18.0,6.0,-19.0,5.0,-20.0,5.0,-20.0,5.0,-20.0,5.0,-21.0,6.0,-21.0,7.0,-20.0,7.0,-20.0,7.0,-21.0,6.0,-22.0,6.0,-23.0,7.0,-23.0,7.0,-22.0,7.0,-22.0,7.0,-21.0,8.0,-22.0,9.0,-22.0,10.0,-21.0,11.0,-20.0,11.0,-18.0,11.0,-17.0
15.0,-1.0,14.0,-2.0,15.0,-3.0,15.0,-2.0,14.0,-2.0,13.0,-2.0,12.0,-3.0,11.0,-3.0,11.0,-4.0,12.0,-4.0,13.0,-5.0,13.0,-6.0,12.0,-6.0,11.0,-6.0,11.0,-6.0,10.0,-8.0,9.0,-9.0,9.0,-9.0,8.0,-9.0,9.0,-10.0,9.0,-10.0,9.0,-11.0,9.0,-11.0,8.0,-13.0,9.0,-14.0,9.0,-15.0,8.0,-17.0,9.0,-18.0,9.0,-19.0,9.0,-18.0,9.0,-17.0,8.0,-18.0,8.0,-19.0,8.0,-19.0,8.0,-20.0,9.0,-20.0,10.0,-20.0,10.0,-19.0,10.0,-20.0,10.0,-21.0,10.0,-21.0,10.0,-22.0,10.0,-23.0,11.0,-22.0,11.0,-21.0,11.0,-21.0,12.0,-21.0,12.0,-21.0,13.0,-20.0,14.0,-19.0,15.0,-17.0,14.0,-16.0
13.0,6.0,13.0,5.0,14.0,4.0,14.0,4.0,13.0,4.0,12.0,4.0,12.0,3.0,12.0,2.0,12.0,2.0,12.0,1.0,13.0,1.0,14.0,0.0,13.0,-1.0,12.0,-1.0,12.0,-1.0,13.0,-3.0,12.0,-4.0,12.0,-4.0,12.0,-5.0,12.0,-5.0,13.0,-5.0,13.0,-6.0,13.0,-6.0,13.0,-8.0,15.0,-9.0,16.0,-9.0,15.0,-12.0,16.0,-13.0,16.0,-13.0,16.0,-13.0,16.0,-12.0,16.0,-13.0,16.0,-14.0,17.0,-14.0,17.0,-14.0,17.0,-15.0,18.0,-14.0,18.0,-13.0,18.0,-14.0,19.0,-14.0,19.0,-15.0,19.0,-16.0,20.0,-16.0,20.0,-15.0,20.0,-14.0,20.0,-13.0,21.0,-13.0,21.0,-13.0,21.0,-12.0,21.0,-11.0,21.0,-9.0,20.0,-7.0
6.0,-9.0,5.0,-9.0,5.0,-10.0,6.0,-10.0,5.0,-9.0,4.0,-9.0,4.0,-9.0,3.0,-9.0,3.0,-9.0,3.0,-9.0,3.0,-10.0,2.0,-11.0,2.0,-10.0,2.0,-10.0,2.0,-10.0,0.0,-10.0,-1.0,-10.0,-1.0,-10.0,-1.0,-10.0,-1.0,-10.0,-1.0,-11.0,-2.0,-11.0,-2.0,-11.0,-3.0,-12.0,-4.0,-13.0,-5.0,-13.0,-6.0,-13.0,-6.0,-14.0,-7.0,-15.0,-7.0,-15.0,-6.0,-14.0,-6.0,-14.0,-7.0,-15.0,-7.0,-15.0,-8.0,-15.0,-8.0,-16.0,-7.0,-16.0,-6.0,-16.0,-6.0,-16.0,-7.0,-16.0,-8.0,-17.0,-8.0,-17.0,-8.0,-18.0,-7.0,-18.0,-7.0,-17.0,-7.0,-17.0,-6.0,-17.0,-5.0,-18.0,-4.0,-18.0,-3.0,-18.0,-3.0,-17.0,-2.0,-16.0
-12.0,-5.0,-12.0,-4.0,-12.0,-3.0,-13.0,-3.0,-12.0,-4.0,-11.0,-3.0,-11.0,-2.0,-10.0,-2.0,-10.0,-1.0,-11.0,-1.0,-12.0,-1.0,-12.0,0.0,-12.0,1.0,-11.0,1.0,-11.0,1.0,-11.0,3.0,-11.0,3.0,-11.0,3.0,-10.0,4.0,-11.0,4.0,-11.0,4.0,-12.0,5.0,-11.0,5.0,-11.0,7.0,-12.0,8.0,-13.0,8.0,-13.0,10.0,-14.0,10.0,-14.0,11.0,-14.0,11.0,-13.0,10.0,-14.0,11.0,-14.0,11.0,-14.0,11.0,-14.0,12.0,-14.0,12.0,-15.0,12.0,-15.0,11.0,-15.0,11.0,-16.0,12.0,-16.0,12.0,-16.0,13.0,-17.0,13.0,-17.0,12.0,-16.0,11.0,-16.0,11.0,-17.0,11.0,-17.0,10.0,-18.0,10.0,-18.0,9.0,-17.0,7.0,-17.0,6.0
-12.0,-8.0,-12.0,-7.0,-13.0,-6.0,-13.0,-7.0,-12.0,-7.0,-11.0,-6.0,-11.0,-5.0,-11.0,-4.0,-11.0,-4.0,-12.0,-3.0,-13.0,-3.0,-13.0,-2.0,-13.0,-2.0,-12.0,-2.0,-12.0,-1.0,-13.0,0.0,-12.0,1.0,-12.0,1.0,-12.0,2.0,-12.0,2.0,-13.0,2.0,-14.0,3.0,-13.0,4.0,-14.0,5.0,-15.0,5.0,-16.0,5.0,-16.0,8.0,-17.0,8.0,-18.0,9.0,-17.0,9.0,-17.0,8.0,-17.0,9.0,-17.0,10.0,-17.0,10.0,-18.0,10.0,-18.0,10.0,-19.0,10.0,-19.0,9.0,-19.0,9.0,-20.0,10.0,-20.0,10.0,-20.0,11.0,-21.0,11.0,-21.0,10.0,-20.0,9.0,-20.0,9.0,-21.0,9.0,-21.0,8.0,-21.0,7.0,-21.0,6.0,-21.0,4.0,-20.0,3.0
13.0,-1.0,13.0,-2.0,14.0,-3.0,14.0,-2.0,13.0,-2.0,12.0,-2.0,11.0,-3.0,11.0,-4.0,11.0,-4.0,11.0,-5.0,12.0,-5.0,12.0,-7.0,11.0,-7.0,11.0,-7.0,10.0,-7.0,9.0,-9.0,8.0,-9.0,8.0,-9.0,8.0,-10.0,8.0,-10.0,9.0,-11.0,9.0,-11.0,8.0,-12.0,7.0,-13.0,8.0,-15.0,9.0,-15.0,7.0,-18.0,8.0,-18.0,8.0,-19.0,8.0,-19.0,8.0,-18.0,8.0,-19.0,8.0,-20.0,8.0,-20.0,8.0,-20.0,7.0,-21.0,8.0,-21.0,9.0,-20.0,10.0,-20.0,9.0,-21.0,9.0,-22.0,9.0,-23.0,10.0,-23.0,10.0,-22.0,10.0,-21.0,10.0,-21.0,11.0,-21.0,12.0,-21.0,13.0,-20.0,13.0,-19.0,14.0,-17.0,13.0,-16.0
5.0,-12.0,4.0,-12.0,3.0,-13.0,4.0,-13.0,4.0,-12.0,3.0,-12.0,2.0,-12.0,1.0,-11.0,1.0,-11.0,0.0,-12.0,0.0,-13.0,-1.0,-13.0,-1.0,-13.0,-1.0,-12.0,-1.0,-12.0,-3.0,-12.0,-4.0,-12.0,-4.0,-11.0,-4.0,-11.0,-4.0,-11.0,-5.0,-12.0,-5.0,-12.0,-6.0,-12.0,-7.0,-12.0,-8.0,-13.0,-9.0,-14.0,-11.0,-13.0,-11.0,-14.0,-12.0,-15.0,-12.0,-14.0,-11.0,-14.0,-12.0,-14.0,-13.0,-14.0,-13.0,-15.0,-14.0,-15.0,-14.0,-15.0,-14.0,-16.0,-12.0,-16.0,-12.0,-16.0,-14.0,-16.0,-15.0,-17.0,-15.0,-17.0,-15.0,-18.0,-15.0,-18.0,-14.0,-18.0,-14.0,-18.0,-13.0,-18.0,-12.0,-18.0,-11.0,-19.0,-10.0,-19.0,-9.0,-19.0,-8.0,-19.0
13.0,-1.0,13.0,-2.0,14.0,-3.0,14.0,-2.0,13.0,-2.0,12.0,-2.0,11.0,-3.0,11.0,-4.0,11.0,-4.0,11.0,-5.0,12.0,-5.0,12.0,-6.0,11.0,-7.0,11.0,-7.0,10.0,-7.0,9.0,-8.0,9.0,-9.0,8.0,-8.0,8.0,-9.0,9.0,-9.0,9.0,-10.0,9.0,-10.0,8.0,-11.0,8.0,-12.0,9.0,-14.0,9.0,-14.0,8.0,-16.0,9.0,-17.0,9.0,-18.0,9.0,-18.0,9.0,-17.0,9.0,-18.0,9.0,-19.0,9.0,-19.0,9.0,-19.0,9.0,-20.0,10.0,-20.0,11.0,-19.0,11.0,-19.0,11.0,-20.0,11.0,-21.0,11.0,-22.0,12.0,-22.0,12.0,-21.0,12.0,-20.0,13.0,-19.0,13.0,-19.0,14.0,-19.0,15.0,-18.0,16.0,-17.0,15.0,-15.0,15.0,-14.0
-6.0,-14.0,-7.0,-13.0,-8.0,-13.0,-7.0,-14.0,-6.0,-13.0,-6.0,-12.0,-7.0,-11.0,-8.0,-10.0,-8.0,-10.0,-8.0,-10.0,-9.0,-11.0,-10.0,-10.0,-10.0,-10.0,-9.0,-9.0,-10.0,-9.0,-11.0,-8.0,-12.0,-7.0,-11.0,-6.0,-11.0,-5.0,-11.0,-6.0,-12.0,-6.0,-13.0,-6.0,-13.0,-5.0,-14.0,-4.0,-16.0,-4.0,-17.0,-4.0,-18.0,-2.0,-19.0,-3.0,-20.0,-2.0,-19.0,-2.0,-19.0,-2.0,-20.0,-2.0,-20.0,-2.0,-21.0,-2.0,-22.0,-1.0,-23.0,-1.0,-23.0,-2.0,-21.0,-3.0,-22.0,-3.0,-23.0,-3.0,-24.0,-3.0,-25.0,-2.0,-25.0,-2.0,-25.0,-3.0,-24.0,-4.0,-24.0,-4.0,-24.0,-5.0,-23.0,-5.0,-23.0,-6.0,-22.0,-7.0,-21.0,-9.0,-20.0,-9.0
14.0,3.0,14.0,2.0,15.0,1.0,15.0,2.0,14.0,2.0,12.0,1.0,12.0,0.0,12.0,-1.0,12.0,-1.0,12.0,-1.0,13.0,-1.0,13.0,-2.0,13.0,-3.0,12.0,-2.0,12.0,-3.0,11.0,-5.0,11.0,-5.0,10.0,-5.0,10.0,-6.0,10.0,-6.0,11.0,-7.0,11.0,-7.0,10.0,-8.0,11.0,-9.0,12.0,-10.0,12.0,-11.0,11.0,-13.0,12.0,-14.0,13.0,-15.0,12.0,-15.0,12.0,-14.0,13.0,-15.0,13.0,-16.0,13.0,-16.0,13.0,-16.0,13.0,-17.0,14.0,-16.0,14.0,-15.0,15.0,-15.0,15.0,-16.0,15.0,-17.0,15.0,-19.0,16.0,-19.0,16.0,-17.0,15.0,-17.0,16.0,-16.0,17.0,-16.0,17.0,-16.0,18.0,-15.0,19.0,-13.0,18.0,-11.0,18.0,-10.0
10.0,-10.0,9.0,-10.0,9.0,-11.0,10.0,-11.0,10.0,-10.0,9.0,-9.0,8.0,-9.0,7.0,-9.0,6.0,-9.0,7.0,-10.0,7.0,-11.0,7.0,-11.0,6.0,-11.0,6.0,-10.0,5.0,-10.0,4.0,-12.0,3.0,-12.0,3.0,-11.0,2.0,-11.0,2.0,-11.0,2.0,-12.0,2.0,-12.0,1.0,-12.0,1.0,-13.0,0.0,-14.0,0.0,-16.0,-2.0,-16.0,-2.0,-17.0,-2.0,-18.0,-2.0,-17.0,-1.0,-17.0,-2.0,-17.0,-2.0,-17.0,-2.0,-18.0,-3.0,-18.0,-3.0,-19.0,-2.0,-20.0,-1.0,-19.0,-1.0,-19.0,-2.0,-20.0,-2.0,-21.0,-3.0,-22.0,-2.0,-22.0,-2.0,-22.0,-2.0,-21.0,-1.0,-21.0,0.0,-21.0,0.0,-21.0,2.0,-21.0,3.0,-21.0,4.0,-20.0,4.0,-19.0
-14.0,-6.0,-15.0,-5.0,-15.0,-4.0,-15.0,-5.0,-14.0,-5.0,-13.0,-5.0,-13.0,-4.0,-13.0,-3.0,-12.0,-3.0,-13.0,-3.0,-14.0,-3.0,-14.0,-2.0,-14.0,-1.0,-13.0,-1.0,-12.0,-1.0,-13.0,1.0,-12.0,1.0,-11.0,1.0,-11.0,2.0,-12.0,2.0,-12.0,3.0,-12.0,3.0,-12.0,4.0,-12.0,5.0,-14.0,6.0,-14.0,6.0,-14.0,9.0,-15.0,9.0,-15.0,9.0,-15.0,9.0,-15.0,9.0,-15.0,10.0,-15.0,11.0,-15.0,11.0,-15.0,11.0,-16.0,11.0,-16.0,11.0,-17.0,10.0,-17.0,10.0,-17.0,11.0,-17.0,12.0,-18.0,13.0,-19.0,13.0,-19.0,12.0,-18.0,11.0,-19.0,11.0,-19.0,11.0,-20.0,10.0,-21.0,9.0,-21.0,8.0,-20.0,6.0,-20.0,5.0
-10.0,13.0,-8.0,13.0,-8.0,14.0,-10.0,14.0,-9.0,13.0,-8.0,12.0,-7.0,12.0,-6.0,12.0,-6.0,11.0,-6.0,12.0,-6.0,13.0,-5.0,13.0,-5.0,13.0,-5.0,12.0,-4.0,12.0,-2.0,12.0,-1.0,12.0,-1.0,11.0,-1.0,11.0,-1.0,12.0,-1.0,12.0,0.0,13.0,1.0,12.0,2.0,13.0,3.0,14.0,3.0,15.0,6.0,15.0,5.0,16.0,6.0,17.0,6.0,17.0,5.0,16.0,6.0,17.0,7.0,17.0,7.0,17.0,8.0,18.0,9.0,18.0,8.0,19.0,7.0,19.0,7.0,19.0,8.0,20.0,9.0,20.0,10.0,22.0,10.0,22.0,9.0,22.0,9.0,22.0,8.0,22.0,8.0,23.0,7.0,23.0,5.0,23.0,4.0,24.0,2.0,23.0,1.0,23.0
13.0,4.0,13.0,3.0,13.0,3.0,13.0,4.0,12.0,4.0,11.0,3.0,11.0,3.0,10.0,2.0,10.0,2.0,11.0,1.0,12.0,1.0,12.0,1.0,12.0,0.0,11.0,0.0,10.0,0.0,10.0,-2.0,10.0,-3.0,9.0,-2.0,9.0,-3.0,9.0,-4.0,10.0,-4.0,10.0,-4.0,9.0,-5.0,10.0,-7.0,11.0,-8.0,11.0,-8.0,11.0,-10.0,12.0,-10.0,12.0,-11.0,11.0,-11.0,11.0,-11.0,12.0,-11.0,12.0,-12.0,12.0,-13.0,12.0,-13.0,12.0,-14.0,13.0,-14.0,13.0,-13.0,14.0,-13.0,14.0,-14.0,14.0,-15.0,14.0,-16.0,15.0,-16.0,15.0,-15.0,15.0,-15.0,15.0,-14.0,16.0,-14.0,17.0,-14.0,18.0,-13.0,18.0,-12.0,18.0,-11.0,18.0,-10.0
-7.0,-14.0,-8.0,-13.0,-9.0,-13.0,-8.0,-14.0,-7.0,-13.0,-7.0,-12.0,-8.0,-11.0,-8.0,-10.0,-8.0,-10.0,-8.0,-10.0,-9.0,-10.0,-10.0,-10.0,-10.0,-9.0,-9.0,-8.0,-9.0,-8.0,-10.0,-7.0,-10.0,-6.0,-10.0,-5.0,-10.0,-4.0,-10.0,-4.0,-11.0,-4.0,-12.0,-3.0,-12.0,-2.0,-13.0,-1.0,-15.0,0.0,-16.0,0.0,-17.0,2.0,-18.0,2.0,-18.0,2.0,-18.0,2.0,-18.0,2.0,-18.0,3.0,-19.0,4.0,-20.0,4.0,-20.0,5.0,-21.0,6.0,-22.0,5.0,-22.0,4.0,-22.0,4.0,-23.0,5.0,-24.0,5.0,-25.0,6.0,-26.0,6.0,-26.0,5.0,-25.0,5.0,-26.0,4.0,-26.0,4.0,-26.0,3.0,-27.0,2.0,-27.0,1.0,-26.0,-1.0,-25.0,-2.0
8.0,11.0,9.0,11.0,10.0,10.0,9.0,11.0,8.0,10.0,8.0,9.0,8.0,9.0,8.0,8.0,8.0,7.0,8.0,7.0,9.0,7.0,10.0,6.0,10.0,5.0,9.0,5.0,9.0,5.0,10.0,3.0,10.0,2.0,10.0,1.0,10.0,1.0,10.0,1.0,11.0,1.0,11.0,0.0,11.0,-1.0,12.0,-3.0,14.0,-4.0,14.0,-4.0,15.0,-6.0,16.0,-7.0,16.0,-8.0,16.0,-8.0,16.0,-8.0,16.0,-8.0,17.0,-9.0,17.0,-10.0,18.0,-11.0,19.0,-12.0,20.0,-11.0,19.0,-10.0,19.0,-11.0,20.0,-12.0,21.0,-12.0,22.0,-13.0,23.0,-14.0,23.0,-13.0,23.0,-12.0,23.0,-11.0,24.0,-11.0,24.0,-10.0,25.0,-9.0,25.0,-8.0,24.0,-6.0,24.0,-5.0
10.0,-6.0,10.0,-6.0,10.0,-7.0,10.0,-7.0,9.0,-6.0,8.0,-5.0,8.0,-6.0,7.0,-6.0,7.0,-6.0,7.0,-6.0,7.0,-7.0,7.0,-8.0,6.0,-8.0,6.0,-8.0,5.0,-8.0,4.0,-8.0,3.0,-8.0,3.0,-8.0,2.0,-9.0,2.0,-9.0,2.0,-10.0,2.0,-10.0,1.0,-10.0,0.0,-11.0,0.0,-12.0,0.0,-13.0,-3.0,-14.0,-2.0,-15.0,-3.0,-15.0,-3.0,-15.0,-3.0,-15.0,-4.0,-16.0,-4.0,-16.0,-4.0,-16.0,-5.0,-17.0,-6.0,-17.0,-5.0,-18.0,-4.0,-18.0,-4.0,-18.0,-5.0,-19.0,-5.0,-20.0,-6.0,-21.0,-6.0,-21.0,-5.0,-21.0,-5.0,-21.0,-5.0,-21.0,-4.0,-21.0,-3.0,-22.0,-2.0,-22.0,-1.0,-22.0,0.0,-21.0,1.0,-20.0
11.0,-3.0,11.0,-4.0,12.0,-5.0,12.0,-4.0,11.0,-4.0,10.0,-4.0,9.0,-4.0,8.0,-5.0,8.0,-5.0,8.0,-5.0,9.0,-6.0,9.0,-7.0,8.0,-7.0,8.0,-7.0,7.0,-7.0,6.0,-8.0,5.0,-8.0,5.0,-8.0,4.0,-8.0,5.0,-9.0,5.0,-10.0,4.0,-10.0,3.0,-10.0,3.0,-11.0,3.0,-13.0,3.0,-14.0,1.0,-15.0,2.0,-16.0,1.0,-17.0,1.0,-17.0,1.0,-16.0,1.0,-17.0,0.0,-18.0,0.0,-18.0,-1.0,-19.0,-1.0,-19.0,0.0,-20.0,1.0,-20.0,1.0,-20.0,0.0,-21.0,0.0,-21.0,-1.0,-23.0,0.0,-23.0,0.0,-23.0,0.0,-23.0,0.0,-22.0,1.0,-22.0,2.0,-22.0,4.0,-23.0,5.0,-22.0,5.0,-21.0,6.0,-20.0
8.0,9.0,9.0,8.0,9.0,8.0,9.0,8.0,8.0,8.0,7.0,7.0,8.0,6.0,8.0,6.0,8.0,5.0,8.0,5.0,9.0,6.0,9.0,5.0,9.0,4.0,8.0,4.0,8.0,3.0,9.0,2.0,9.0,1.0,9.0,1.0,9.0,0.0,9.0,0.0,9.0,0.0,10.0,-1.0,10.0,-1.0,10.0,-3.0,12.0,-3.0,12.0,-3.0,13.0,-5.0,14.0,-6.0,14.0,-6.0,14.0,-6.0,14.0,-6.0,14.0,-7.0,15.0,-8.0,15.0,-8.0,16.0,-8.0,16.0,-8.0,17.0,-8.0,16.0,-7.0,16.0,-7.0,17.0,-8.0,18.0,-9.0,19.0,-9.0,19.0,-9.0,19.0,-9.0,19.0,-8.0,19.0,-8.0,19.0,-8.0,20.0,-7.0,20.0,-6.0,20.0,-5.0,20.0,-3.0,19.0,-2.0
6.0,7.0,6.0,6.0,6.0,6.0,6.0,6.0,5.0,6.0,5.0,6.0,5.0,5.0,5.0,4.0,5.0,4.0,6.0,4.0,6.0,4.0,6.0,3.0,6.0,3.0,6.0,3.0,6.0,2.0,6.0,2.0,6.0,1.0,6.0,1.0,6.0,0.0,7.0,0.0,7.0,0.0,7.0,0.0,7.0,-1.0,8.0,-2.0,9.0,-2.0,9.0,-2.0,10.0,-4.0,10.0,-4.0,10.0,-4.0,10.0,-4.0,10.0,-4.0,10.0,-4.0,10.0,-5.0,11.0,-5.0,11.0,-5.0,12.0,-6.0,12.0,-6.0,12.0,-5.0,12.0,-5.0,13.0,-6.0,13.0,-7.0,14.0,-7.0,14.0,-7.0,14.0,-6.0,13.0,-6.0,14.0,-6.0,14.0,-5.0,14.0,-5.0,14.0,-5.0,14.0,-4.0,14.0,-3.0,13.0,-2.0
12.0,-8.0,11.0,-9.0,11.0,-9.0,12.0,-9.0,11.0,-8.0,10.0,-7.0,9.0,-8.0,8.0,-8.0,8.0,-8.0,8.0,-8.0,9.0,-9.0,8.0,-10.0,8.0,-9.0,7.0,-9.0,7.0,-9.0,5.0,-10.0,4.0,-10.0,3.0,-10.0,3.0,-10.0,3.0,-10.0,3.0,-11.0,2.0,-12.0,2.0,-12.0,1.0,-13.0,1.0,-14.0,0.0,-15.0,-2.0,-16.0,-2.0,-17.0,-2.0,-18.0,-2.0,-18.0,-2.0,-17.0,-3.0,-18.0,-4.0,-18.0,-4.0,-18.0,-4.0,-19.0,-4.0,-20.0,-3.0,-21.0,-2.0,-20.0,-2.0,-20.0,-3.0,-21.0,-4.0,-22.0,-5.0,-23.0,-4.0,-23.0,-4.0,-23.0,-4.0,-22.0,-4.0,-22.0,-3.0,-23.0,-2.0,-23.0,0.0,-23.0,1.0,-23.0,2.0,-22.0,3.0,-21.0
14.0,-9.0,13.0,-10.0,13.0,-11.0,14.0,-10.0,13.0,-9.0,12.0,-8.0,11.0,-8.0,10.0,-8.0,9.0,-8.0,10.0,-9.0,10.0,-10.0,9.0,-11.0,9.0,-11.0,9.0,-10.0,8.0,-10.0,6.0,-11.0,5.0,-11.0,4.0,-11.0,4.0,-11.0,4.0,-11.0,5.0,-12.0,4.0,-12.0,3.0,-12.0,2.0,-14.0,2.0,-15.0,2.0,-16.0,0.0,-17.0,0.0,-18.0,0.0,-19.0,-1.0,-19.0,0.0,-18.0,0.0,-19.0,-1.0,-19.0,-1.0,-20.0,-2.0,-21.0,-2.0,-21.0,-2.0,-22.0,0.0,-21.0,0.0,-22.0,-1.0,-23.0,-2.0,-24.0,-2.0,-25.0,-1.0,-25.0,-1.0,-24.0,-1.0,-24.0,0.0,-24.0,0.0,-24.0,1.0,-24.0,3.0,-24.0,3.0,-24.0,5.0,-23.0,5.0,-22.0
-4.0,14.0,-3.0,14.0,-3.0,14.0,-4.0,14.0,-4.0,13.0,-4.0,12.0,-3.0,12.0,-2.0,12.0,-2.0,11.0,-2.0,11.0,-1.0,12.0,0.0,12.0,0.0,11.0,-1.0,11.0,0.0,10.0,2.0,11.0,2.0,10.0,2.0,9.0,3.0,9.0,3.0,9.0,3.0,10.0,4.0,10.0,4.0,9.0,6.0,9.0,7.0,11.0,7.0,11.0,9.0,11.0,9.0,11.0,10.0,12.0,10.0,11.0,10.0,11.0,10.0,11.0,11.0,11.0,11.0,12.0,12.0,12.0,13.0,12.0,13.0,13.0,12.0,12.0,12.0,12.0,13.0,13.0,13.0,14.0,14.0,15.0,15.0,15.0,14.0,15.0,13.0,15.0,13.0,15.0,13.0,16.0,12.0,16.0,11.0,16.0,11.0,17.0,9.0,17.0,8.0,17.0
1.0,16.0,2.0,15.0,2.0,15.0,1.0,16.0,0.0,14.0,1.0,13.0,1.0,13.0,2.0,12.0,2.0,12.0,2.0,12.0,3.0,13.0,4.0,13.0,4.0,12.0,3.0,11.0,4.0,10.0,5.0,10.0,6.0,9.0,6.0,8.0,6.0,8.0,6.0,8.0,7.0,9.0,7.0,9.0,8.0,8.0,9.0,8.0,11.0,9.0,11.0,9.0,13.0,8.0,14.0,8.0,15.0,8.0,14.0,8.0,14.0,8.0,15.0,8.0,15.0,8.0,16.0,8.0,17.0,8.0,18.0,8.0,18.0,9.0,17.0,9.0,17.0,9.0,18.0,9.0,19.0,10.0,20.0,10.0,21.0,10.0,20.0,11.0,20.0,11.0,19.0,11.0,19.0,12.0,19.0,12.0,19.0,13.0,18.0,14.0,16.0,15.0,15.0,15.0
-10.0,4.0,-9.0,4.0,-9.0,5.0,-10.0,4.0,-9.0,4.0,-8.0,3.0,-8.0,4.0,-7.0,4.0,-7.0,4.0,-7.0,4.0,-7.0,5.0,-7.0,5.0,-7.0,5.0,-7.0,5.0,-6.0,5.0,-5.0,6.0,-4.0,6.0,-4.0,6.0,-4.0,6.0,-4.0,6.0,-4.0,7.0,-4.0,7.0,-4.0,7.0,-3.0,8.0,-3.0,9.0,-3.0,9.0,-2.0,10.0,-2.0,10.0,-2.0,11.0,-2.0,11.0,-2.0,11.0,-2.0,11.0,-1.0,11.0,-1.0,12.0,-1.0,12.0,-1.0,13.0,-1.0,13.0,-2.0,12.0,-2.0,12.0,-2.0,13.0,-1.0,14.0,-1.0,15.0,-2.0,15.0,-2.0,14.0,-1.0,14.0,-2.0,15.0,-2.0,15.0,-3.0,15.0,-4.0,15.0,-5.0,14.0,-5.0,13.0,-6.0,13.0
-2.0,11.0,-1.0,11.0,0.0,11.0,-1.0,11.0,-1.0,10.0,-1.0,10.0,0.0,9.0,1.0,9.0,1.0,9.0,1.0,9.0,1.0,9.0,2.0,10.0,2.0,9.0,2.0,8.0,2.0,8.0,4.0,8.0,4.0,7.0,4.0,7.0,4.0,7.0,5.0,7.0,5.0,7.0,6.0,7.0,6.0,7.0,7.0,7.0,8.0,8.0,9.0,8.0,10.0,7.0,11.0,8.0,11.0,8.0,11.0,8.0,11.0,7.0,11.0,7.0,12.0,7.0,12.0,7.0,13.0,7.0,14.0,7.0,14.0,8.0,13.0,8.0,13.0,8.0,14.0,8.0,15.0,9.0,16.0,9.0,16.0,9.0,16.0,9.0,16.0,9.0,16.0,9.0,16.0,10.0,15.0,11.0,15.0,11.0,14.0,12.0,13.0,13.0,12.0,13.0
8.0,8.0,8.0,7.0,8.0,7.0,8.0,7.0,7.0,7.0,7.0,6.0,7.0,5.0,7.0,5.0,7.0,5.0,7.0,5.0,8.0,5.0,8.0,4.0,8.0,3.0,8.0,3.0,8.0,3.0,8.0,2.0,8.0,1.0,8.0,1.0,8.0,0.0,8.0,0.0,9.0,1.0,9.0,0.0,9.0,0.0,10.0,-1.0,11.0,-2.0,12.0,-2.0,12.0,-3.0,13.0,-3.0,14.0,-3.0,13.0,-3.0,13.0,-3.0,13.0,-4.0,13.0,-4.0,14.0,-4.0,14.0,-5.0,15.0,-5.0,15.0,-5.0,15.0,-4.0,15.0,-4.0,16.0,-5.0,17.0,-5.0,17.0,-6.0,18.0,-6.0,18.0,-5.0,18.0,-4.0,18.0,-4.0,18.0,-4.0,19.0,-4.0,19.0,-3.0,19.0,-2.0,18.0,0.0,17.0,1.0
-13.0,-1.0,-13.0,0.0,-13.0,1.0,-13.0,0.0,-12.0,0.0,-11.0,0.0,-11.0,0.0,-10.0,1.0,-10.0,1.0,-11.0,2.0,-11.0,2.0,-11.0,3.0,-11.0,3.0,-10.0,3.0,-10.0,3.0,-9.0,5.0,-9.0,5.0,-8.0,5.0,-8.0,5.0,-8.0,6.0,-9.0,6.0,-9.0,7.0,-8.0,7.0,-8.0,8.0,-9.0,10.0,-9.0,10.0,-8.0,12.0,-9.0,12.0,-9.0,13.0,-9.0,13.0,-9.0,12.0,-9.0,13.0,-9.0,14.0,-9.0,14.0,-8.0,15.0,-8.0,16.0,-9.0,16.0,-9.0,15.0,-9.0,15.0,-9.0,16.0,-9.0,17.0,-9.0,19.0,-10.0,19.0,-10.0,18.0,-10.0,18.0,-11.0,18.0,-12.0,18.0,-13.0,18.0,-14.0,17.0,-14.0,16.0,-15.0,15.0,-15.0,14.0
3.0,8.0,4.0,7.0,4.0,7.0,3.0,8.0,3.0,7.0,3.0,6.0,4.0,6.0,4.0,5.0,4.0,5.0,4.0,5.0,5.0,5.0,5.0,5.0,5.0,4.0,5.0,4.0,5.0,4.0,6.0,3.0,6.0,2.0,6.0,2.0,6.0,2.0,6.0,2.0,7.0,1.0,7.0,1.0,7.0,1.0,8.0,0.0,9.0,0.0,10.0,0.0,10.0,-2.0,10.0,-1.0,11.0,-2.0,11.0,-2.0,10.0,-2.0,11.0,-2.0,11.0,-3.0,11.0,-3.0,12.0,-4.0,13.0,-4.0,13.0,-4.0,13.0,-3.0,13.0,-3.0,13.0,-4.0,14.0,-4.0,14.0,-5.0,15.0,-5.0,15.0,-5.0,15.0,-4.0,15.0,-4.0,15.0,-4.0,15.0,-3.0,15.0,-3.0,15.0,-2.0,15.0,-1.0,15.0,0.0
-9.0,4.0,-8.0,5.0,-9.0,5.0,-9.0,5.0,-9.0,4.0,-7.0,4.0,-6.0,5.0,-6.0,5.0,-6.0,5.0,-6.0,5.0,-7.0,5.0,-6.0,6.0,-5.0,6.0,-4.0,6.0,-3.0,6.0,-2.0,7.0,-2.0,7.0,-2.0,7.0,0.0,7.0,0.0,7.0,-1.0,8.0,-2.0,9.0,-2.0,9.0,-1.0,8.0,0.0,10.0,1.0,11.0,3.0,13.0,2.0,13.0,3.0,13.0,4.0,11.0,3.0,11.0,3.0,11.0,4.0,11.0,5.0,12.0,6.0,12.0,6.0,13.0,5.0,14.0,5.0,13.0,6.0,13.0,6.0,14.0,6.0,14.0,7.0,15.0,7.0,17.0,7.0,16.0,7.0,16.0,6.0,17.0,6.0,17.0,6.0,17.0,5.0,18.0,4.0,18.0,3.0,17.0,3.0,17.0
-7.0,-9.0,-8.0,-8.0,-8.0,-8.0,-8.0,-8.0,-7.0,-8.0,-7.0,-7.0,-8.0,-6.0,-7.0,-6.0,-7.0,-5.0,-8.0,-5.0,-9.0,-5.0,-9.0,-5.0,-9.0,-4.0,-8.0,-4.0,-8.0,-3.0,-9.0,-2.0,-9.0,-2.0,-9.0,-1.0,-9.0,-1.0,-9.0,-1.0,-10.0,-1.0,-10.0,0.0,-10.0,1.0,-11.0,2.0,-12.0,2.0,-13.0,2.0,-13.0,4.0,-14.0,4.0,-14.0,4.0,-14.0,5.0,-14.0,4.0,-14.0,5.0,-14.0,6.0,-15.0,6.0,-15.0,7.0,-16.0,7.0,-16.0,7.0,-16.0,6.0,-16.0,7.0,-17.0,7.0,-17.0,8.0,-18.0,8.0,-19.0,9.0,-19.0,8.0,-19.0,8.0,-19.0,8.0,-19.0,7.0,-20.0,7.0,-20.0,6.0,-21.0,5.0,-20.0,3.0,-20.0,2.0
-8.0,-9.0,-8.0,-8.0,-9.0,-8.0,-8.0,-8.0,-8.0,-8.0,-7.0,-7.0,-8.0,-6.0,-8.0,-5.0,-8.0,-5.0,-8.0,-5.0,-9.0,-5.0,-9.0,-4.0,-9.0,-4.0,-8.0,-4.0,-9.0,-3.0,-9.0,-2.0,-9.0,-1.0,-9.0,-1.0,-9.0,0.0,-9.0,0.0,-10.0,0.0,-10.0,1.0,-10.0,1.0,-10.0,2.0,-12.0,3.0,-12.0,3.0,-12.0,5.0,-13.0,5.0,-14.0,6.0,-13.0,6.0,-13.0,6.0,-13.0,7.0,-13.0,7.0,-13.0,8.0,-14.0,8.0,-14.0,9.0,-15.0,8.0,-15.0,8.0,-15.0,8.0,-16.0,9.0,-16.0,10.0,-17.0,11.0,-17.0,11.0,-18.0,11.0,-17.0,10.0,-17.0,10.0,-18.0,10.0,-18.0,9.0,-18.0,9.0,-19.0,7.0,-19.0,5.0,-19.0,4.0
-3.0,8.0,-3.0,8.0,-3.0,8.0,-3.0,8.0,-3.0,8.0,-3.0,7.0,-2.0,7.0,-2.0,7.0,-1.0,7.0,-1.0,7.0,-1.0,7.0,0.0,7.0,0.0,7.0,-1.0,7.0,0.0,6.0,1.0,6.0,2.0,6.0,2.0,6.0,2.0,6.0,2.0,6.0,2.0,6.0,3.0,7.0,3.0,6.0,4.0,6.0,5.0,7.0,5.0,7.0,7.0,7.0,7.0,7.0,8.0,7.0,8.0,7.0,8.0,7.0,8.0,7.0,9.0,7.0,9.0,7.0,10.0,7.0,10.0,7.0,10.0,8.0,10.0,8.0,10.0,8.0,11.0,8.0,11.0,8.0,12.0,9.0,12.0,9.0,12.0,9.0,12.0,9.0,12.0,10.0,12.0,10.0,11.0,11.0,10.0,12.0,9.0,12.0,9.0,12.0,8.0,12.0
-2.0,14.0,-2.0,14.0,-1.0,14.0,-3.0,14.0,-3.0,13.0,-2.0,12.0,-1.0,12.0,0.0,11.0,0.0,11.0,0.0,11.0,1.0,12.0,2.0,12.0,2.0,11.0,1.0,11.0,2.0,10.0,4.0,10.0,5.0,10.0,4.0,9.0,5.0,8.0,5.0,9.0,6.0,9.0,6.0,9.0,7.0,9.0,8.0,9.0,10.0,10.0,10.0,11.0,12.0,9.0,13.0,10.0,13.0,10.0,13.0,10.0,13.0,10.0,14.0,10.0,14.0,10.0,15.0,10.0,16.0,10.0,17.0,10.0,17.0,10.0,16.0,11.0,16.0,11.0,18.0,11.0,19.0,11.0,20.0,12.0,21.0,12.0,20.0,13.0,19.0,13.0,19.0,14.0,18.0,14.0,18.0,15.0,17.0,16.0,16.0,16.0,15.0,17.0,14.0,17.0
-13.0,-5.0,-13.0,-4.0,-14.0,-4.0,-14.0,-5.0,-13.0,-5.0,-12.0,-4.0,-11.0,-3.0,-11.0,-3.0,-10.0,-2.0,-11.0,-2.0,-11.0,-2.0,-12.0,-1.0,-12.0,-1.0,-11.0,-1.0,-10.0,-1.0,-10.0,1.0,-10.0,1.0,-9.0,1.0,-9.0,2.0,-10.0,2.0,-10.0,3.0,-10.0,3.0,-10.0,4.0,-10.0,5.0,-11.0,6.0,-11.0,7.0,-11.0,8.0,-12.0,8.0,-12.0,9.0,-11.0,9.0,-12.0,9.0,-12.0,10.0,-12.0,11.0,-12.0,11.0,-12.0,11.0,-12.0,12.0,-12.0,12.0,-13.0,11.0,-13.0,12.0,-14.0,12.0,-14.0,13.0,-14.0,14.0,-15.0,14.0,-15.0,14.0,-15.0,13.0,-15.0,13.0,-16.0,12.0,-17.0,12.0,-18.0,11.0,-18.0,10.0,-18.0,9.0,-18.0,8.0
10.0,-9.0,9.0,-9.0,9.0,-9.0,10.0,-9.0,9.0,-8.0,8.0,-8.0,7.0,-8.0,6.0,-8.0,6.0,-8.0,6.0,-8.0,6.0,-9.0,6.0,-10.0,5.0,-9.0,5.0,-8.0,5.0,-8.0,3.0,-9.0,2.0,-10.0,2.0,-9.0,1.0,-9.0,1.0,-9.0,2.0,-10.0,1.0,-10.0,0.0,-10.0,-1.0,-11.0,-2.0,-12.0,-2.0,-13.0,-4.0,-13.0,-3.0,-14.0,-4.0,-15.0,-4.0,-14.0,-4.0,-14.0,-5.0,-14.0,-5.0,-14.0,-6.0,-15.0,-6.0,-15.0,-7.0,-16.0,-7.0,-16.0,-6.0,-16.0,-6.0,-16.0,-7.0,-17.0,-8.0,-18.0,-8.0,-19.0,-8.0,-19.0,-8.0,-19.0,-8.0,-19.0,-7.0,-19.0,-7.0,-20.0,-6.0,-20.0,-5.0,-21.0,-4.0,-21.0,-3.0,-20.0,-2.0,-20.0
9.0,-10.0,8.0,-10.0,8.0,-11.0,9.0,-10.0,8.0,-9.0,7.0,-9.0,6.0,-9.0,6.0,-9.0,5.0,-8.0,5.0,-9.0,5.0,-9.0,5.0,-10.0,4.0,-9.0,4.0,-9.0,4.0,-9.0,2.0,-10.0,1.0,-10.0,1.0,-9.0,0.0,-9.0,0.0,-9.0,0.0,-9.0,0.0,-10.0,-1.0,-10.0,-2.0,-10.0,-3.0,-12.0,-3.0,-12.0,-6.0,-13.0,-5.0,-13.0,-6.0,-13.0,-6.0,-13.0,-6.0,-13.0,-6.0,-13.0,-7.0,-13.0,-8.0,-14.0,-8.0,-14.0,-9.0,-15.0,-9.0,-15.0,-8.0,-15.0,-8.0,-16.0,-9.0,-16.0,-10.0,-17.0,-11.0,-18.0,-11.0,-18.0,-10.0,-18.0,-10.0,-18.0,-9.0,-18.0,-9.0,-19.0,-9.0,-19.0,-7.0,-20.0,-6.0,-20.0,-5.0,-20.0,-4.0,-19.0
15.0,4.0,15.0,3.0,16.0,2.0,16.0,3.0,14.0,3.0,13.0,3.0,12.0,2.0,12.0,1.0,11.0,1.0,12.0,0.0,12.0,0.0,13.0,-1.0,12.0,-2.0,11.0,-1.0,10.0,-2.0,10.0,-4.0,9.0,-4.0,9.0,-4.0,8.0,-5.0,9.0,-6.0,9.0,-6.0,9.0,-7.0,9.0,-7.0,9.0,-9.0,9.0,-10.0,10.0,-11.0,9.0,-13.0,10.0,-14.0,10.0,-15.0,9.0,-14.0,9.0,-14.0,9.0,-15.0,9.0,-16.0,9.0,-16.0,8.0,-17.0,8.0,-18.0,9.0,-18.0,10.0,-18.0,10.0,-18.0,10.0,-19.0,10.0,-20.0,10.0,-22.0,11.0,-22.0,11.0,-21.0,11.0,-21.0,12.0,-21.0,13.0,-21.0,14.0,-21.0,15.0,-20.0,16.0,-19.0,16.0,-17.0,16.0,-16.0
12.0,0.0,12.0,-1.0,12.0,-1.0,12.0,0.0,11.0,0.0,10.0,0.0,9.0,-1.0,9.0,-2.0,9.0,-2.0,9.0,-2.0,9.0,-2.0,9.0,-3.0,9.0,-3.0,9.0,-3.0,8.0,-3.0,7.0,-5.0,6.0,-5.0,6.0,-5.0,6.0,-6.0,6.0,-6.0,6.0,-7.0,6.0,-7.0,6.0,-7.0,6.0,-8.0,6.0,-10.0,6.0,-10.0,5.0,-12.0,6.0,-13.0,6.0,-13.0,5.0,-13.0,5.0,-13.0,5.0,-13.0,5.0,-14.0,5.0,-14.0,5.0,-15.0,5.0,-15.0,6.0,-16.0,7.0,-15.0,7.0,-16.0,6.0,-17.0,6.0,-17.0,6.0,-18.0,6.0,-19.0,7.0,-18.0,7.0,-18.0,7.0,-18.0,8.0,-18.0,9.0,-18.0,10.0,-17.0,11.0,-16.0,12.0,-15.0,12.0,-14.0
8.0,12.0,9.0,11.0,9.0,11.0,9.0,11.0,8.0,10.0,7.0,9.0,7.0,9.0,8.0,8.0,8.0,7.0,8.0,7.0,8.0,7.0,9.0,6.0,9.0,5.0,8.0,5.0,8.0,5.0,9.0,3.0,10.0,2.0,9.0,1.0,9.0,0.0,10.0,1.0,10.0,1.0,11.0,0.0,11.0,-1.0,12.0,-2.0,14.0,-2.0,14.0,-2.0,15.0,-5.0,16.0,-5.0,16.0,-6.0,16.0,-6.0,16.0,-5.0,16.0,-6.0,17.0,-7.0,17.0,-7.0,18.0,-8.0,19.0,-8.0,19.0,-7.0,19.0,-7.0,19.0,-7.0,20.0,-8.0,21.0,-8.0,22.0,-9.0,23.0,-9.0,22.0,-8.0,22.0,-8.0,22.0,-7.0,23.0,-7.0,24.0,-6.0,24.0,-5.0,24.0,-4.0,23.0,-2.0,22.0,-1.0
4.0,12.0,4.0,11.0,5.0,11.0,4.0,12.0,3.0,11.0,4.0,10.0,4.0,9.0,4.0,8.0,5.0,8.0,5.0,8.0,6.0,8.0,7.0,8.0,6.0,7.0,6.0,6.0,6.0,6.0,7.0,4.0,8.0,3.0,8.0,3.0,8.0,2.0,8.0,2.0,9.0,2.0,10.0,2.0,10.0,1.0,11.0,0.0,12.0,0.0,13.0,0.0,15.0,-2.0,15.0,-2.0,16.0,-3.0,16.0,-3.0,15.0,-3.0,16.0,-4.0,16.0,-4.0,17.0,-4.0,17.0,-5.0,18.0,-5.0,19.0,-5.0,18.0,-4.0,19.0,-5.0,19.0,-5.0,20.0,-6.0,21.0,-6.0,22.0,-6.0,22.0,-6.0,22.0,-5.0,22.0,-5.0,22.0,-5.0,22.0,-4.0,22.0,-3.0,22.0,-2.0,21.0,0.0,20.0,1.0
-13.0,4.0,-12.0,4.0,-12.0,5.0,-13.0,4.0,-12.0,4.0,-11.0,4.0,-10.0,4.0,-9.0,5.0,-9.0,5.0,-9.0,5.0,-9.0,6.0,-9.0,7.0,-8.0,7.0,-8.0,6.0,-7.0,7.0,-5.0,8.0,-4.0,8.0,-4.0,8.0,-3.0,8.0,-4.0,9.0,-4.0,10.0,-3.0,10.0,-2.0,10.0,-2.0,11.0,-2.0,13.0,-1.0,14.0,1.0,15.0,0.0,16.0,1.0,17.0,1.0,16.0,1.0,16.0,1.0,17.0,2.0,17.0,2.0,18.0,3.0,18.0,4.0,19.0,3.0,20.0,1.0,19.0,1.0,19.0,2.0,21.0,3.0,21.0,4.0,22.0,3.0,23.0,3.0,23.0,3.0,23.0,3.0,23.0,2.0,23.0,0.0,23.0,-1.0,23.0,-3.0,23.0,-4.0,22.0,-4.0,21.0
-13.0,-3.0,-13.0,-2.0,-14.0,-1.0,-14.0,-1.0,-13.0,-2.0,-12.0,-1.0,-11.0,-1.0,-11.0,0.0,-10.0,1.0,-11.0,1.0,-11.0,1.0,-11.0,2.0,-11.0,3.0,-10.0,3.0,-9.0,4.0,-9.0,5.0,-8.0,5.0,-8.0,5.0,-7.0,6.0,-8.0,7.0,-8.0,8.0,-7.0,8.0,-7.0,9.0,-7.0,10.0,-7.0,12.0,-7.0,12.0,-6.0,14.0,-7.0,15.0,-6.0,16.0,-6.0,16.0,-6.0,16.0,-6.0,17.0,-5.0,17.0,-5.0,18.0,-5.0,18.0,-5.0,19.0,-6.0,20.0,-7.0,19.0,-7.0,19.0,-6.0,20.0,-6.0,21.0,-6.0,23.0,-6.0,23.0,-6.0,23.0,-6.0,22.0,-7.0,22.0,-8.0,22.0,-9.0,22.0,-10.0,22.0,-11.0,21.0,-12.0,19.0,-12.0,18.0
-10.0,10.0,-9.0,11.0,-9.0,11.0,-10.0,11.0,-9.0,10.0,-8.0,10.0,-7.0,9.0,-6.0,9.0,-5.0,9.0,-5.0,10.0,-5.0,11.0,-4.0,11.0,-4.0,11.0,-4.0,10.0,-3.0,10.0,-1.0,11.0,1.0,10.0,1.0,10.0,1.0,10.0,1.0,11.0,2.0,12.0,2.0,12.0,3.0,11.0,5.0,12.0,6.0,14.0,6.0,14.0,9.0,14.0,9.0,15.0,10.0,16.0,10.0,16.0,10.0,15.0,11.0,16.0,11.0,16.0,12.0,16.0,13.0,17.0,14.0,17.0,14.0,18.0,12.0,18.0,12.0,18.0,13.0,19.0,15.0,19.0,16.0,20.0,16.0,21.0,16.0,21.0,15.0,20.0,15.0,21.0,14.0,21.0,13.0,22.0,12.0,23.0,10.0,23.0,9.0,23.0,8.0,22.0
11.0,2.0,11.0,2.0,12.0,1.0,12.0,2.0,10.0,2.0,9.0,2.0,9.0,1.0,9.0,0.0,9.0,0.0,9.0,0.0,10.0,-1.0,10.0,-2.0,9.0,-2.0,9.0,-2.0,8.0,-3.0,8.0,-4.0,7.0,-5.0,7.0,-4.0,7.0,-5.0,7.0,-6.0,8.0,-6.0,8.0,-7.0,7.0,-7.0,7.0,-9.0,8.0,-10.0,8.0,-11.0,7.0,-12.0,8.0,-13.0,8.0,-14.0,8.0,-13.0,8.0,-13.0,8.0,-14.0,8.0,-15.0,8.0,-15.0,8.0,-16.0,8.0,-16.0,8.0,-16.0,9.0,-16.0,9.0,-16.0,9.0,-17.0,9.0,-18.0,9.0,-19.0,10.0,-19.0,10.0,-19.0,10.0,-18.0,10.0,-18.0,11.0,-18.0,12.0,-18.0,13.0,-18.0,13.0,-17.0,14.0,-15.0,14.0,-14.0
-6.0,-11.0,-6.0,-11.0,-7.0,-11.0,-6.0,-11.0,-6.0,-10.0,-6.0,-10.0,-6.0,-9.0,-6.0,-8.0,-6.0,-8.0,-6.0,-8.0,-7.0,-8.0,-8.0,-8.0,-8.0,-7.0,-7.0,-7.0,-7.0,-6.0,-8.0,-5.0,-9.0,-4.0,-9.0,-4.0,-9.0,-3.0,-9.0,-3.0,-10.0,-4.0,-11.0,-3.0,-10.0,-2.0,-11.0,-1.0,-13.0,-1.0,-14.0,-2.0,-14.0,0.0,-15.0,0.0,-16.0,1.0,-16.0,1.0,-15.0,1.0,-16.0,1.0,-16.0,2.0,-17.0,2.0,-17.0,2.0,-18.0,3.0,-18.0,2.0,-18.0,2.0,-18.0,2.0,-19.0,2.0,-20.0,3.0,-21.0,3.0,-21.0,3.0,-21.0,3.0,-21.0,3.0,-21.0,2.0,-21.0,1.0,-21.0,1.0,-22.0,0.0,-21.0,-1.0,-21.0,-2.0,-20.0,-3.0
11.0,-5.0,11.0,-6.0,11.0,-7.0,12.0,-6.0,11.0,-5.0,10.0,-5.0,9.0,-5.0,8.0,-6.0,8.0,-6.0,8.0,-6.0,9.0,-7.0,8.0,-8.0,8.0,-8.0,8.0,-7.0,7.0,-7.0,6.0,-9.0,5.0,-9.0,4.0,-9.0,4.0,-9.0,4.0,-10.0,4.0,-10.0,4.0,-11.0,3.0,-11.0,2.0,-12.0,2.0,-14.0,2.0,-14.0,0.0,-16.0,1.0,-17.0,0.0,-18.0,0.0,-17.0,0.0,-17.0,0.0,-17.0,-1.0,-18.0,-1.0,-18.0,-1.0,-19.0,-2.0,-20.0,-2.0,-20.0,0.0,-20.0,0.0,-20.0,-1.0,-21.0,-2.0,-22.0,-3.0,-23.0,-2.0,-24.0,-2.0,-23.0,-2.0,-23.0,-1.0,-23.0,-1.0,-23.0,1.0,-23.0,2.0,-23.0,3.0,-23.0,4.0,-22.0,4.0,-21.0
9.0,10.0,10.0,9.0,10.0,9.0,10.0,9.0,9.0,9.0,8.0,8.0,8.0,7.0,8.0,7.0,8.0,6.0,9.0,6.0,10.0,6.0,10.0,6.0,10.0,5.0,9.0,5.0,9.0,4.0,10.0,3.0,10.0,1.0,10.0,1.0,10.0,0.0,10.0,0.0,11.0,0.0,12.0,-1.0,12.0,-1.0,12.0,-3.0,14.0,-3.0,14.0,-3.0,15.0,-6.0,16.0,-6.0,17.0,-7.0,16.0,-7.0,16.0,-6.0,16.0,-8.0,16.0,-9.0,17.0,-9.0,18.0,-9.0,18.0,-10.0,19.0,-9.0,19.0,-9.0,19.0,-9.0,19.0,-10.0,20.0,-10.0,21.0,-12.0,22.0,-12.0,21.0,-11.0,21.0,-11.0,21.0,-11.0,22.0,-10.0,23.0,-10.0,24.0,-9.0,24.0,-7.0,23.0,-5.0,22.0,-4.0
-3.0,10.0,-3.0,10.0,-3.0,11.0,-4.0,11.0,-4.0,10.0,-3.0,9.0,-2.0,9.0,-2.0,9.0,-2.0,9.0,-2.0,9.0,-1.0,9.0,0.0,9.0,0.0,9.0,0.0,8.0,0.0,8.0,1.0,8.0,2.0,8.0,2.0,7.0,3.0,7.0,3.0,8.0,3.0,8.0,4.0,8.0,4.0,8.0,5.0,8.0,6.0,9.0,7.0,9.0,9.0,8.0,9.0,9.0,10.0,9.0,10.0,9.0,10.0,9.0,10.0,9.0,11.0,8.0,11.0,8.0,12.0,8.0,13.0,9.0,13.0,9.0,12.0,9.0,13.0,9.0,14.0,10.0,15.0,10.0,16.0,10.0,16.0,11.0,16.0,11.0,16.0,11.0,15.0,11.0,15.0,12.0,15.0,12.0,14.0,13.0,13.0,14.0,12.0,14.0,11.0,14.0
-11.0,-5.0,-11.0,-4.0,-11.0,-4.0,-11.0,-5.0,-10.0,-5.0,-10.0,-4.0,-9.0,-3.0,-9.0,-3.0,-9.0,-2.0,-9.0,-2.0,-10.0,-2.0,-10.0,-2.0,-10.0,-1.0,-9.0,-1.0,-9.0,-1.0,-9.0,0.0,-9.0,1.0,-9.0,1.0,-8.0,1.0,-9.0,2.0,-9.0,2.0,-9.0,3.0,-9.0,3.0,-9.0,4.0,-10.0,5.0,-11.0,5.0,-10.0,7.0,-11.0,7.0,-11.0,8.0,-11.0,8.0,-11.0,8.0,-11.0,9.0,-11.0,9.0,-11.0,10.0,-11.0,10.0,-11.0,11.0,-12.0,11.0,-12.0,10.0,-13.0,11.0,-13.0,11.0,-13.0,12.0,-13.0,13.0,-14.0,14.0,-14.0,13.0,-14.0,13.0,-14.0,12.0,-15.0,12.0,-16.0,12.0,-17.0,11.0,-17.0,11.0,-17.0,9.0,-16.0,8.0
-3.0,-14.0,-4.0,-14.0,-4.0,-14.0,-3.0,-14.0,-3.0,-13.0,-3.0,-12.0,-3.0,-12.0,-4.0,-11.0,-4.0,-11.0,-4.0,-11.0,-5.0,-11.0,-6.0,-11.0,-5.0,-10.0,-5.0,-10.0,-6.0,-9.0,-7.0,-9.0,-8.0,-8.0,-7.0,-7.0,-8.0,-6.0,-8.0,-7.0,-9.0,-7.0,-9.0,-7.0,-10.0,-6.0,-11.0,-6.0,-12.0,-6.0,-13.0,-6.0,-15.0,-4.0,-16.0,-5.0,-16.0,-4.0,-16.0,-4.0,-16.0,-4.0,-16.0,-3.0,-17.0,-3.0,-18.0,-3.0,-19.0,-2.0,-20.0,-2.0,-20.0,-3.0,-19.0,-3.0,-20.0,-2.0,-21.0,-2.0,-22.0,-2.0,-23.0,-1.0,-24.0,-1.0,-24.0,-2.0,-23.0,-3.0,-24.0,-3.0,-24.0,-4.0,-24.0,-4.0,-24.0,-5.0,-23.0,-7.0,-22.0,-8.0,-21.0,-9.0
-10.0,7.0,-9.0,7.0,-9.0,8.0,-10.0,8.0,-10.0,7.0,-9.0,6.0,-8.0,6.0,-7.0,7.0,-7.0,7.0,-7.0,7.0,-7.0,7.0,-6.0,8.0,-6.0,8.0,-6.0,7.0,-5.0,7.0,-3.0,8.0,-3.0,8.0,-2.0,8.0,-2.0,8.0,-2.0,8.0,-2.0,9.0,-2.0,9.0,-1.0,8.0,0.0,9.0,1.0,11.0,1.0,11.0,3.0,12.0,3.0,12.0,3.0,13.0,4.0,12.0,4.0,12.0,4.0,13.0,5.0,13.0,6.0,13.0,7.0,14.0,8.0,14.0,7.0,15.0,7.0,15.0,7.0,15.0,8.0,16.0,8.0,16.0,9.0,17.0,9.0,18.0,9.0,18.0,9.0,18.0,9.0,18.0,8.0,19.0,7.0,19.0,6.0,19.0,5.0,20.0,4.0,19.0,3.0,19.0
12.0,4.0,12.0,3.0,13.0,3.0,13.0,4.0,11.0,4.0,10.0,3.0,10.0,3.0,10.0,2.0,10.0,1.0,10.0,1.0,10.0,1.0,10.0,0.0,10.0,0.0,9.0,0.0,9.0,-1.0,9.0,-3.0,8.0,-3.0,8.0,-3.0,7.0,-4.0,7.0,-5.0,8.0,-5.0,8.0,-5.0,7.0,-6.0,8.0,-8.0,9.0,-9.0,9.0,-9.0,7.0,-12.0,8.0,-13.0,8.0,-13.0,7.0,-13.0,7.0,-13.0,7.0,-14.0,7.0,-15.0,7.0,-15.0,7.0,-16.0,6.0,-17.0,7.0,-18.0,7.0,-18.0,7.0,-18.0,7.0,-20.0,7.0,-21.0,7.0,-22.0,7.0,-22.0,8.0,-22.0,8.0,-21.0,8.0,-22.0,9.0,-22.0,10.0,-22.0,11.0,-22.0,12.0,-21.0,13.0,-19.0,13.0,-18.0
-11.0,-10.0,-11.0,-9.0,-12.0,-8.0,-11.0,-9.0,-10.0,-9.0,-10.0,-8.0,-9.0,-7.0,-9.0,-6.0,-9.0,-6.0,-9.0,-6.0,-10.0,-6.0,-10.0,-5.0,-10.0,-4.0,-9.0,-4.0,-9.0,-3.0,-10.0,-2.0,-10.0,-1.0,-9.0,-1.0,-9.0,0.0,-9.0,0.0,-10.0,1.0,-10.0,1.0,-10.0,2.0,-10.0,4.0,-12.0,4.0,-12.0,5.0,-12.0,7.0,-13.0,7.0,-13.0,8.0,-13.0,8.0,-12.0,8.0,-13.0,9.0,-13.0,10.0,-13.0,11.0,-13.0,11.0,-13.0,12.0,-14.0,13.0,-15.0,12.0,-15.0,13.0,-16.0,14.0,-16.0,14.0,-17.0,16.0,-17.0,16.0,-17.0,16.0,-17.0,15.0,-18.0,15.0,-18.0,15.0,-19.0,15.0,-21.0,14.0,-21.0,13.0,-21.0,11.0,-20.0,9.0
-12.0,3.0,-12.0,4.0,-12.0,4.0,-12.0,4.0,-11.0,3.0,-10.0,3.0,-9.0,4.0,-9.0,4.0,-8.0,4.0,-9.0,4.0,-9.0,5.0,-9.0,5.0,-8.0,5.0,-8.0,4.0,-7.0,5.0,-6.0,6.0,-5.0,6.0,-4.0,6.0,-4.0,7.0,-4.0,7.0,-4.0,7.0,-3.0,8.0,-3.0,8.0,-2.0,9.0,-2.0,10.0,-1.0,11.0,0.0,12.0,0.0,13.0,1.0,13.0,1.0,13.0,1.0,13.0,2.0,13.0,3.0,14.0,3.0,15.0,4.0,15.0,4.0,16.0,4.0,17.0,3.0,17.0,3.0,17.0,4.0,18.0,5.0,19.0,5.0,20.0,5.0,21.0,4.0,21.0,4.0,21.0,4.0,21.0,4.0,21.0,2.0,22.0,1.0,22.0,-1.0,22.0,-2.0,21.0,-2.0,21.0
7.0,7.0,8.0,6.0,8.0,6.0,8.0,7.0,7.0,6.0,6.0,6.0,6.0,5.0,6.0,4.0,6.0,4.0,7.0,4.0,7.0,4.0,8.0,3.0,8.0,2.0,7.0,2.0,7.0,1.0,7.0,0.0,7.0,-1.0,7.0,-1.0,6.0,-2.0,7.0,-2.0,7.0,-3.0,7.0,-3.0,7.0,-4.0,7.0,-5.0,8.0,-6.0,8.0,-6.0,8.0,-8.0,9.0,-9.0,9.0,-10.0,9.0,-10.0,8.0,-10.0,8.0,-11.0,8.0,-12.0,8.0,-12.0,9.0,-13.0,9.0,-14.0,10.0,-14.0,10.0,-14.0,10.0,-14.0,10.0,-15.0,10.0,-16.0,10.0,-17.0,11.0,-18.0,11.0,-17.0,11.0,-17.0,12.0,-17.0,12.0,-17.0,13.0,-17.0,14.0,-17.0,15.0,-16.0,15.0,-14.0,14.0,-13.0
-13.0,1.0,-12.0,2.0,-12.0,3.0,-13.0,2.0,-11.0,2.0,-10.0,2.0,-10.0,2.0,-9.0,3.0,-9.0,3.0,-9.0,3.0,-9.0,4.0,-9.0,5.0,-8.0,5.0,-8.0,5.0,-7.0,5.0,-6.0,6.0,-5.0,6.0,-4.0,6.0,-4.0,7.0,-4.0,8.0,-4.0,8.0,-3.0,8.0,-2.0,8.0,-2.0,9.0,-2.0,11.0,-1.0,12.0,1.0,13.0,1.0,14.0,1.0,15.0,2.0,14.0,2.0,14.0,3.0,15.0,3.0,15.0,4.0,16.0,5.0,16.0,6.0,17.0,5.0,18.0,4.0,18.0,4.0,18.0,5.0,19.0,6.0,20.0,7.0,21.0,7.0,23.0,7.0,23.0,7.0,22.0,6.0,22.0,5.0,23.0,4.0,23.0,3.0,24.0,2.0,24.0,1.0,23.0,0.0,22.0
8.0,7.0,8.0,6.0,9.0,6.0,8.0,6.0,7.0,6.0,7.0,5.0,7.0,4.0,7.0,4.0,6.0,3.0,7.0,3.0,8.0,3.0,8.0,2.0,8.0,2.0,7.0,1.0,7.0,0.0,7.0,-1.0,7.0,-2.0,7.0,-2.0,7.0,-2.0,7.0,-3.0,7.0,-3.0,7.0,-4.0,7.0,-5.0,7.0,-6.0,8.0,-7.0,8.0,-7.0,8.0,-9.0,9.0,-10.0,9.0,-11.0,9.0,-11.0,9.0,-11.0,8.0,-12.0,8.0,-13.0,8.0,-14.0,9.0,-14.0,9.0,-15.0,10.0,-15.0,10.0,-15.0,10.0,-16.0,10.0,-17.0,10.0,-17.0,11.0,-19.0,11.0,-20.0,11.0,-19.0,12.0,-18.0,12.0,-18.0,13.0,-18.0,13.0,-18.0,14.0,-18.0,15.0,-17.0,15.0,-15.0,15.0,-14.0
10.0,-7.0,9.0,-8.0,9.0,-8.0,10.0,-8.0,9.0,-7.0,8.0,-7.0,7.0,-7.0,6.0,-7.0,6.0,-7.0,5.0,-7.0,5.0,-8.0,5.0,-9.0,4.0,-9.0,4.0,-8.0,3.0,-8.0,2.0,-9.0,0.0,-9.0,0.0,-9.0,-1.0,-8.0,-1.0,-9.0,-1.0,-10.0,-1.0,-10.0,-2.0,-10.0,-4.0,-10.0,-5.0,-12.0,-6.0,-12.0,-8.0,-12.0,-8.0,-13.0,-9.0,-14.0,-9.0,-14.0,-9.0,-14.0,-10.0,-14.0,-11.0,-14.0,-11.0,-15.0,-13.0,-15.0,-14.0,-16.0,-14.0,-16.0,-13.0,-17.0,-13.0,-17.0,-14.0,-18.0,-16.0,-18.0,-17.0,-19.0,-17.0,-19.0,-16.0,-19.0,-16.0,-19.0,-16.0,-20.0,-16.0,-21.0,-15.0,-21.0,-14.0,-22.0,-13.0,-22.0,-12.0,-23.0,-11.0,-23.0
2.0,-10.0,2.0,-10.0,1.0,-11.0,2.0,-11.0,2.0,-10.0,1.0,-9.0,0.0,-9.0,0.0,-9.0,-1.0,-8.0,-1.0,-8.0,-1.0,-9.0,-2.0,-9.0,-2.0,-8.0,-2.0,-8.0,-3.0,-8.0,-4.0,-7.0,-5.0,-6.0,-5.0,-6.0,-5.0,-6.0,-6.0,-6.0,-6.0,-6.0,-7.0,-6.0,-8.0,-5.0,-9.0,-5.0,-10.0,-5.0,-11.0,-5.0,-13.0,-3.0,-14.0,-4.0,-14.0,-3.0,-15.0,-3.0,-14.0,-3.0,-15.0,-3.0,-16.0,-2.0,-16.0,-2.0,-17.0,-2.0,-18.0,-1.0,-19.0,-2.0,-18.0,-3.0,-19.0,-3.0,-20.0,-2.0,-21.0,-1.0,-23.0,-1.0,-23.0,-1.0,-23.0,-2.0,-23.0,-2.0,-23.0,-2.0,-23.0,-3.0,-23.0,-3.0,-23.0,-4.0,-22.0,-6.0,-21.0,-7.0,-21.0,-7.0
-1.0,-12.0,-1.0,-12.0,-2.0,-12.0,-1.0,-12.0,-1.0,-11.0,-1.0,-10.0,-2.0,-10.0,-3.0,-9.0,-3.0,-9.0,-3.0,-9.0,-4.0,-9.0,-4.0,-9.0,-5.0,-8.0,-4.0,-8.0,-5.0,-7.0,-6.0,-6.0,-7.0,-5.0,-7.0,-5.0,-7.0,-4.0,-8.0,-4.0,-8.0,-4.0,-9.0,-4.0,-9.0,-3.0,-10.0,-2.0,-12.0,-2.0,-13.0,-2.0,-15.0,0.0,-15.0,0.0,-16.0,1.0,-16.0,1.0,-16.0,1.0,-16.0,2.0,-17.0,3.0,-18.0,3.0,-19.0,3.0,-20.0,4.0,-20.0,3.0,-20.0,2.0,-20.0,2.0,-21.0,3.0,-22.0,4.0,-24.0,5.0,-25.0,5.0,-24.0,4.0,-24.0,4.0,-24.0,4.0,-25.0,3.0,-25.0,3.0,-25.0,2.0,-25.0,0.0,-24.0,-2.0,-23.0,-3.0
-10.0,-7.0,-10.0,-6.0,-10.0,-6.0,-10.0,-7.0,-9.0,-6.0,-8.0,-6.0,-8.0,-5.0,-8.0,-4.0,-8.0,-4.0,-9.0,-4.0,-9.0,-4.0,-9.0,-3.0,-9.0,-2.0,-9.0,-2.0,-8.0,-1.0,-8.0,0.0,-8.0,1.0,-8.0,2.0,-8.0,2.0,-8.0,2.0,-9.0,3.0,-9.0,3.0,-8.0,4.0,-9.0,5.0,-9.0,6.0,-9.0,7.0,-9.0,10.0,-10.0,10.0,-10.0,11.0,-10.0,11.0,-10.0,11.0,-10.0,12.0,-10.0,13.0,-10.0,13.0,-10.0,15.0,-10.0,16.0,-11.0,16.0,-12.0,15.0,-12.0,15.0,-12.0,16.0,-12.0,18.0,-12.0,19.0,-13.0,19.0,-13.0,19.0,-13.0,19.0,-13.0,18.0,-14.0,18.0,-15.0,18.0,-17.0,17.0,-17.0,16.0,-17.0,15.0,-17.0,14.0
-2.0,-12.0,-3.0,-11.0,-3.0,-12.0,-2.0,-12.0,-2.0,-11.0,-2.0,-10.0,-3.0,-10.0,-3.0,-9.0,-3.0,-9.0,-4.0,-9.0,-4.0,-9.0,-5.0,-9.0,-5.0,-8.0,-5.0,-7.0,-5.0,-7.0,-6.0,-6.0,-7.0,-5.0,-7.0,-4.0,-7.0,-4.0,-7.0,-4.0,-8.0,-4.0,-9.0,-3.0,-9.0,-3.0,-10.0,-1.0,-11.0,-1.0,-12.0,-1.0,-14.0,1.0,-14.0,1.0,-15.0,2.0,-15.0,2.0,-14.0,2.0,-15.0,2.0,-16.0,3.0,-16.0,3.0,-17.0,4.0,-18.0,5.0,-18.0,4.0,-18.0,4.0,-18.0,4.0,-19.0,5.0,-20.0,5.0,-21.0,6.0,-22.0,6.0,-22.0,6.0,-22.0,5.0,-22.0,5.0,-23.0,4.0,-23.0,4.0,-23.0,3.0,-23.0,2.0,-22.0,0.0,-22.0,0.0
7.0,-8.0,7.0,-8.0,7.0,-8.0,7.0,-8.0,7.0,-7.0,6.0,-7.0,5.0,-7.0,4.0,-7.0,4.0,-7.0,4.0,-7.0,4.0,-7.0,3.0,-8.0,3.0,-8.0,3.0,-7.0,2.0,-7.0,1.0,-7.0,0.0,-8.0,0.0,-7.0,-1.0,-7.0,-1.0,-7.0,-1.0,-8.0,-2.0,-8.0,-3.0,-8.0,-4.0,-8.0,-4.0,-9.0,-5.0,-10.0,-7.0,-10.0,-7.0,-11.0,-8.0,-11.0,-8.0,-11.0,-8.0,-11.0,-8.0,-11.0,-9.0,-11.0,-10.0,-11.0,-11.0,-11.0,-12.0,-12.0,-11.0,-12.0,-10.0,-13.0,-11.0,-13.0,-12.0,-13.0,-13.0,-14.0,-14.0,-14.0,-14.0,-15.0,-14.0,-15.0,-14.0,-15.0,-13.0,-15.0,-13.0,-16.0,-12.0,-16.0,-11.0,-17.0,-11.0,-18.0,-9.0,-18.0,-9.0,-17.0
-4.0,-13.0,-4.0,-12.0,-5.0,-12.0,-4.0,-12.0,-3.0,-11.0,-3.0,-10.0,-4.0,-10.0,-4.0,-9.0,-4.0,-9.0,-4.0,-9.0,-5.0,-9.0,-6.0,-9.0,-6.0,-8.0,-5.0,-7.0,-5.0,-7.0,-7.0,-6.0,-7.0,-5.0,-7.0,-4.0,-7.0,-3.0,-7.0,-3.0,-8.0,-4.0,-9.0,-3.0,-9.0,-3.0,-10.0,-1.0,-11.0,-1.0,-12.0,-1.0,-13.0,0.0,-14.0,1.0,-15.0,1.0,-14.0,2.0,-14.0,1.0,-14.0,2.0,-15.0,2.0,-16.0,3.0,-17.0,3.0,-17.0,4.0,-18.0,4.0,-18.0,4.0,-18.0,4.0,-19.0,4.0,-19.0,5.0,-21.0,5.0,-21.0,6.0,-21.0,5.0,-21.0,4.0,-22.0,3.0,-22.0,3.0,-22.0,2.0,-22.0,2.0,-22.0,1.0,-22.0,-1.0,-21.0,-2.0
0.0,13.0,0.0,13.0,1.0,14.0,0.0,14.0,-1.0,13.0,0.0,11.0,1.0,11.0,1.0,10.0,1.0,10.0,2.0,9.0,2.0,10.0,3.0,10.0,3.0,9.0,3.0,8.0,4.0,8.0,5.0,7.0,6.0,6.0,6.0,5.0,6.0,4.0,6.0,4.0,7.0,5.0,8.0,4.0,8.0,4.0,9.0,3.0,11.0,3.0,11.0,3.0,14.0,1.0,14.0,2.0,15.0,1.0,15.0,1.0,14.0,1.0,15.0,0.0,16.0,0.0,17.0,-1.0,18.0,-2.0,19.0,-2.0,19.0,-1.0,18.0,0.0,19.0,-1.0,20.0,-1.0,21.0,-2.0,23.0,-3.0,24.0,-3.0,24.0,-2.0,23.0,-2.0,24.0,-1.0,24.0,-1.0,24.0,0.0,24.0,1.0,24.0,3.0,23.0,4.0,22.0,5.0
-5.0,10.0,-5.0,10.0,-5.0,10.0,-6.0,10.0,-5.0,9.0,-4.0,8.0,-4.0,8.0,-3.0,8.0,-3.0,8.0,-2.0,8.0,-2.0,8.0,-1.0,8.0,-1.0,8.0,-1.0,7.0,0.0,7.0,1.0,7.0,2.0,7.0,2.0,6.0,2.0,6.0,3.0,6.0,3.0,7.0,4.0,7.0,4.0,6.0,5.0,6.0,6.0,7.0,7.0,7.0,9.0,6.0,9.0,7.0,10.0,7.0,10.0,7.0,10.0,6.0,11.0,6.0,12.0,6.0,12.0,6.0,13.0,6.0,14.0,6.0,14.0,6.0,14.0,7.0,14.0,7.0,15.0,7.0,17.0,7.0,18.0,7.0,18.0,8.0,18.0,8.0,18.0,8.0,18.0,9.0,18.0,9.0,17.0,10.0,17.0,11.0,16.0,12.0,15.0,12.0,14.0,12.0
8.0,8.0,8.0,7.0,9.0,7.0,8.0,7.0,7.0,7.0,7.0,6.0,7.0,5.0,7.0,5.0,7.0,4.0,7.0,4.0,8.0,4.0,8.0,3.0,8.0,3.0,7.0,2.0,7.0,2.0,7.0,1.0,7.0,0.0,7.0,0.0,7.0,-1.0,7.0,-2.0,8.0,-2.0,8.0,-2.0,8.0,-3.0,8.0,-4.0,9.0,-5.0,9.0,-6.0,9.0,-8.0,10.0,-8.0,10.0,-9.0,10.0,-9.0,10.0,-9.0,10.0,-10.0,10.0,-10.0,10.0,-11.0,10.0,-12.0,10.0,-12.0,11.0,-13.0,11.0,-12.0,12.0,-13.0,12.0,-14.0,12.0,-14.0,13.0,-15.0,13.0,-16.0,14.0,-15.0,14.0,-15.0,14.0,-15.0,15.0,-15.0,15.0,-15.0,16.0,-14.0,17.0,-13.0,17.0,-11.0,17.0,-10.0
13.0,1.0,13.0,0.0,13.0,-1.0,13.0,0.0,12.0,0.0,11.0,0.0,10.0,-1.0,10.0,-1.0,9.0,-2.0,9.0,-2.0,10.0,-2.0,10.0,-3.0,9.0,-4.0,9.0,-4.0,8.0,-4.0,7.0,-6.0,6.0,-6.0,6.0,-6.0,5.0,-7.0,6.0,-8.0,6.0,-8.0,6.0,-9.0,5.0,-9.0,4.0,-11.0,5.0,-12.0,5.0,-12.0,3.0,-14.0,3.0,-15.0,3.0,-16.0,2.0,-16.0,3.0,-16.0,2.0,-17.0,2.0,-18.0,1.0,-18.0,1.0,-19.0,0.0,-20.0,1.0,-20.0,2.0,-20.0,2.0,-21.0,1.0,-22.0,0.0,-23.0,0.0,-24.0,0.0,-26.0,1.0,-25.0,1.0,-24.0,2.0,-24.0,2.0,-25.0,3.0,-25.0,5.0,-25.0,6.0,-25.0,7.0,-23.0,8.0,-22.0
-3.0,10.0,-3.0,9.0,-2.0,10.0,-3.0,10.0,-3.0,9.0,-2.0,8.0,-1.0,8.0,-1.0,7.0,-1.0,7.0,-1.0,8.0,0.0,8.0,0.0,8.0,1.0,7.0,1.0,7.0,1.0,6.0,3.0,6.0,3.0,6.0,3.0,5.0,4.0,4.0,4.0,5.0,5.0,5.0,6.0,5.0,6.0,4.0,7.0,4.0,8.0,4.0,9.0,4.0,11.0,3.0,12.0,3.0,12.0,3.0,12.0,3.0,12.0,3.0,13.0,3.0,14.0,2.0,14.0,2.0,15.0,2.0,16.0,2.0,16.0,2.0,16.0,3.0,16.0,3.0,17.0,2.0,19.0,2.0,20.0,2.0,20.0,2.0,20.0,2.0,20.0,2.0,20.0,2.0,20.0,3.0,20.0,4.0,20.0,5.0,19.0,6.0,18.0,7.0,18.0,7.0
-9.0,-9.0,-9.0,-8.0,-9.0,-8.0,-9.0,-8.0,-8.0,-8.0,-7.0,-7.0,-7.0,-7.0,-7.0,-6.0,-8.0,-5.0,-8.0,-5.0,-9.0,-5.0,-9.0,-4.0,-8.0,-3.0,-8.0,-3.0,-8.0,-2.0,-8.0,-1.0,-8.0,0.0,-8.0,0.0,-7.0,1.0,-8.0,2.0,-9.0,2.0,-9.0,2.0,-8.0,3.0,-8.0,5.0,-10.0,6.0,-10.0,6.0,-10.0,9.0,-11.0,9.0,-11.0,10.0,-11.0,10.0,-11.0,9.0,-11.0,11.0,-11.0,12.0,-11.0,12.0,-11.0,13.0,-11.0,13.0,-12.0,14.0,-12.0,13.0,-13.0,14.0,-13.0,15.0,-13.0,16.0,-13.0,17.0,-14.0,18.0,-14.0,17.0,-14.0,16.0,-15.0,16.0,-15.0,16.0,-16.0,16.0,-16.0,16.0,-17.0,15.0,-17.0,13.0,-17.0,12.0
-5.0,10.0,-4.0,10.0,-5.0,10.0,-6.0,11.0,-5.0,10.0,-4.0,9.0,-3.0,8.0,-3.0,8.0,-2.0,7.0,-2.0,8.0,-2.0,8.0,-1.0,8.0,0.0,8.0,0.0,7.0,0.0,6.0,2.0,6.0,3.0,6.0,3.0,5.0,3.0,5.0,4.0,5.0,4.0,6.0,5.0,6.0,6.0,5.0,7.0,5.0,8.0,6.0,9.0,7.0,12.0,4.0,12.0,5.0,13.0,5.0,13.0,5.0,12.0,5.0,13.0,5.0,14.0,5.0,15.0,5.0,16.0,5.0,17.0,4.0,17.0,5.0,16.0,6.0,17.0,5.0,18.0,5.0,20.0,5.0,21.0,5.0,22.0,5.0,21.0,6.0,21.0,6.0,21.0,6.0,21.0,7.0,21.0,8.0,20.0,9.0,20.0,10.0,19.0,10.0,18.0,10.0
-2.0,12.0,-1.0,12.0,-1.0,12.0,-2.0,12.0,-2.0,11.0,-1.0,10.0,-1.0,9.0,0.0,9.0,0.0,8.0,1.0,8.0,1.0,8.0,2.0,8.0,2.0,7.0,2.0,7.0,3.0,6.0,4.0,6.0,5.0,5.0,5.0,4.0,5.0,4.0,6.0,4.0,6.0,4.0,7.0,4.0,7.0,3.0,8.0,2.0,10.0,2.0,11.0,2.0,13.0,0.0,13.0,0.0,14.0,0.0,14.0,-1.0,14.0,0.0,14.0,-1.0,15.0,-2.0,16.0,-2.0,17.0,-2.0,18.0,-3.0,19.0,-2.0,18.0,-2.0,18.0,-2.0,19.0,-3.0,20.0,-3.0,22.0,-4.0,22.0,-4.0,23.0,-4.0,23.0,-3.0,23.0,-3.0,23.0,-2.0,23.0,-2.0,23.0,-1.0,23.0,0.0,22.0,2.0,21.0,2.0
10.0,-4.0,9.0,-4.0,9.0,-5.0,9.0,-4.0,8.0,-3.0,7.0,-3.0,6.0,-4.0,6.0,-4.0,5.0,-4.0,5.0,-5.0,5.0,-5.0,5.0,-6.0,5.0,-6.0,4.0,-6.0,4.0,-6.0,2.0,-6.0,1.0,-7.0,1.0,-6.0,0.0,-7.0,0.0,-7.0,1.0,-8.0,0.0,-8.0,-1.0,-8.0,-1.0,-9.0,-2.0,-10.0,-2.0,-10.0,-4.0,-11.0,-4.0,-12.0,-5.0,-12.0,-5.0,-12.0,-5.0,-12.0,-6.0,-12.0,-6.0,-13.0,-7.0,-13.0,-8.0,-13.0,-8.0,-14.0,-8.0,-14.0,-7.0,-15.0,-7.0,-15.0,-8.0,-16.0,-9.0,-16.0,-10.0,-17.0,-10.0,-17.0,-9.0,-17.0,-10.0,-17.0,-9.0,-17.0,-9.0,-18.0,-8.0,-19.0,-7.0,-20.0,-6.0,-20.0,-4.0,-19.0,-4.0,-18.0
0.0,10.0,0.0,10.0,0.0,10.0,0.0,10.0,0.0,9.0,0.0,8.0,1.0,7.0,1.0,7.0,1.0,6.0,2.0,6.0,3.0,7.0,3.0,6.0,3.0,6.0,3.0,5.0,4.0,5.0,5.0,4.0,5.0,3.0,5.0,3.0,5.0,2.0,5.0,2.0,6.0,2.0,7.0,2.0,7.0,2.0,8.0,1.0,9.0,0.0,10.0,0.0,11.0,-2.0,12.0,-1.0,12.0,-2.0,12.0,-2.0,12.0,-2.0,12.0,-3.0,13.0,-3.0,13.0,-3.0,15.0,-4.0,15.0,-5.0,16.0,-5.0,15.0,-4.0,16.0,-4.0,17.0,-5.0,18.0,-5.0,18.0,-6.0,19.0,-6.0,19.0,-5.0,19.0,-5.0,19.0,-4.0,20.0,-4.0,19.0,-4.0,19.0,-3.0,19.0,-2.0,19.0,-1.0,19.0,0.0
5.0,10.0,5.0,9.0,6.0,9.0,5.0,9.0,5.0,8.0,5.0,7.0,5.0,7.0,5.0,6.0,5.0,5.0,6.0,5.0,6.0,5.0,7.0,4.0,7.0,4.0,6.0,3.0,7.0,3.0,7.0,1.0,8.0,0.0,7.0,0.0,7.0,-1.0,8.0,-1.0,8.0,-1.0,9.0,-2.0,9.0,-2.0,9.0,-4.0,10.0,-4.0,11.0,-4.0,11.0,-7.0,12.0,-7.0,12.0,-8.0,12.0,-8.0,12.0,-8.0,12.0,-9.0,13.0,-10.0,13.0,-10.0,14.0,-11.0,14.0,-12.0,15.0,-11.0,15.0,-11.0,15.0,-11.0,15.0,-12.0,16.0,-13.0,17.0,-14.0,18.0,-14.0,18.0,-14.0,18.0,-13.0,18.0,-13.0,19.0,-13.0,19.0,-12.0,19.0,-12.0,20.0,-10.0,20.0,-8.0,19.0,-7.0
-11.0,-3.0,-11.0,-2.0,-11.0,-1.0,-11.0,-2.0,-10.0,-2.0,-9.0,-2.0,-9.0,-1.0,-8.0,0.0,-8.0,0.0,-9.0,0.0,-9.0,1.0,-9.0,1.0,-9.0,2.0,-8.0,2.0,-8.0,2.0,-7.0,4.0,-7.0,4.0,-6.0,4.0,-6.0,5.0,-7.0,5.0,-7.0,6.0,-7.0,6.0,-6.0,6.0,-6.0,8.0,-6.0,9.0,-7.0,10.0,-5.0,11.0,-6.0,12.0,-6.0,13.0,-5.0,12.0,-6.0,12.0,-5.0,13.0,-5.0,14.0,-5.0,14.0,-5.0,14.0,-4.0,15.0,-5.0,16.0,-6.0,15.0,-6.0,16.0,-6.0,17.0,-6.0,17.0,-5.0,18.0,-6.0,19.0,-6.0,19.0,-6.0,18.0,-7.0,18.0,-7.0,18.0,-8.0,18.0,-9.0,18.0,-10.0,17.0,-11.0,15.0,-11.0,14.0
-1.0,13.0,0.0,12.0,1.0,13.0,0.0,13.0,-1.0,12.0,0.0,11.0,1.0,10.0,2.0,10.0,2.0,9.0,2.0,9.0,3.0,10.0,4.0,10.0,4.0,9.0,3.0,9.0,4.0,8.0,6.0,8.0,7.0,7.0,6.0,7.0,6.0,6.0,7.0,6.0,8.0,7.0,8.0,7.0,9.0,6.0,10.0,5.0,12.0,6.0,13.0,7.0,14.0,4.0,15.0,5.0,16.0,5.0,16.0,5.0,15.0,5.0,15.0,4.0,16.0,4.0,17.0,4.0,18.0,3.0,19.0,3.0,19.0,4.0,18.0,5.0,18.0,4.0,20.0,4.0,21.0,4.0,23.0,3.0,23.0,4.0,22.0,4.0,22.0,4.0,22.0,5.0,22.0,6.0,22.0,6.0,21.0,8.0,20.0,9.0,19.0,9.0,19.0,10.0
-6.0,11.0,-5.0,11.0,-5.0,11.0,-6.0,11.0,-5.0,10.0,-5.0,9.0,-4.0,9.0,-3.0,9.0,-3.0,9.0,-3.0,9.0,-2.0,10.0,-2.0,10.0,-1.0,10.0,-2.0,9.0,-1.0,9.0,1.0,9.0,2.0,8.0,2.0,8.0,2.0,8.0,2.0,8.0,2.0,9.0,3.0,9.0,4.0,8.0,5.0,8.0,6.0,10.0,7.0,10.0,8.0,10.0,8.0,10.0,9.0,11.0,9.0,11.0,8.0,10.0,9.0,10.0,10.0,10.0,10.0,10.0,11.0,10.0,12.0,10.0,12.0,11.0,11.0,11.0,11.0,12.0,12.0,12.0,13.0,12.0,14.0,13.0,14.0,13.0,14.0,13.0,14.0,13.0,13.0,14.0,13.0,14.0,12.0,15.0,11.0,16.0,10.0,16.0,9.0,16.0,8.0,15.0
-8.0,-10.0,-8.0,-9.0,-8.0,-9.0,-8.0,-9.0,-7.0,-8.0,-7.0,-8.0,-7.0,-7.0,-7.0,-6.0,-7.0,-6.0,-7.0,-6.0,-8.0,-6.0,-8.0,-6.0,-8.0,-5.0,-7.0,-5.0,-7.0,-4.0,-8.0,-3.0,-8.0,-2.0,-8.0,-2.0,-8.0,-1.0,-8.0,-1.0,-9.0,-1.0,-9.0,-1.0,-9.0,0.0,-9.0,0.0,-10.0,1.0,-11.0,1.0,-11.0,2.0,-12.0,3.0,-12.0,3.0,-12.0,3.0,-12.0,3.0,-12.0,4.0,-12.0,4.0,-12.0,5.0,-13.0,5.0,-13.0,5.0,-14.0,5.0,-14.0,5.0,-14.0,5.0,-14.0,6.0,-15.0,6.0,-15.0,7.0,-16.0,7.0,-16.0,7.0,-16.0,6.0,-16.0,6.0,-16.0,5.0,-16.0,5.0,-17.0,4.0,-17.0,3.0,-16.0,1.0,-16.0,1.0
-10.0,5.0,-9.0,6.0,-9.0,6.0,-10.0,6.0,-9.0,5.0,-8.0,5.0,-7.0,5.0,-7.0,5.0,-7.0,5.0,-7.0,5.0,-7.0,6.0,-6.0,6.0,-6.0,6.0,-6.0,5.0,-5.0,5.0,-4.0,6.0,-3.0,6.0,-3.0,6.0,-2.0,6.0,-3.0,6.0,-3.0,7.0,-2.0,7.0,-1.0,7.0,-1.0,8.0,-1.0,9.0,0.0,10.0,1.0,10.0,1.0,11.0,1.0,11.0,2.0,11.0,1.0,11.0,2.0,11.0,2.0,11.0,2.0,12.0,3.0,12.0,4.0,12.0,4.0,13.0,3.0,13.0,2.0,13.0,3.0,14.0,4.0,14.0,5.0,15.0,5.0,16.0,4.0,16.0,4.0,16.0,4.0,16.0,3.0,16.0,2.0,16.0,1.0,16.0,0.0,16.0,0.0,15.0,-1.0,15.0
11.0,-5.0,10.0,-6.0,10.0,-6.0,11.0,-6.0,10.0,-5.0,8.0,-5.0,8.0,-5.0,7.0,-5.0,6.0,-5.0,7.0,-5.0,7.0,-6.0,6.0,-6.0,6.0,-7.0,6.0,-6.0,5.0,-6.0,4.0,-7.0,2.0,-7.0,2.0,-7.0,2.0,-7.0,2.0,-8.0,2.0,-8.0,2.0,-9.0,1.0,-9.0,0.0,-10.0,0.0,-11.0,0.0,-11.0,-2.0,-12.0,-2.0,-13.0,-2.0,-14.0,-2.0,-14.0,-2.0,-13.0,-3.0,-14.0,-3.0,-14.0,-3.0,-14.0,-4.0,-15.0,-5.0,-15.0,-4.0,-16.0,-3.0,-16.0,-3.0,-17.0,-4.0,-18.0,-5.0,-18.0,-5.0,-19.0,-5.0,-20.0,-4.0,-19.0,-4.0,-19.0,-4.0,-19.0,-3.0,-20.0,-2.0,-20.0,-1.0,-20.0,0.0,-20.0,1.0,-19.0,2.0,-18.0
5.0,-10.0,4.0,-10.0,4.0,-10.0,5.0,-10.0,5.0,-9.0,4.0,-8.0,3.0,-8.0,2.0,-8.0,2.0,-8.0,2.0,-8.0,1.0,-9.0,1.0,-9.0,1.0,-8.0,1.0,-8.0,0.0,-8.0,-2.0,-8.0,-3.0,-8.0,-3.0,-7.0,-3.0,-7.0,-3.0,-7.0,-4.0,-8.0,-4.0,-8.0,-5.0,-7.0,-6.0,-7.0,-7.0,-8.0,-8.0,-9.0,-9.0,-8.0,-10.0,-9.0,-10.0,-9.0,-10.0,-9.0,-10.0,-9.0,-10.0,-8.0,-11.0,-8.0,-12.0,-8.0,-13.0,-8.0,-14.0,-9.0,-14.0,-9.0,-12.0,-10.0,-12.0,-10.0,-14.0,-10.0,-15.0,-10.0,-16.0,-10.0,-16.0,-11.0,-16.0,-11.0,-16.0,-11.0,-16.0,-11.0,-15.0,-11.0,-15.0,-12.0,-14.0,-13.0,-13.0,-14.0,-12.0,-14.0,-11.0,-14.0
7.0,-10.0,6.0,-10.0,6.0,-11.0,6.0,-11.0,6.0,-10.0,5.0,-9.0,4.0,-9.0,3.0,-9.0,3.0,-9.0,3.0,-9.0,3.0,-9.0,2.0,-10.0,1.0,-9.0,1.0,-9.0,0.0,-9.0,-1.0,-9.0,-2.0,-9.0,-2.0,-9.0,-3.0,-8.0,-3.0,-9.0,-3.0,-9.0,-4.0,-10.0,-5.0,-9.0,-5.0,-10.0,-6.0,-11.0,-7.0,-12.0,-9.0,-11.0,-9.0,-12.0,-10.0,-13.0,-10.0,-12.0,-9.0,-12.0,-10.0,-12.0,-11.0,-12.0,-11.0,-12.0,-12.0,-13.0,-13.0,-13.0,-13.0,-14.0,-11.0,-14.0,-11.0,-14.0,-13.0,-15.0,-14.0,-15.0,-15.0,-15.0,-15.0,-16.0,-15.0,-16.0,-14.0,-16.0,-14.0,-16.0,-14.0,-17.0,-13.0,-18.0,-11.0,-19.0,-10.0,-19.0,-9.0,-19.0,-8.0,-18.0
10.0,4.0,10.0,3.0,10.0,3.0,10.0,3.0,9.0,3.0,8.0,3.0,7.0,2.0,7.0,1.0,7.0,1.0,8.0,1.0,8.0,0.0,8.0,-1.0,8.0,-1.0,7.0,-2.0,7.0,-2.0,7.0,-3.0,6.0,-4.0,6.0,-4.0,6.0,-5.0,6.0,-5.0,7.0,-6.0,7.0,-6.0,6.0,-6.0,6.0,-8.0,7.0,-9.0,7.0,-9.0,6.0,-11.0,7.0,-12.0,7.0,-12.0,7.0,-12.0,7.0,-11.0,7.0,-12.0,7.0,-13.0,7.0,-13.0,7.0,-14.0,6.0,-14.0,7.0,-15.0,8.0,-15.0,8.0,-15.0,8.0,-16.0,8.0,-17.0,8.0,-17.0,8.0,-18.0,9.0,-17.0,9.0,-17.0,9.0,-17.0,10.0,-17.0,10.0,-17.0,11.0,-17.0,12.0,-16.0,12.0,-14.0,12.0,-13.0
3.0,-12.0,2.0,-12.0,2.0,-12.0,3.0,-12.0,3.0,-11.0,2.0,-10.0,1.0,-10.0,0.0,-9.0,0.0,-9.0,-1.0,-9.0,-1.0,-10.0,-2.0,-10.0,-2.0,-9.0,-2.0,-9.0,-3.0,-8.0,-5.0,-8.0,-6.0,-7.0,-5.0,-7.0,-6.0,-7.0,-6.0,-7.0,-7.0,-7.0,-8.0,-7.0,-8.0,-7.0,-9.0,-6.0,-10.0,-7.0,-11.0,-8.0,-13.0,-6.0,-13.0,-7.0,-14.0,-7.0,-14.0,-7.0,-13.0,-7.0,-14.0,-7.0,-15.0,-6.0,-15.0,-6.0,-17.0,-6.0,-18.0,-6.0,-17.0,-7.0,-16.0,-8.0,-17.0,-7.0,-18.0,-7.0,-19.0,-7.0,-21.0,-7.0,-21.0,-7.0,-20.0,-8.0,-20.0,-8.0,-20.0,-8.0,-20.0,-9.0,-20.0,-10.0,-19.0,-10.0,-18.0,-11.0,-17.0,-12.0,-16.0,-12.0
8.0,-8.0,7.0,-8.0,7.0,-8.0,8.0,-8.0,7.0,-7.0,6.0,-6.0,5.0,-7.0,4.0,-7.0,4.0,-7.0,4.0,-7.0,4.0,-8.0,3.0,-8.0,3.0,-8.0,2.0,-7.0,2.0,-7.0,0.0,-8.0,-1.0,-8.0,-1.0,-8.0,-1.0,-8.0,-2.0,-8.0,-2.0,-9.0,-2.0,-9.0,-3.0,-9.0,-4.0,-9.0,-4.0,-10.0,-5.0,-11.0,-7.0,-11.0,-7.0,-12.0,-7.0,-12.0,-7.0,-12.0,-7.0,-12.0,-7.0,-12.0,-8.0,-12.0,-8.0,-12.0,-9.0,-13.0,-10.0,-13.0,-10.0,-14.0,-9.0,-14.0,-9.0,-14.0,-10.0,-14.0,-11.0,-15.0,-12.0,-15.0,-12.0,-16.0,-11.0,-16.0,-11.0,-16.0,-11.0,-16.0,-10.0,-16.0,-9.0,-17.0,-8.0,-17.0,-7.0,-17.0,-6.0,-17.0,-6.0,-16.0
0.0,11.0,1.0,11.0,2.0,11.0,1.0,11.0,1.0,10.0,1.0,9.0,1.0,8.0,2.0,8.0,2.0,7.0,2.0,7.0,3.0,8.0,4.0,7.0,4.0,6.0,3.0,6.0,4.0,5.0,5.0,5.0,6.0,4.0,6.0,4.0,6.0,3.0,7.0,3.0,7.0,4.0,8.0,3.0,8.0,3.0,9.0,3.0,11.0,3.0,11.0,3.0,13.0,2.0,13.0,2.0,14.0,2.0,14.0,2.0,13.0,2.0,14.0,2.0,14.0,1.0,15.0,2.0,15.0,2.0,16.0,2.0,17.0,2.0,16.0,3.0,16.0,2.0,17.0,2.0,17.0,2.0,18.0,2.0,19.0,2.0,19.0,3.0,18.0,3.0,18.0,4.0,18.0,4.0,18.0,4.0,17.0,5.0,17.0,6.0,16.0,7.0,15.0,8.0
9.0,2.0,9.0,1.0,9.0,1.0,9.0,1.0,8.0,1.0,7.0,0.0,7.0,0.0,6.0,-1.0,6.0,-1.0,7.0,-1.0,7.0,-2.0,7.0,-2.0,7.0,-3.0,6.0,-3.0,6.0,-3.0,5.0,-5.0,5.0,-5.0,4.0,-5.0,4.0,-6.0,5.0,-6.0,5.0,-7.0,5.0,-7.0,5.0,-7.0,5.0,-8.0,5.0,-9.0,5.0,-10.0,4.0,-12.0,5.0,-12.0,5.0,-13.0,5.0,-12.0,5.0,-12.0,5.0,-13.0,5.0,-13.0,5.0,-14.0,5.0,-14.0,5.0,-14.0,5.0,-14.0,6.0,-14.0,6.0,-14.0,6.0,-15.0,5.0,-15.0,5.0,-16.0,6.0,-16.0,6.0,-16.0,6.0,-15.0,6.0,-15.0,7.0,-15.0,8.0,-15.0,9.0,-15.0,9.0,-14.0,9.0,-12.0,9.0,-11.0
-8.0,2.0,-7.0,3.0,-8.0,3.0,-8.0,3.0,-7.0,2.0,-6.0,2.0,-6.0,3.0,-5.0,3.0,-5.0,3.0,-5.0,3.0,-5.0,4.0,-5.0,4.0,-5.0,5.0,-4.0,4.0,-4.0,4.0,-3.0,5.0,-2.0,5.0,-2.0,5.0,-2.0,5.0,-2.0,6.0,-2.0,6.0,-2.0,7.0,-1.0,7.0,-1.0,7.0,-1.0,8.0,0.0,9.0,1.0,9.0,1.0,10.0,1.0,11.0,1.0,10.0,1.0,10.0,1.0,11.0,1.0,11.0,1.0,11.0,2.0,11.0,2.0,12.0,2.0,12.0,1.0,12.0,1.0,12.0,2.0,12.0,2.0,12.0,2.0,13.0,2.0,13.0,2.0,13.0,2.0,12.0,2.0,13.0,1.0,13.0,1.0,13.0,0.0,14.0,-1.0,13.0,-2.0,11.0,-2.0,11.0
-2.0,11.0,-1.0,10.0,-1.0,11.0,-1.0,11.0,-1.0,10.0,-1.0,9.0,0.0,8.0,1.0,8.0,1.0,8.0,1.0,8.0,2.0,9.0,2.0,8.0,2.0,8.0,2.0,8.0,3.0,7.0,4.0,7.0,5.0,6.0,5.0,6.0,5.0,6.0,5.0,6.0,6.0,6.0,6.0,6.0,7.0,6.0,8.0,6.0,9.0,6.0,10.0,7.0,12.0,6.0,12.0,6.0,12.0,7.0,12.0,6.0,11.0,6.0,12.0,6.0,13.0,6.0,13.0,6.0,14.0,6.0,15.0,6.0,15.0,6.0,14.0,7.0,14.0,7.0,15.0,7.0,16.0,7.0,17.0,7.0,18.0,7.0,17.0,8.0,17.0,8.0,17.0,8.0,16.0,9.0,15.0,9.0,15.0,10.0,14.0,11.0,13.0,11.0,13.0,11.0
-8.0,-7.0,-8.0,-6.0,-9.0,-6.0,-9.0,-6.0,-8.0,-6.0,-7.0,-5.0,-7.0,-5.0,-7.0,-4.0,-7.0,-4.0,-8.0,-4.0,-8.0,-4.0,-9.0,-3.0,-8.0,-2.0,-8.0,-2.0,-8.0,-2.0,-8.0,-1.0,-8.0,0.0,-8.0,0.0,-8.0,1.0,-8.0,1.0,-9.0,1.0,-9.0,1.0,-9.0,1.0,-9.0,2.0,-10.0,3.0,-11.0,3.0,-11.0,4.0,-12.0,5.0,-12.0,5.0,-11.0,5.0,-11.0,5.0,-11.0,5.0,-11.0,6.0,-12.0,6.0,-12.0,6.0,-12.0,7.0,-13.0,6.0,-13.0,6.0,-13.0,6.0,-14.0,7.0,-14.0,7.0,-14.0,8.0,-15.0,8.0,-15.0,8.0,-15.0,7.0,-15.0,7.0,-15.0,6.0,-16.0,6.0,-16.0,6.0,-16.0,5.0,-16.0,3.0,-15.0,2.0
-12.0,-1.0,-12.0,-1.0,-12.0,0.0,-12.0,-1.0,-11.0,-1.0,-10.0,-1.0,-10.0,0.0,-9.0,0.0,-9.0,1.0,-9.0,1.0,-9.0,1.0,-9.0,2.0,-9.0,2.0,-9.0,2.0,-8.0,3.0,-7.0,4.0,-7.0,4.0,-6.0,4.0,-6.0,5.0,-6.0,6.0,-7.0,6.0,-7.0,6.0,-6.0,6.0,-6.0,8.0,-6.0,9.0,-6.0,9.0,-5.0,11.0,-6.0,11.0,-6.0,12.0,-6.0,11.0,-6.0,11.0,-5.0,12.0,-5.0,12.0,-5.0,13.0,-4.0,13.0,-4.0,14.0,-5.0,14.0,-5.0,14.0,-5.0,14.0,-5.0,15.0,-5.0,16.0,-4.0,17.0,-5.0,17.0,-5.0,17.0,-5.0,16.0,-6.0,16.0,-6.0,16.0,-7.0,17.0,-8.0,17.0,-9.0,16.0,-9.0,15.0,-9.0,14.0
11.0,-4.0,10.0,-5.0,10.0,-5.0,11.0,-5.0,10.0,-4.0,8.0,-4.0,8.0,-4.0,7.0,-5.0,7.0,-5.0,7.0,-5.0,7.0,-6.0,7.0,-6.0,6.0,-7.0,6.0,-6.0,5.0,-7.0,4.0,-8.0,3.0,-8.0,3.0,-7.0,2.0,-8.0,3.0,-9.0,3.0,-9.0,2.0,-10.0,2.0,-10.0,1.0,-11.0,1.0,-12.0,1.0,-12.0,-1.0,-13.0,0.0,-14.0,0.0,-15.0,-1.0,-14.0,0.0,-14.0,-1.0,-14.0,-2.0,-15.0,-2.0,-15.0,-3.0,-15.0,-3.0,-16.0,-3.0,-16.0,-2.0,-16.0,-2.0,-17.0,-3.0,-17.0,-3.0,-18.0,-4.0,-19.0,-4.0,-20.0,-3.0,-19.0,-3.0,-19.0,-3.0,-19.0,-2.0,-19.0,-1.0,-20.0,0.0,-20.0,1.0,-20.0,2.0,-19.0,2.0,-18.0
-12.0,4.0,-12.0,4.0,-12.0,5.0,-12.0,4.0,-11.0,4.0,-10.0,4.0,-9.0,4.0,-8.0,4.0,-8.0,4.0,-8.0,5.0,-8.0,5.0,-8.0,6.0,-7.0,6.0,-7.0,6.0,-6.0,6.0,-5.0,7.0,-4.0,7.0,-3.0,7.0,-3.0,8.0,-3.0,8.0,-3.0,9.0,-3.0,9.0,-2.0,9.0,-2.0,10.0,-2.0,12.0,-1.0,12.0,1.0,13.0,0.0,14.0,0.0,14.0,0.0,14.0,0.0,14.0,1.0,14.0,1.0,15.0,2.0,15.0,2.0,15.0,3.0,16.0,2.0,16.0,1.0,16.0,1.0,16.0,2.0,17.0,3.0,18.0,4.0,19.0,3.0,20.0,3.0,20.0,3.0,19.0,2.0,20.0,1.0,20.0,0.0,20.0,-1.0,21.0,-2.0,20.0,-3.0,19.0,-4.0,18.0
-11.0,6.0,-10.0,7.0,-10.0,7.0,-11.0,7.0,-10.0,6.0,-9.0,6.0,-8.0,6.0,-7.0,6.0,-7.0,6.0,-7.0,7.0,-7.0,7.0,-6.0,8.0,-6.0,8.0,-5.0,7.0,-5.0,7.0,-3.0,8.0,-2.0,8.0,-2.0,8.0,-1.0,9.0,-2.0,9.0,-2.0,10.0,-1.0,10.0,0.0,10.0,1.0,11.0,1.0,12.0,1.0,13.0,3.0,13.0,2.0,14.0,3.0,15.0,3.0,15.0,2.0,14.0,3.0,15.0,3.0,15.0,3.0,15.0,4.0,16.0,5.0,16.0,5.0,17.0,4.0,17.0,3.0,17.0,4.0,18.0,5.0,18.0,6.0,19.0,6.0,20.0,5.0,20.0,5.0,20.0,4.0,20.0,4.0,20.0,2.0,21.0,1.0,21.0,0.0,21.0,-1.0,20.0,-1.0,19.0
11.0,3.0,11.0,2.0,12.0,1.0,12.0,2.0,11.0,2.0,9.0,1.0,9.0,1.0,9.0,0.0,9.0,-1.0,9.0,-1.0,9.0,-1.0,9.0,-2.0,9.0,-3.0,8.0,-3.0,8.0,-3.0,8.0,-4.0,7.0,-5.0,7.0,-5.0,7.0,-6.0,7.0,-6.0,8.0,-6.0,8.0,-7.0,7.0,-7.0,7.0,-8.0,8.0,-10.0,8.0,-10.0,8.0,-12.0,8.0,-12.0,9.0,-13.0,8.0,-12.0,8.0,-12.0,8.0,-13.0,8.0,-13.0,8.0,-14.0,8.0,-14.0,8.0,-15.0,9.0,-15.0,9.0,-14.0,10.0,-15.0,10.0,-16.0,10.0,-16.0,10.0,-17.0,10.0,-17.0,11.0,-17.0,11.0,-16.0,11.0,-16.0,12.0,-16.0,13.0,-16.0,13.0,-15.0,14.0,-14.0,14.0,-12.0,14.0,-11.0
-11.0,7.0,-10.0,7.0,-10.0,8.0,-10.0,8.0,-10.0,7.0,-9.0,6.0,-8.0,7.0,-7.0,7.0,-7.0,7.0,-7.0,7.0,-6.0,8.0,-6.0,8.0,-5.0,8.0,-5.0,8.0,-5.0,8.0,-3.0,9.0,-2.0,9.0,-2.0,9.0,-1.0,9.0,-2.0,9.0,-2.0,10.0,-1.0,10.0,0.0,10.0,0.0,11.0,1.0,12.0,1.0,13.0,3.0,13.0,3.0,14.0,3.0,15.0,3.0,14.0,3.0,14.0,3.0,14.0,4.0,15.0,4.0,15.0,5.0,15.0,5.0,15.0,5.0,16.0,3.0,16.0,3.0,16.0,4.0,17.0,6.0,17.0,6.0,18.0,6.0,19.0,5.0,19.0,5.0,18.0,5.0,18.0,4.0,18.0,3.0,19.0,1.0,19.0,1.0,19.0,0.0,18.0,-1.0,17.0
-1.0,-14.0,-1.0,-13.0,-2.0,-13.0,-1.0,-14.0,-1.0,-13.0,-1.0,-11.0,-2.0,-11.0,-3.0,-10.0,-3.0,-10.0,-3.0,-10.0,-4.0,-11.0,-5.0,-10.0,-5.0,-10.0,-4.0,-9.0,-5.0,-9.0,-7.0,-8.0,-7.0,-8.0,-7.0,-7.0,-7.0,-7.0,-7.0,-7.0,-8.0,-7.0,-8.0,-7.0,-9.0,-7.0,-10.0,-7.0,-11.0,-8.0,-12.0,-8.0,-14.0,-7.0,-14.0,-7.0,-14.0,-7.0,-14.0,-7.0,-14.0,-7.0,-14.0,-7.0,-15.0,-6.0,-15.0,-7.0,-16.0,-7.0,-17.0,-7.0,-17.0,-7.0,-16.0,-8.0,-16.0,-8.0,-17.0,-8.0,-18.0,-8.0,-19.0,-8.0,-19.0,-8.0,-19.0,-9.0,-18.0,-9.0,-18.0,-9.0,-18.0,-10.0,-17.0,-10.0,-17.0,-11.0,-16.0,-12.0,-15.0,-13.0,-13.0,-13.0
-1.0,-12.0,-2.0,-12.0,-2.0,-12.0,-1.0,-12.0,-1.0,-11.0,-2.0,-10.0,-3.0,-9.0,-3.0,-9.0,-3.0,-9.0,-3.0,-9.0,-4.0,-9.0,-5.0,-9.0,-5.0,-8.0,-4.0,-8.0,-5.0,-7.0,-7.0,-7.0,-7.0,-6.0,-6.0,-6.0,-7.0,-5.0,-7.0,-6.0,-8.0,-6.0,-8.0,-6.0,-8.0,-5.0,-9.0,-5.0,-10.0,-6.0,-11.0,-6.0,-12.0,-4.0,-13.0,-5.0,-13.0,-5.0,-13.0,-5.0,-12.0,-5.0,-13.0,-4.0,-14.0,-4.0,-14.0,-4.0,-15.0,-4.0,-15.0,-4.0,-15.0,-4.0,-14.0,-5.0,-14.0,-5.0,-15.0,-5.0,-17.0,-5.0,-17.0,-4.0,-18.0,-5.0,-17.0,-5.0,-17.0,-5.0,-17.0,-6.0,-17.0,-6.0,-16.0,-7.0,-15.0,-7.0,-15.0,-8.0,-14.0,-9.0,-13.0,-9.0
6.0,-12.0,5.0,-12.0,5.0,-12.0,6.0,-12.0,5.0,-11.0,4.0,-10.0,3.0,-10.0,2.0,-10.0,2.0,-10.0,2.0,-10.0,2.0,-11.0,1.0,-11.0,1.0,-10.0,1.0,-10.0,0.0,-10.0,-2.0,-10.0,-3.0,-10.0,-3.0,-9.0,-3.0,-9.0,-3.0,-9.0,-3.0,-10.0,-4.0,-10.0,-4.0,-10.0,-5.0,-10.0,-6.0,-11.0,-7.0,-12.0,-9.0,-12.0,-9.0,-12.0,-9.0,-13.0,-9.0,-13.0,-8.0,-12.0,-9.0,-12.0,-10.0,-12.0,-10.0,-13.0,-11.0,-13.0,-12.0,-13.0,-11.0,-14.0,-10.0,-14.0,-10.0,-14.0,-11.0,-15.0,-12.0,-15.0,-13.0,-15.0,-13.0,-16.0,-12.0,-16.0,-12.0,-16.0,-11.0,-16.0,-11.0,-16.0,-10.0,-17.0,-9.0,-17.0,-8.0,-17.0,-7.0,-17.0,-6.0,-16.0
-5.0,-11.0,-6.0,-10.0,-6.0,-10.0,-6.0,-10.0,-5.0,-9.0,-5.0,-9.0,-5.0,-8.0,-6.0,-7.0,-6.0,-7.0,-6.0,-7.0,-7.0,-7.0,-7.0,-7.0,-7.0,-6.0,-7.0,-6.0,-7.0,-5.0,-8.0,-5.0,-8.0,-4.0,-8.0,-3.0,-8.0,-3.0,-8.0,-3.0,-9.0,-3.0,-9.0,-3.0,-9.0,-2.0,-10.0,-2.0,-11.0,-2.0,-12.0,-2.0,-12.0,0.0,-13.0,-1.0,-14.0,0.0,-13.0,0.0,-13.0,-1.0,-13.0,0.0,-14.0,0.0,-14.0,0.0,-15.0,0.0,-15.0,0.0,-15.0,0.0,-15.0,-1.0,-15.0,-1.0,-16.0,0.0,-16.0,0.0,-17.0,0.0,-17.0,0.0,-17.0,-1.0,-17.0,-1.0,-16.0,-1.0,-16.0,-1.0,-16.0,-2.0,-16.0,-3.0,-16.0,-4.0,-15.0,-5.0,-14.0,-5.0
10.0,2.0,9.0,1.0,10.0,1.0,10.0,1.0,9.0,1.0,8.0,1.0,8.0,0.0,7.0,-1.0,7.0,-1.0,8.0,-1.0,8.0,-1.0,8.0,-2.0,8.0,-2.0,7.0,-2.0,7.0,-3.0,7.0,-4.0,6.0,-4.0,6.0,-4.0,6.0,-5.0,6.0,-5.0,6.0,-6.0,6.0,-6.0,6.0,-6.0,6.0,-7.0,7.0,-8.0,7.0,-8.0,6.0,-10.0,7.0,-10.0,7.0,-11.0,7.0,-11.0,7.0,-10.0,7.0,-11.0,7.0,-11.0,7.0,-12.0,7.0,-12.0,7.0,-12.0,7.0,-12.0,8.0,-12.0,8.0,-12.0,8.0,-13.0,8.0,-13.0,8.0,-14.0,8.0,-14.0,8.0,-13.0,8.0,-13.0,9.0,-12.0,9.0,-12.0,10.0,-12.0,11.0,-12.0,11.0,-11.0,11.0,-9.0,10.0,-8.0
-11.0,5.0,-10.0,5.0,-10.0,6.0,-11.0,5.0,-10.0,4.0,-9.0,4.0,-8.0,5.0,-7.0,5.0,-7.0,5.0,-7.0,5.0,-7.0,6.0,-7.0,7.0,-7.0,7.0,-7.0,6.0,-6.0,6.0,-5.0,7.0,-4.0,7.0,-3.0,7.0,-3.0,7.0,-4.0,8.0,-4.0,8.0,-4.0,9.0,-3.0,9.0,-2.0,10.0,-2.0,11.0,-2.0,11.0,0.0,12.0,-1.0,13.0,-1.0,13.0,-1.0,13.0,-1.0,13.0,-1.0,14.0,-1.0,14.0,0.0,14.0,0.0,14.0,1.0,15.0,0.0,15.0,-1.0,15.0,-2.0,15.0,-1.0,15.0,0.0,16.0,0.0,17.0,-1.0,17.0,-1.0,17.0,-1.0,16.0,-1.0,16.0,-2.0,16.0,-3.0,17.0,-4.0,16.0,-5.0,16.0,-5.0,14.0,-5.0,13.0
-4.0,12.0,-3.0,12.0,-3.0,12.0,-3.0,12.0,-3.0,11.0,-3.0,11.0,-2.0,10.0,-1.0,10.0,-1.0,10.0,-1.0,10.0,0.0,11.0,1.0,11.0,1.0,10.0,0.0,9.0,1.0,9.0,3.0,9.0,4.0,9.0,3.0,8.0,4.0,8.0,4.0,8.0,4.0,9.0,5.0,9.0,5.0,8.0,6.0,8.0,8.0,9.0,8.0,10.0,10.0,9.0,10.0,10.0,11.0,10.0,10.0,10.0,10.0,10.0,10.0,10.0,11.0,10.0,11.0,10.0,12.0,11.0,13.0,11.0,13.0,11.0,12.0,11.0,11.0,11.0,13.0,12.0,13.0,12.0,14.0,13.0,14.0,13.0,14.0,13.0,13.0,13.0,13.0,14.0,12.0,14.0,11.0,14.0,10.0,15.0,10.0,15.0,9.0,15.0,8.0,14.0
12.0,-7.0,11.0,-7.0,12.0,-8.0,12.0,-8.0,11.0,-7.0,10.0,-6.0,9.0,-7.0,8.0,-7.0,8.0,-8.0,8.0,-8.0,8.0,-9.0,8.0,-9.0,7.0,-9.0,7.0,-9.0,6.0,-9.0,5.0,-10.0,4.0,-10.0,3.0,-10.0,3.0,-10.0,3.0,-11.0,4.0,-11.0,3.0,-12.0,3.0,-12.0,2.0,-13.0,2.0,-14.0,2.0,-15.0,0.0,-16.0,1.0,-17.0,0.0,-18.0,0.0,-18.0,1.0,-17.0,0.0,-18.0,0.0,-18.0,0.0,-19.0,-1.0,-19.0,-1.0,-19.0,-1.0,-20.0,1.0,-20.0,1.0,-20.0,0.0,-21.0,-1.0,-21.0,-1.0,-22.0,0.0,-23.0,1.0,-22.0,1.0,-21.0,1.0,-21.0,2.0,-22.0,3.0,-22.0,4.0,-22.0,5.0,-21.0,6.0,-19.0,6.0,-18.0
-9.0,-10.0,-9.0,-10.0,-10.0,-9.0,-10.0,-10.0,-9.0,-9.0,-8.0,-8.0,-9.0,-8.0,-9.0,-7.0,-9.0,-6.0,-9.0,-6.0,-10.0,-7.0,-10.0,-6.0,-10.0,-5.0,-9.0,-5.0,-9.0,-4.0,-10.0,-3.0,-10.0,-2.0,-9.0,-2.0,-10.0,-1.0,-10.0,-1.0,-11.0,-1.0,-11.0,-1.0,-11.0,0.0,-11.0,1.0,-13.0,1.0,-14.0,1.0,-14.0,4.0,-15.0,4.0,-15.0,4.0,-15.0,4.0,-15.0,4.0,-15.0,4.0,-15.0,5.0,-15.0,5.0,-16.0,6.0,-17.0,6.0,-17.0,6.0,-17.0,5.0,-17.0,5.0,-18.0,6.0,-18.0,6.0,-19.0,7.0,-20.0,7.0,-20.0,6.0,-19.0,6.0,-20.0,5.0,-20.0,5.0,-20.0,4.0,-20.0,4.0,-20.0,2.0,-19.0,1.0,-18.0,0.0
13.0,-4.0,13.0,-5.0,13.0,-5.0,14.0,-4.0,13.0,-4.0,11.0,-4.0,11.0,-4.0,10.0,-5.0,10.0,-5.0,10.0,-6.0,10.0,-6.0,10.0,-7.0,9.0,-8.0,9.0,-7.0,8.0,-7.0,7.0,-9.0,6.0,-9.0,5.0,-9.0,5.0,-9.0,5.0,-10.0,6.0,-10.0,5.0,-11.0,4.0,-11.0,4.0,-13.0,4.0,-14.0,4.0,-14.0,2.0,-16.0,3.0,-17.0,3.0,-18.0,2.0,-17.0,3.0,-17.0,2.0,-18.0,2.0,-19.0,2.0,-19.0,1.0,-19.0,0.0,-20.0,1.0,-20.0,2.0,-20.0,2.0,-20.0,2.0,-21.0,1.0,-22.0,1.0,-23.0,2.0,-24.0,2.0,-23.0,2.0,-22.0,3.0,-22.0,4.0,-23.0,5.0,-23.0,6.0,-23.0,7.0,-22.0,8.0,-20.0,8.0,-19.0
11.0,4.0,11.0,3.0,11.0,3.0,11.0,4.0,10.0,4.0,9.0,3.0,9.0,2.0,9.0,1.0,9.0,1.0,9.0,1.0,10.0,1.0,10.0,0.0,10.0,-1.0,9.0,-1.0,9.0,-1.0,8.0,-3.0,8.0,-3.0,8.0,-3.0,7.0,-4.0,8.0,-4.0,8.0,-5.0,8.0,-5.0,8.0,-6.0,8.0,-7.0,9.0,-8.0,9.0,-9.0,8.0,-10.0,9.0,-11.0,9.0,-12.0,9.0,-11.0,9.0,-11.0,9.0,-12.0,9.0,-13.0,9.0,-13.0,9.0,-13.0,9.0,-14.0,9.0,-14.0,10.0,-14.0,10.0,-14.0,10.0,-15.0,10.0,-15.0,11.0,-16.0,11.0,-17.0,12.0,-16.0,11.0,-16.0,12.0,-15.0,12.0,-15.0,13.0,-15.0,14.0,-14.0,14.0,-13.0,14.0,-12.0,14.0,-11.0
-6.0,-14.0,-6.0,-13.0,-7.0,-13.0,-6.0,-14.0,-5.0,-13.0,-6.0,-11.0,-6.0,-11.0,-7.0,-10.0,-7.0,-10.0,-7.0,-10.0,-8.0,-10.0,-9.0,-10.0,-8.0,-9.0,-8.0,-8.0,-8.0,-7.0,-10.0,-7.0,-10.0,-6.0,-9.0,-5.0,-10.0,-4.0,-10.0,-4.0,-11.0,-4.0,-11.0,-4.0,-11.0,-3.0,-13.0,-2.0,-14.0,-2.0,-15.0,-3.0,-16.0,0.0,-17.0,-1.0,-17.0,0.0,-17.0,0.0,-17.0,0.0,-17.0,1.0,-18.0,1.0,-18.0,2.0,-19.0,2.0,-19.0,2.0,-20.0,2.0,-19.0,1.0,-20.0,1.0,-21.0,2.0,-22.0,2.0,-23.0,3.0,-24.0,3.0,-23.0,2.0,-23.0,2.0,-23.0,1.0,-23.0,1.0,-23.0,0.0,-23.0,-1.0,-22.0,-2.0,-21.0,-4.0,-20.0,-5.0
-1.0,13.0,-1.0,12.0,0.0,13.0,-1.0,13.0,-2.0,12.0,-1.0,11.0,0.0,10.0,1.0,10.0,1.0,10.0,1.0,10.0,1.0,10.0,2.0,10.0,2.0,10.0,2.0,9.0,3.0,9.0,5.0,8.0,5.0,8.0,5.0,7.0,5.0,7.0,5.0,7.0,6.0,7.0,6.0,7.0,7.0,7.0,8.0,7.0,9.0,7.0,10.0,8.0,12.0,7.0,13.0,7.0,13.0,7.0,13.0,7.0,12.0,7.0,13.0,7.0,14.0,6.0,14.0,7.0,15.0,7.0,16.0,7.0,16.0,7.0,15.0,8.0,15.0,7.0,17.0,8.0,18.0,8.0,19.0,8.0,19.0,8.0,18.0,9.0,18.0,9.0,18.0,10.0,18.0,10.0,17.0,11.0,16.0,12.0,15.0,13.0,14.0,13.0,13.0,13.0
0.0,12.0,1.0,11.0,1.0,11.0,0.0,12.0,0.0,11.0,0.0,10.0,1.0,9.0,2.0,9.0,2.0,8.0,2.0,8.0,3.0,9.0,3.0,9.0,4.0,8.0,3.0,8.0,4.0,7.0,5.0,7.0,6.0,6.0,5.0,6.0,6.0,5.0,6.0,5.0,7.0,6.0,7.0,6.0,7.0,5.0,8.0,4.0,10.0,5.0,11.0,5.0,12.0,3.0,12.0,4.0,13.0,4.0,13.0,4.0,12.0,4.0,13.0,4.0,14.0,3.0,14.0,3.0,15.0,3.0,16.0,3.0,16.0,3.0,15.0,4.0,15.0,4.0,16.0,3.0,17.0,3.0,18.0,3.0,19.0,4.0,18.0,4.0,18.0,4.0,18.0,5.0,18.0,5.0,17.0,6.0,16.0,7.0,16.0,8.0,15.0,8.0,14.0,8.0
9.0,8.0,9.0,6.0,10.0,6.0,10.0,7.0,9.0,6.0,8.0,5.0,8.0,5.0,8.0,4.0,8.0,3.0,8.0,3.0,9.0,3.0,9.0,3.0,9.0,2.0,8.0,2.0,8.0,1.0,9.0,0.0,9.0,-1.0,8.0,-1.0,8.0,-2.0,8.0,-2.0,9.0,-3.0,9.0,-3.0,9.0,-3.0,9.0,-5.0,11.0,-5.0,11.0,-6.0,11.0,-7.0,11.0,-8.0,12.0,-8.0,12.0,-8.0,11.0,-8.0,11.0,-9.0,11.0,-10.0,12.0,-10.0,12.0,-10.0,12.0,-11.0,13.0,-11.0,13.0,-10.0,13.0,-10.0,13.0,-11.0,13.0,-12.0,14.0,-13.0,15.0,-13.0,15.0,-12.0,15.0,-12.0,15.0,-12.0,15.0,-11.0,15.0,-11.0,16.0,-10.0,16.0,-9.0,16.0,-7.0,15.0,-6.0
-1.0,-14.0,-2.0,-14.0,-2.0,-14.0,-1.0,-15.0,-1.0,-14.0,-2.0,-12.0,-3.0,-12.0,-3.0,-11.0,-3.0,-11.0,-3.0,-11.0,-4.0,-11.0,-5.0,-11.0,-5.0,-11.0,-5.0,-10.0,-5.0,-10.0,-7.0,-9.0,-7.0,-8.0,-7.0,-8.0,-7.0,-7.0,-8.0,-7.0,-8.0,-8.0,-9.0,-8.0,-9.0,-7.0,-11.0,-7.0,-12.0,-8.0,-13.0,-8.0,-15.0,-6.0,-15.0,-7.0,-16.0,-7.0,-15.0,-7.0,-15.0,-7.0,-15.0,-6.0,-16.0,-6.0,-16.0,-6.0,-17.0,-6.0,-18.0,-6.0,-18.0,-6.0,-17.0,-7.0,-18.0,-7.0,-19.0,-7.0,-20.0,-7.0,-21.0,-7.0,-21.0,-7.0,-21.0,-7.0,-20.0,-8.0,-20.0,-8.0,-20.0,-9.0,-19.0,-9.0,-18.0,-10.0,-18.0,-11.0,-17.0,-12.0,-16.0,-12.0
-5.0,11.0,-4.0,11.0,-4.0,11.0,-5.0,11.0,-5.0,10.0,-4.0,9.0,-3.0,9.0,-3.0,9.0,-2.0,9.0,-2.0,9.0,-2.0,10.0,-1.0,10.0,-1.0,9.0,-1.0,9.0,0.0,9.0,1.0,9.0,2.0,8.0,2.0,8.0,3.0,7.0,3.0,8.0,3.0,8.0,4.0,8.0,4.0,8.0,5.0,8.0,6.0,9.0,7.0,10.0,9.0,9.0,9.0,10.0,9.0,10.0,9.0,10.0,9.0,10.0,9.0,10.0,10.0,9.0,10.0,10.0,11.0,10.0,12.0,10.0,12.0,11.0,11.0,11.0,11.0,11.0,12.0,11.0,13.0,11.0,14.0,12.0,14.0,12.0,13.0,12.0,13.0,12.0,13.0,13.0,12.0,13.0,12.0,13.0,11.0,14.0,10.0,14.0,9.0,14.0,8.0,14.0
10.0,6.0,10.0,5.0,11.0,5.0,11.0,5.0,9.0,5.0,9.0,4.0,8.0,4.0,8.0,3.0,8.0,3.0,8.0,3.0,9.0,3.0,10.0,2.0,9.0,1.0,9.0,1.0,8.0,0.0,9.0,-1.0,8.0,-1.0,8.0,-2.0,8.0,-3.0,8.0,-3.0,9.0,-3.0,9.0,-3.0,9.0,-4.0,9.0,-5.0,10.0,-6.0,11.0,-6.0,10.0,-7.0,11.0,-8.0,12.0,-8.0,11.0,-8.0,11.0,-8.0,11.0,-9.0,11.0,-9.0,12.0,-9.0,12.0,-10.0,12.0,-10.0,13.0,-10.0,13.0,-9.0,13.0,-9.0,14.0,-10.0,14.0,-10.0,14.0,-11.0,15.0,-11.0,15.0,-10.0,14.0,-10.0,15.0,-10.0,15.0,-9.0,16.0,-9.0,16.0,-8.0,16.0,-7.0,15.0,-5.0,15.0,-4.0
-7.0,-13.0,-8.0,-12.0,-8.0,-12.0,-8.0,-13.0,-7.0,-12.0,-7.0,-11.0,-7.0,-10.0,-7.0,-9.0,-7.0,-9.0,-8.0,-9.0,-8.0,-9.0,-9.0,-9.0,-9.0,-8.0,-8.0,-7.0,-8.0,-7.0,-9.0,-6.0,-10.0,-5.0,-9.0,-4.0,-9.0,-4.0,-10.0,-4.0,-11.0,-4.0,-11.0,-3.0,-11.0,-3.0,-12.0,-2.0,-13.0,-2.0,-14.0,-2.0,-15.0,0.0,-16.0,-1.0,-16.0,0.0,-16.0,0.0,-16.0,0.0,-16.0,0.0,-16.0,1.0,-17.0,1.0,-18.0,1.0,-18.0,1.0,-18.0,1.0,-18.0,0.0,-18.0,0.0,-19.0,1.0,-20.0,1.0,-21.0,2.0,-21.0,2.0,-21.0,1.0,-21.0,0.0,-21.0,0.0,-21.0,-1.0,-20.0,-1.0,-20.0,-2.0,-20.0,-3.0,-19.0,-5.0,-18.0,-6.0
15.0,1.0,15.0,0.0,15.0,0.0,15.0,1.0,14.0,1.0,12.0,1.0,12.0,0.0,11.0,-1.0,11.0,-1.0,11.0,-1.0,12.0,-2.0,12.0,-2.0,12.0,-3.0,11.0,-3.0,10.0,-3.0,10.0,-5.0,9.0,-5.0,8.0,-5.0,8.0,-6.0,9.0,-6.0,9.0,-7.0,9.0,-7.0,9.0,-8.0,9.0,-9.0,10.0,-10.0,10.0,-11.0,9.0,-13.0,10.0,-13.0,11.0,-14.0,10.0,-14.0,10.0,-13.0,10.0,-14.0,10.0,-15.0,10.0,-15.0,10.0,-15.0,10.0,-16.0,11.0,-16.0,12.0,-15.0,12.0,-15.0,12.0,-16.0,12.0,-17.0,12.0,-18.0,13.0,-18.0,13.0,-17.0,13.0,-16.0,13.0,-16.0,14.0,-16.0,15.0,-15.0,16.0,-15.0,16.0,-13.0,16.0,-11.0,15.0,-10.0
-13.0,-6.0,-13.0,-5.0,-14.0,-4.0,-14.0,-5.0,-12.0,-5.0,-11.0,-5.0,-11.0,-4.0,-11.0,-3.0,-11.0,-3.0,-11.0,-3.0,-12.0,-3.0,-12.0,-2.0,-12.0,-1.0,-11.0,-1.0,-10.0,-1.0,-10.0,0.0,-10.0,1.0,-10.0,1.0,-9.0,2.0,-10.0,2.0,-10.0,3.0,-10.0,3.0,-10.0,3.0,-10.0,5.0,-11.0,6.0,-12.0,6.0,-11.0,8.0,-12.0,8.0,-13.0,9.0,-13.0,8.0,-12.0,8.0,-13.0,9.0,-13.0,9.0,-13.0,9.0,-13.0,10.0,-13.0,10.0,-14.0,10.0,-14.0,9.0,-14.0,9.0,-15.0,10.0,-15.0,11.0,-15.0,11.0,-16.0,12.0,-16.0,11.0,-15.0,10.0,-16.0,10.0,-16.0,10.0,-17.0,9.0,-17.0,8.0,-17.0,7.0,-17.0,6.0,-16.0,5.0
-14.0,-1.0,-14.0,0.0,-14.0,1.0,-14.0,0.0,-13.0,-1.0,-12.0,-1.0,-12.0,0.0,-11.0,0.0,-11.0,1.0,-11.0,1.0,-11.0,1.0,-12.0,2.0,-11.0,2.0,-10.0,2.0,-10.0,2.0,-9.0,4.0,-8.0,4.0,-8.0,4.0,-8.0,5.0,-8.0,5.0,-9.0,5.0,-8.0,6.0,-8.0,6.0,-7.0,8.0,-8.0,9.0,-9.0,9.0,-8.0,11.0,-9.0,11.0,-9.0,12.0,-8.0,12.0,-9.0,11.0,-9.0,12.0,-9.0,13.0,-9.0,13.0,-8.0,13.0,-8.0,13.0,-9.0,13.0,-9.0,13.0,-10.0,13.0,-10.0,14.0,-10.0,15.0,-10.0,16.0,-10.0,16.0,-10.0,15.0,-10.0,15.0,-11.0,14.0,-11.0,14.0,-12.0,14.0,-13.0,14.0,-13.0,13.0,-13.0,11.0,-13.0,11.0
-3.0,-16.0,-4.0,-15.0,-4.0,-15.0,-3.0,-16.0,-2.0,-15.0,-2.0,-14.0,-3.0,-13.0,-4.0,-12.0,-4.0,-12.0,-4.0,-12.0,-4.0,-12.0,-5.0,-12.0,-5.0,-11.0,-4.0,-11.0,-5.0,-10.0,-7.0,-10.0,-7.0,-9.0,-7.0,-8.0,-7.0,-7.0,-8.0,-7.0,-8.0,-8.0,-9.0,-8.0,-9.0,-7.0,-10.0,-7.0,-12.0,-7.0,-13.0,-8.0,-14.0,-6.0,-15.0,-7.0,-16.0,-7.0,-15.0,-7.0,-15.0,-7.0,-15.0,-7.0,-16.0,-6.0,-16.0,-7.0,-17.0,-7.0,-18.0,-7.0,-18.0,-7.0,-17.0,-8.0,-17.0,-8.0,-18.0,-8.0,-19.0,-8.0,-20.0,-8.0,-21.0,-8.0,-20.0,-8.0,-20.0,-9.0,-20.0,-9.0,-19.0,-10.0,-19.0,-10.0,-18.0,-11.0,-18.0,-12.0,-17.0,-13.0,-16.0,-13.0
-14.0,3.0,-13.0,3.0,-14.0,4.0,-14.0,3.0,-13.0,2.0,-12.0,2.0,-11.0,2.0,-10.0,3.0,-10.0,3.0,-10.0,3.0,-10.0,4.0,-10.0,5.0,-10.0,5.0,-9.0,4.0,-9.0,4.0,-8.0,5.0,-7.0,6.0,-6.0,6.0,-6.0,6.0,-6.0,6.0,-7.0,7.0,-6.0,8.0,-5.0,8.0,-5.0,9.0,-5.0,10.0,-5.0,11.0,-4.0,12.0,-5.0,13.0,-5.0,14.0,-5.0,13.0,-5.0,13.0,-5.0,13.0,-5.0,14.0,-5.0,14.0,-4.0,15.0,-4.0,15.0,-4.0,16.0,-5.0,15.0,-6.0,15.0,-5.0,16.0,-5.0,17.0,-5.0,18.0,-6.0,18.0,-6.0,18.0,-6.0,17.0,-6.0,17.0,-7.0,17.0,-8.0,17.0,-9.0,17.0,-9.0,16.0,-9.0,15.0,-9.0,14.0
-13.0,8.0,-12.0,9.0,-12.0,10.0,-13.0,9.0,-12.0,8.0,-11.0,7.0,-9.0,7.0,-8.0,7.0,-8.0,7.0,-8.0,8.0,-8.0,8.0,-8.0,9.0,-8.0,9.0,-7.0,8.0,-7.0,8.0,-5.0,9.0,-4.0,9.0,-3.0,9.0,-2.0,9.0,-3.0,9.0,-3.0,10.0,-2.0,11.0,-1.0,10.0,0.0,11.0,0.0,13.0,0.0,13.0,2.0,14.0,2.0,15.0,2.0,16.0,3.0,16.0,2.0,15.0,3.0,16.0,3.0,16.0,3.0,16.0,4.0,17.0,5.0,17.0,4.0,18.0,3.0,18.0,3.0,18.0,4.0,18.0,5.0,19.0,6.0,20.0,5.0,21.0,5.0,21.0,5.0,20.0,4.0,20.0,3.0,21.0,2.0,21.0,1.0,21.0,0.0,21.0,-1.0,20.0,-1.0,19.0
8.0,10.0,8.0,9.0,9.0,9.0,8.0,10.0,7.0,9.0,7.0,8.0,7.0,8.0,7.0,7.0,7.0,6.0,7.0,6.0,8.0,7.0,8.0,6.0,8.0,5.0,7.0,5.0,7.0,4.0,8.0,3.0,8.0,2.0,8.0,1.0,8.0,0.0,8.0,0.0,9.0,0.0,10.0,0.0,10.0,-1.0,10.0,-2.0,12.0,-2.0,13.0,-2.0,13.0,-4.0,14.0,-4.0,14.0,-5.0,14.0,-5.0,14.0,-4.0,14.0,-5.0,14.0,-6.0,14.0,-6.0,15.0,-6.0,16.0,-7.0,16.0,-6.0,16.0,-5.0,16.0,-6.0,17.0,-7.0,17.0,-7.0,18.0,-7.0,19.0,-8.0,18.0,-7.0,18.0,-7.0,18.0,-6.0,19.0,-6.0,19.0,-6.0,19.0,-5.0,19.0,-4.0,18.0,-2.0,18.0,-1.0
9.0,-11.0,8.0,-11.0,8.0,-11.0,9.0,-11.0,8.0,-10.0,7.0,-9.0,6.0,-9.0,6.0,-9.0,5.0,-9.0,5.0,-9.0,6.0,-10.0,5.0,-11.0,4.0,-10.0,4.0,-9.0,3.0,-9.0,2.0,-10.0,1.0,-10.0,1.0,-9.0,0.0,-9.0,0.0,-10.0,0.0,-11.0,-1.0,-11.0,-1.0,-11.0,-2.0,-11.0,-3.0,-13.0,-3.0,-14.0,-6.0,-14.0,-6.0,-15.0,-6.0,-15.0,-6.0,-15.0,-5.0,-15.0,-6.0,-15.0,-7.0,-15.0,-7.0,-16.0,-8.0,-16.0,-8.0,-17.0,-8.0,-17.0,-7.0,-17.0,-7.0,-17.0,-8.0,-18.0,-9.0,-19.0,-10.0,-19.0,-9.0,-20.0,-9.0,-20.0,-9.0,-19.0,-8.0,-20.0,-8.0,-20.0,-7.0,-20.0,-6.0,-20.0,-5.0,-20.0,-3.0,-20.0,-3.0,-19.0
-10.0,-12.0,-10.0,-11.0,-11.0,-11.0,-10.0,-12.0,-9.0,-12.0,-9.0,-11.0,-9.0,-10.0,-9.0,-9.0,-10.0,-8.0,-10.0,-8.0,-11.0,-8.0,-11.0,-8.0,-11.0,-7.0,-10.0,-7.0,-10.0,-6.0,-11.0,-5.0,-11.0,-4.0,-11.0,-3.0,-11.0,-2.0,-11.0,-2.0,-12.0,-2.0,-12.0,-2.0,-13.0,-1.0,-14.0,0.0,-15.0,1.0,-16.0,1.0,-16.0,3.0,-17.0,3.0,-18.0,4.0,-18.0,3.0,-17.0,3.0,-18.0,4.0,-18.0,5.0,-19.0,5.0,-19.0,5.0,-20.0,6.0,-20.0,5.0,-20.0,4.0,-20.0,5.0,-21.0,5.0,-22.0,6.0,-23.0,6.0,-24.0,6.0,-24.0,5.0,-23.0,5.0,-23.0,4.0,-23.0,4.0,-24.0,3.0,-24.0,3.0,-24.0,1.0,-23.0,-1.0,-21.0,-2.0
-15.0,-2.0,-15.0,-1.0,-16.0,0.0,-16.0,-1.0,-15.0,-1.0,-13.0,-1.0,-13.0,-1.0,-12.0,0.0,-12.0,1.0,-13.0,1.0,-13.0,1.0,-13.0,2.0,-13.0,3.0,-12.0,2.0,-11.0,3.0,-11.0,4.0,-10.0,5.0,-9.0,5.0,-9.0,6.0,-10.0,6.0,-10.0,7.0,-10.0,7.0,-9.0,8.0,-9.0,9.0,-10.0,11.0,-10.0,11.0,-9.0,13.0,-10.0,14.0,-10.0,15.0,-10.0,15.0,-10.0,14.0,-10.0,15.0,-10.0,16.0,-10.0,16.0,-9.0,17.0,-9.0,18.0,-10.0,18.0,-11.0,17.0,-11.0,17.0,-11.0,19.0,-11.0,20.0,-12.0,21.0,-12.0,21.0,-13.0,20.0,-13.0,19.0,-13.0,19.0,-14.0,19.0,-14.0,19.0,-16.0,18.0,-16.0,17.0,-16.0,15.0,-16.0,13.0
-3.0,12.0,-2.0,12.0,-2.0,12.0,-2.0,13.0,-2.0,12.0,-2.0,11.0,-1.0,10.0,0.0,10.0,0.0,10.0,0.0,10.0,0.0,11.0,1.0,11.0,1.0,10.0,1.0,10.0,2.0,9.0,3.0,9.0,4.0,8.0,4.0,8.0,5.0,7.0,5.0,7.0,5.0,8.0,6.0,8.0,7.0,8.0,8.0,7.0,9.0,8.0,10.0,9.0,12.0,8.0,12.0,8.0,13.0,8.0,13.0,8.0,12.0,8.0,13.0,8.0,14.0,7.0,15.0,8.0,15.0,8.0,16.0,8.0,16.0,8.0,15.0,9.0,15.0,9.0,16.0,9.0,18.0,9.0,19.0,9.0,19.0,9.0,18.0,10.0,18.0,9.0,18.0,10.0,17.0,10.0,17.0,11.0,16.0,12.0,15.0,13.0,14.0,13.0,13.0,13.0
6.0,-11.0,5.0,-12.0,5.0,-12.0,6.0,-12.0,6.0,-11.0,5.0,-10.0,4.0,-10.0,3.0,-10.0,3.0,-10.0,3.0,-10.0,3.0,-11.0,2.0,-12.0,2.0,-11.0,2.0,-11.0,2.0,-11.0,0.0,-11.0,-1.0,-11.0,-1.0,-10.0,-2.0,-10.0,-2.0,-10.0,-2.0,-11.0,-2.0,-11.0,-3.0,-11.0,-4.0,-11.0,-5.0,-12.0,-6.0,-13.0,-8.0,-13.0,-8.0,-14.0,-9.0,-14.0,-9.0,-14.0,-8.0,-14.0,-9.0,-14.0,-9.0,-14.0,-10.0,-14.0,-11.0,-14.0,-12.0,-15.0,-11.0,-15.0,-10.0,-16.0,-10.0,-16.0,-11.0,-16.0,-12.0,-16.0,-12.0,-17.0,-12.0,-18.0,-12.0,-18.0,-12.0,-17.0,-11.0,-17.0,-11.0,-18.0,-10.0,-18.0,-9.0,-19.0,-8.0,-19.0,-7.0,-18.0,-6.0,-18.0
-14.0,-9.0,-14.0,-7.0,-15.0,-7.0,-15.0,-8.0,-14.0,-8.0,-13.0,-7.0,-13.0,-6.0,-12.0,-5.0,-12.0,-5.0,-12.0,-5.0,-13.0,-5.0,-14.0,-5.0,-14.0,-4.0,-13.0,-4.0,-13.0,-3.0,-13.0,-1.0,-13.0,-1.0,-12.0,-1.0,-12.0,0.0,-12.0,1.0,-13.0,1.0,-13.0,1.0,-13.0,2.0,-14.0,4.0,-15.0,5.0,-16.0,4.0,-16.0,7.0,-17.0,7.0,-18.0,8.0,-17.0,8.0,-17.0,8.0,-17.0,8.0,-17.0,9.0,-18.0,9.0,-18.0,10.0,-18.0,10.0,-19.0,9.0,-19.0,8.0,-20.0,9.0,-21.0,10.0,-21.0,10.0,-21.0,11.0,-22.0,11.0,-22.0,10.0,-21.0,9.0,-22.0,9.0,-22.0,8.0,-22.0,8.0,-23.0,7.0,-23.0,5.0,-22.0,3.0,-21.0,2.0
-14.0,-3.0,-14.0,-2.0,-15.0,-1.0,-15.0,-2.0,-14.0,-3.0,-13.0,-2.0,-12.0,-2.0,-12.0,-1.0,-12.0,-1.0,-12.0,-1.0,-13.0,0.0,-13.0,0.0,-13.0,1.0,-12.0,1.0,-11.0,1.0,-11.0,3.0,-11.0,3.0,-10.0,3.0,-10.0,4.0,-10.0,4.0,-11.0,4.0,-11.0,5.0,-10.0,6.0,-10.0,7.0,-11.0,8.0,-12.0,8.0,-11.0,10.0,-12.0,11.0,-12.0,12.0,-12.0,12.0,-12.0,11.0,-12.0,12.0,-12.0,13.0,-12.0,13.0,-12.0,13.0,-12.0,14.0,-13.0,14.0,-13.0,13.0,-14.0,13.0,-14.0,14.0,-14.0,15.0,-14.0,16.0,-15.0,16.0,-15.0,15.0,-14.0,14.0,-15.0,14.0,-15.0,14.0,-16.0,14.0,-17.0,13.0,-17.0,12.0,-17.0,10.0,-16.0,9.0
6.0,10.0,7.0,9.0,8.0,9.0,7.0,10.0,6.0,9.0,6.0,8.0,6.0,8.0,6.0,7.0,7.0,7.0,7.0,7.0,8.0,7.0,8.0,7.0,8.0,6.0,7.0,6.0,7.0,5.0,8.0,4.0,8.0,3.0,8.0,3.0,8.0,2.0,9.0,2.0,9.0,2.0,10.0,2.0,10.0,1.0,10.0,0.0,12.0,0.0,12.0,0.0,13.0,-2.0,14.0,-2.0,15.0,-2.0,14.0,-2.0,14.0,-2.0,14.0,-3.0,15.0,-3.0,15.0,-3.0,16.0,-4.0,16.0,-4.0,16.0,-4.0,16.0,-3.0,16.0,-3.0,17.0,-4.0,17.0,-4.0,18.0,-4.0,19.0,-4.0,19.0,-4.0,18.0,-3.0,18.0,-3.0,19.0,-3.0,19.0,-2.0,19.0,-2.0,19.0,-1.0,18.0,1.0,17.0,1.0
-12.0,-5.0,-12.0,-4.0,-13.0,-4.0,-13.0,-5.0,-12.0,-5.0,-11.0,-4.0,-11.0,-3.0,-10.0,-3.0,-10.0,-2.0,-10.0,-2.0,-11.0,-2.0,-11.0,-2.0,-11.0,-1.0,-11.0,-1.0,-10.0,-1.0,-10.0,1.0,-10.0,1.0,-9.0,1.0,-9.0,2.0,-9.0,2.0,-10.0,3.0,-10.0,3.0,-10.0,4.0,-10.0,5.0,-11.0,6.0,-12.0,6.0,-11.0,8.0,-12.0,8.0,-13.0,9.0,-12.0,9.0,-12.0,8.0,-12.0,9.0,-12.0,10.0,-13.0,10.0,-13.0,10.0,-13.0,10.0,-13.0,10.0,-14.0,10.0,-14.0,10.0,-15.0,11.0,-15.0,11.0,-15.0,12.0,-16.0,12.0,-15.0,11.0,-15.0,11.0,-15.0,10.0,-16.0,10.0,-17.0,10.0,-17.0,10.0,-18.0,8.0,-17.0,7.0,-16.0,6.0
-7.0,-15.0,-7.0,-15.0,-8.0,-15.0,-7.0,-15.0,-6.0,-14.0,-6.0,-13.0,-7.0,-12.0,-7.0,-11.0,-7.0,-11.0,-7.0,-11.0,-8.0,-12.0,-9.0,-12.0,-8.0,-11.0,-8.0,-10.0,-8.0,-9.0,-10.0,-8.0,-10.0,-7.0,-10.0,-6.0,-10.0,-6.0,-10.0,-6.0,-11.0,-6.0,-11.0,-6.0,-12.0,-5.0,-13.0,-5.0,-14.0,-5.0,-15.0,-5.0,-17.0,-3.0,-18.0,-4.0,-18.0,-3.0,-18.0,-3.0,-17.0,-3.0,-18.0,-3.0,-19.0,-2.0,-19.0,-2.0,-20.0,-2.0,-21.0,-2.0,-21.0,-3.0,-20.0,-3.0,-20.0,-3.0,-22.0,-3.0,-23.0,-3.0,-24.0,-2.0,-25.0,-2.0,-24.0,-3.0,-24.0,-4.0,-24.0,-4.0,-24.0,-4.0,-23.0,-5.0,-23.0,-6.0,-23.0,-8.0,-21.0,-9.0,-20.0,-9.0
-9.0,9.0,-9.0,9.0,-9.0,9.0,-9.0,9.0,-9.0,8.0,-8.0,8.0,-7.0,8.0,-6.0,8.0,-6.0,7.0,-6.0,8.0,-6.0,8.0,-6.0,8.0,-5.0,8.0,-5.0,7.0,-5.0,8.0,-3.0,8.0,-2.0,8.0,-2.0,8.0,-1.0,8.0,-1.0,8.0,-2.0,8.0,-1.0,9.0,0.0,9.0,1.0,9.0,1.0,11.0,2.0,11.0,4.0,11.0,3.0,12.0,4.0,13.0,4.0,12.0,3.0,12.0,4.0,12.0,4.0,13.0,5.0,13.0,5.0,13.0,6.0,14.0,5.0,14.0,4.0,14.0,4.0,14.0,5.0,15.0,6.0,16.0,7.0,17.0,6.0,17.0,6.0,17.0,6.0,17.0,6.0,17.0,5.0,17.0,4.0,17.0,3.0,18.0,2.0,17.0,1.0,17.0,0.0,16.0
8.0,-7.0,7.0,-7.0,8.0,-8.0,8.0,-7.0,8.0,-6.0,7.0,-6.0,6.0,-6.0,5.0,-6.0,5.0,-6.0,5.0,-6.0,5.0,-7.0,5.0,-7.0,4.0,-7.0,4.0,-6.0,4.0,-6.0,2.0,-7.0,1.0,-7.0,1.0,-6.0,1.0,-7.0,1.0,-7.0,0.0,-8.0,0.0,-8.0,0.0,-7.0,-1.0,-8.0,-1.0,-9.0,-1.0,-10.0,-3.0,-10.0,-3.0,-11.0,-3.0,-11.0,-3.0,-11.0,-3.0,-10.0,-3.0,-11.0,-4.0,-11.0,-4.0,-11.0,-5.0,-12.0,-5.0,-12.0,-5.0,-12.0,-4.0,-12.0,-4.0,-13.0,-5.0,-13.0,-5.0,-13.0,-6.0,-14.0,-6.0,-15.0,-5.0,-14.0,-5.0,-14.0,-5.0,-14.0,-5.0,-15.0,-4.0,-15.0,-3.0,-15.0,-3.0,-15.0,-2.0,-14.0,-2.0,-14.0
7.0,-13.0,6.0,-14.0,7.0,-14.0,8.0,-14.0,7.0,-12.0,6.0,-11.0,5.0,-11.0,4.0,-11.0,4.0,-10.0,4.0,-11.0,4.0,-11.0,3.0,-12.0,3.0,-11.0,3.0,-10.0,2.0,-10.0,0.0,-11.0,-1.0,-10.0,-1.0,-10.0,-1.0,-9.0,-2.0,-10.0,-2.0,-10.0,-3.0,-10.0,-3.0,-10.0,-4.0,-10.0,-5.0,-12.0,-6.0,-13.0,-8.0,-12.0,-8.0,-13.0,-9.0,-14.0,-9.0,-13.0,-8.0,-13.0,-9.0,-13.0,-9.0,-14.0,-10.0,-14.0,-11.0,-14.0,-11.0,-14.0,-11.0,-15.0,-10.0,-15.0,-10.0,-16.0,-11.0,-16.0,-12.0,-17.0,-13.0,-18.0,-13.0,-18.0,-12.0,-18.0,-12.0,-18.0,-11.0,-18.0,-11.0,-18.0,-9.0,-19.0,-8.0,-19.0,-7.0,-19.0,-6.0,-19.0,-6.0,-18.0
-3.0,-15.0,-4.0,-15.0,-4.0,-15.0,-3.0,-15.0,-2.0,-14.0,-2.0,-13.0,-3.0,-12.0,-3.0,-11.0,-3.0,-11.0,-3.0,-11.0,-4.0,-12.0,-5.0,-12.0,-4.0,-11.0,-4.0,-10.0,-4.0,-9.0,-6.0,-9.0,-6.0,-8.0,-6.0,-7.0,-6.0,-6.0,-7.0,-6.0,-7.0,-7.0,-8.0,-7.0,-8.0,-6.0,-9.0,-6.0,-11.0,-6.0,-11.0,-6.0,-13.0,-5.0,-14.0,-6.0,-14.0,-5.0,-14.0,-5.0,-13.0,-5.0,-14.0,-5.0,-15.0,-5.0,-15.0,-5.0,-16.0,-5.0,-17.0,-5.0,-17.0,-6.0,-16.0,-6.0,-16.0,-6.0,-18.0,-6.0,-19.0,-6.0,-20.0,-6.0,-20.0,-6.0,-19.0,-7.0,-19.0,-7.0,-19.0,-8.0,-19.0,-8.0,-18.0,-8.0,-18.0,-9.0,-17.0,-10.0,-16.0,-11.0,-15.0,-11.0
2.0,12.0,3.0,11.0,3.0,12.0,2.0,12.0,1.0,11.0,1.0,10.0,2.0,10.0,2.0,9.0,2.0,9.0,2.0,9.0,3.0,9.0,3.0,9.0,3.0,8.0,3.0,7.0,3.0,7.0,4.0,6.0,5.0,5.0,5.0,5.0,5.0,4.0,5.0,4.0,6.0,4.0,6.0,4.0,7.0,4.0,8.0,3.0,9.0,4.0,9.0,4.0,10.0,2.0,11.0,2.0,12.0,2.0,12.0,2.0,12.0,2.0,12.0,2.0,13.0,1.0,13.0,1.0,14.0,1.0,14.0,1.0,15.0,2.0,14.0,2.0,14.0,2.0,15.0,2.0,16.0,2.0,17.0,2.0,17.0,2.0,17.0,2.0,16.0,2.0,16.0,3.0,16.0,3.0,16.0,4.0,16.0,4.0,15.0,5.0,14.0,6.0,13.0,6.0
7.0,9.0,7.0,8.0,8.0,8.0,7.0,9.0,6.0,8.0,6.0,8.0,6.0,7.0,6.0,6.0,6.0,6.0,6.0,6.0,7.0,6.0,7.0,6.0,7.0,5.0,6.0,5.0,6.0,4.0,7.0,3.0,7.0,2.0,7.0,2.0,7.0,1.0,7.0,1.0,8.0,1.0,8.0,0.0,8.0,0.0,8.0,-1.0,10.0,-2.0,10.0,-2.0,11.0,-3.0,11.0,-4.0,12.0,-4.0,12.0,-4.0,11.0,-4.0,12.0,-4.0,12.0,-5.0,13.0,-5.0,13.0,-6.0,14.0,-6.0,14.0,-6.0,14.0,-5.0,14.0,-6.0,15.0,-6.0,15.0,-6.0,16.0,-7.0,17.0,-7.0,16.0,-6.0,16.0,-6.0,16.0,-6.0,17.0,-5.0,17.0,-5.0,17.0,-4.0,17.0,-3.0,16.0,-2.0,16.0,-1.0
14.0,0.0,14.0,-1.0,15.0,-2.0,15.0,-1.0,13.0,0.0,12.0,0.0,12.0,-1.0,11.0,-2.0,11.0,-2.0,11.0,-2.0,12.0,-3.0,11.0,-4.0,11.0,-4.0,10.0,-4.0,9.0,-4.0,8.0,-6.0,8.0,-6.0,7.0,-6.0,6.0,-7.0,7.0,-7.0,7.0,-8.0,7.0,-9.0,6.0,-9.0,6.0,-11.0,6.0,-12.0,6.0,-12.0,5.0,-15.0,5.0,-15.0,5.0,-16.0,4.0,-16.0,5.0,-16.0,4.0,-17.0,4.0,-18.0,4.0,-18.0,4.0,-19.0,4.0,-20.0,4.0,-20.0,5.0,-20.0,5.0,-20.0,5.0,-21.0,5.0,-22.0,4.0,-23.0,5.0,-24.0,6.0,-23.0,6.0,-22.0,6.0,-22.0,7.0,-23.0,8.0,-23.0,9.0,-23.0,10.0,-22.0,10.0,-20.0,10.0,-19.0
10.0,-6.0,9.0,-7.0,9.0,-7.0,10.0,-7.0,9.0,-6.0,8.0,-6.0,7.0,-6.0,7.0,-6.0,6.0,-6.0,6.0,-7.0,7.0,-7.0,6.0,-8.0,6.0,-8.0,6.0,-7.0,5.0,-7.0,4.0,-8.0,3.0,-8.0,2.0,-8.0,2.0,-8.0,2.0,-8.0,2.0,-9.0,2.0,-9.0,1.0,-9.0,0.0,-10.0,0.0,-11.0,-1.0,-12.0,-3.0,-13.0,-2.0,-14.0,-3.0,-15.0,-3.0,-14.0,-3.0,-14.0,-3.0,-14.0,-4.0,-15.0,-4.0,-15.0,-5.0,-16.0,-5.0,-17.0,-5.0,-17.0,-4.0,-17.0,-4.0,-17.0,-4.0,-18.0,-5.0,-19.0,-5.0,-20.0,-5.0,-20.0,-5.0,-20.0,-5.0,-20.0,-4.0,-20.0,-4.0,-20.0,-3.0,-21.0,-2.0,-21.0,-1.0,-20.0,0.0,-20.0,1.0,-19.0
-9.0,8.0,-8.0,8.0,-8.0,9.0,-8.0,9.0,-8.0,8.0,-7.0,7.0,-6.0,7.0,-6.0,7.0,-5.0,7.0,-5.0,8.0,-5.0,8.0,-5.0,9.0,-4.0,8.0,-4.0,7.0,-4.0,7.0,-2.0,8.0,-1.0,8.0,-1.0,8.0,-1.0,7.0,-1.0,8.0,0.0,8.0,0.0,9.0,1.0,9.0,2.0,9.0,3.0,10.0,3.0,11.0,5.0,11.0,5.0,12.0,6.0,12.0,6.0,12.0,6.0,12.0,6.0,12.0,7.0,13.0,7.0,13.0,8.0,13.0,9.0,14.0,8.0,15.0,7.0,15.0,7.0,15.0,8.0,16.0,9.0,16.0,10.0,17.0,10.0,17.0,9.0,18.0,9.0,17.0,9.0,17.0,8.0,18.0,7.0,18.0,6.0,19.0,5.0,19.0,4.0,18.0,4.0,18.0
-11.0,5.0,-10.0,5.0,-10.0,6.0,-11.0,6.0,-10.0,5.0,-9.0,5.0,-8.0,5.0,-8.0,5.0,-7.0,5.0,-7.0,6.0,-8.0,7.0,-7.0,7.0,-7.0,7.0,-7.0,6.0,-6.0,7.0,-5.0,7.0,-4.0,8.0,-3.0,8.0,-3.0,8.0,-3.0,8.0,-3.0,9.0,-3.0,9.0,-2.0,9.0,-1.0,10.0,-1.0,11.0,0.0,12.0,2.0,13.0,2.0,14.0,2.0,15.0,2.0,14.0,2.0,14.0,2.0,14.0,3.0,15.0,3.0,15.0,4.0,16.0,5.0,16.0,4.0,17.0,3.0,17.0,3.0,17.0,4.0,18.0,5.0,18.0,6.0,19.0,6.0,20.0,5.0,20.0,5.0,19.0,5.0,19.0,4.0,20.0,3.0,20.0,2.0,20.0,1.0,20.0,0.0,19.0,0.0,19.0
2.0,13.0,3.0,12.0,4.0,12.0,3.0,13.0,2.0,12.0,3.0,11.0,3.0,10.0,4.0,10.0,4.0,9.0,4.0,9.0,5.0,10.0,6.0,10.0,6.0,9.0,5.0,8.0,6.0,8.0,7.0,7.0,7.0,6.0,7.0,5.0,8.0,5.0,8.0,5.0,9.0,5.0,9.0,5.0,9.0,4.0,11.0,3.0,13.0,4.0,13.0,4.0,15.0,3.0,15.0,3.0,16.0,3.0,16.0,2.0,16.0,3.0,16.0,2.0,17.0,2.0,17.0,2.0,18.0,2.0,19.0,1.0,19.0,2.0,18.0,2.0,19.0,2.0,20.0,2.0,21.0,2.0,22.0,2.0,23.0,2.0,23.0,3.0,22.0,3.0,22.0,4.0,22.0,4.0,22.0,5.0,21.0,5.0,21.0,6.0,20.0,8.0,19.0,8.0
7.0,-12.0,6.0,-12.0,6.0,-13.0,7.0,-13.0,6.0,-12.0,5.0,-11.0,4.0,-11.0,3.0,-11.0,3.0,-11.0,3.0,-11.0,3.0,-12.0,3.0,-12.0,2.0,-12.0,3.0,-11.0,2.0,-11.0,0.0,-12.0,-2.0,-12.0,-1.0,-11.0,-2.0,-11.0,-2.0,-11.0,-2.0,-12.0,-2.0,-12.0,-3.0,-12.0,-4.0,-13.0,-5.0,-14.0,-5.0,-15.0,-8.0,-15.0,-8.0,-16.0,-8.0,-16.0,-8.0,-16.0,-8.0,-15.0,-8.0,-16.0,-9.0,-16.0,-9.0,-16.0,-10.0,-17.0,-11.0,-17.0,-11.0,-18.0,-9.0,-18.0,-9.0,-18.0,-11.0,-19.0,-12.0,-19.0,-13.0,-20.0,-13.0,-21.0,-12.0,-21.0,-12.0,-21.0,-11.0,-21.0,-11.0,-21.0,-9.0,-22.0,-8.0,-22.0,-7.0,-23.0,-6.0,-22.0,-5.0,-21.0
-7.0,11.0,-6.0,11.0,-5.0,12.0,-6.0,12.0,-6.0,11.0,-5.0,10.0,-4.0,10.0,-3.0,9.0,-3.0,9.0,-4.0,10.0,-4.0,10.0,-3.0,11.0,-3.0,10.0,-3.0,9.0,-2.0,9.0,0.0,10.0,1.0,10.0,1.0,9.0,1.0,9.0,1.0,9.0,1.0,9.0,2.0,10.0,2.0,9.0,3.0,10.0,4.0,11.0,5.0,12.0,7.0,11.0,6.0,12.0,7.0,13.0,7.0,12.0,6.0,12.0,7.0,12.0,8.0,12.0,8.0,12.0,9.0,13.0,10.0,13.0,9.0,14.0,8.0,14.0,8.0,14.0,9.0,15.0,11.0,15.0,12.0,16.0,12.0,16.0,11.0,16.0,11.0,16.0,11.0,16.0,10.0,17.0,9.0,18.0,8.0,19.0,7.0,19.0,6.0,18.0,5.0,18.0
14.0,2.0,14.0,1.0,15.0,1.0,15.0,2.0,13.0,2.0,12.0,2.0,12.0,1.0,11.0,0.0,11.0,0.0,12.0,0.0,12.0,0.0,12.0,-1.0,12.0,-2.0,11.0,-2.0,11.0,-2.0,11.0,-4.0,10.0,-4.0,9.0,-4.0,9.0,-5.0,9.0,-5.0,10.0,-5.0,10.0,-6.0,9.0,-6.0,9.0,-8.0,10.0,-9.0,11.0,-9.0,10.0,-11.0,11.0,-12.0,12.0,-12.0,11.0,-12.0,11.0,-12.0,11.0,-13.0,10.0,-13.0,11.0,-14.0,10.0,-14.0,10.0,-15.0,11.0,-15.0,12.0,-15.0,12.0,-15.0,13.0,-16.0,13.0,-17.0,13.0,-18.0,14.0,-19.0,14.0,-18.0,14.0,-17.0,15.0,-17.0,15.0,-17.0,16.0,-17.0,17.0,-16.0,17.0,-15.0,17.0,-13.0,17.0,-12.0
-2.0,13.0,-1.0,13.0,-1.0,13.0,-2.0,13.0,-2.0,12.0,-2.0,11.0,-1.0,11.0,0.0,11.0,0.0,10.0,0.0,11.0,0.0,11.0,1.0,11.0,1.0,10.0,1.0,10.0,1.0,9.0,3.0,9.0,4.0,9.0,3.0,8.0,4.0,7.0,4.0,8.0,4.0,8.0,5.0,8.0,5.0,8.0,7.0,7.0,8.0,8.0,9.0,9.0,10.0,7.0,11.0,8.0,11.0,8.0,11.0,8.0,11.0,8.0,12.0,8.0,13.0,7.0,13.0,8.0,14.0,8.0,15.0,8.0,15.0,8.0,14.0,9.0,14.0,9.0,15.0,9.0,16.0,10.0,18.0,10.0,18.0,10.0,18.0,11.0,17.0,11.0,17.0,11.0,17.0,12.0,17.0,12.0,16.0,13.0,15.0,14.0,14.0,15.0,13.0,15.0
-10.0,-4.0,-10.0,-4.0,-10.0,-3.0,-10.0,-4.0,-9.0,-4.0,-9.0,-3.0,-8.0,-3.0,-8.0,-2.0,-8.0,-2.0,-8.0,-2.0,-9.0,-2.0,-9.0,-1.0,-9.0,-1.0,-8.0,-1.0,-8.0,0.0,-8.0,0.0,-7.0,1.0,-7.0,1.0,-7.0,2.0,-7.0,2.0,-7.0,2.0,-7.0,3.0,-7.0,3.0,-7.0,4.0,-8.0,5.0,-8.0,5.0,-7.0,7.0,-8.0,7.0,-8.0,8.0,-8.0,8.0,-7.0,8.0,-7.0,8.0,-7.0,9.0,-8.0,9.0,-7.0,10.0,-7.0,10.0,-8.0,10.0,-9.0,10.0,-9.0,10.0,-9.0,11.0,-9.0,12.0,-9.0,12.0,-10.0,13.0,-10.0,12.0,-10.0,12.0,-10.0,12.0,-10.0,12.0,-11.0,12.0,-12.0,11.0,-12.0,11.0,-12.0,9.0,-12.0,8.0
4.0,11.0,4.0,10.0,5.0,10.0,4.0,10.0,3.0,10.0,4.0,9.0,4.0,8.0,5.0,7.0,4.0,7.0,4.0,7.0,5.0,8.0,5.0,7.0,5.0,7.0,5.0,6.0,5.0,6.0,6.0,5.0,6.0,4.0,6.0,3.0,6.0,2.0,7.0,2.0,7.0,2.0,7.0,2.0,7.0,1.0,8.0,0.0,10.0,0.0,11.0,0.0,11.0,-2.0,12.0,-2.0,12.0,-3.0,12.0,-3.0,12.0,-3.0,13.0,-4.0,13.0,-5.0,13.0,-5.0,14.0,-5.0,15.0,-6.0,15.0,-5.0,15.0,-4.0,15.0,-5.0,16.0,-6.0,17.0,-6.0,18.0,-7.0,18.0,-7.0,19.0,-6.0,18.0,-6.0,18.0,-6.0,19.0,-6.0,18.0,-5.0,18.0,-4.0,19.0,-3.0,18.0,-2.0,18.0,-1.0
-3.0,9.0,-2.0,9.0,-2.0,9.0,-3.0,9.0,-3.0,8.0,-2.0,8.0,-2.0,7.0,-1.0,7.0,-1.0,7.0,-1.0,7.0,-1.0,8.0,0.0,8.0,0.0,7.0,0.0,6.0,0.0,6.0,1.0,6.0,2.0,6.0,2.0,5.0,2.0,5.0,2.0,5.0,3.0,5.0,3.0,5.0,4.0,5.0,5.0,5.0,6.0,5.0,6.0,6.0,8.0,4.0,8.0,5.0,9.0,5.0,9.0,5.0,9.0,5.0,9.0,5.0,10.0,4.0,11.0,5.0,11.0,5.0,12.0,5.0,12.0,5.0,11.0,6.0,12.0,6.0,13.0,6.0,14.0,6.0,14.0,6.0,15.0,6.0,14.0,7.0,14.0,7.0,14.0,7.0,14.0,8.0,14.0,8.0,13.0,9.0,12.0,9.0,12.0,9.0,11.0,9.0
-1.0,12.0,0.0,12.0,0.0,12.0,-1.0,13.0,-1.0,12.0,-1.0,11.0,0.0,10.0,0.0,10.0,1.0,9.0,1.0,9.0,1.0,10.0,2.0,10.0,2.0,9.0,1.0,8.0,2.0,8.0,3.0,7.0,4.0,7.0,4.0,6.0,4.0,5.0,5.0,5.0,5.0,5.0,6.0,5.0,7.0,5.0,8.0,4.0,9.0,4.0,10.0,4.0,12.0,3.0,12.0,3.0,13.0,3.0,13.0,3.0,13.0,3.0,13.0,2.0,14.0,2.0,15.0,2.0,16.0,1.0,17.0,1.0,18.0,2.0,17.0,2.0,17.0,2.0,18.0,2.0,19.0,1.0,21.0,1.0,21.0,1.0,21.0,2.0,21.0,2.0,21.0,2.0,21.0,2.0,21.0,3.0,20.0,4.0,20.0,5.0,18.0,6.0,18.0,6.0
12.0,-7.0,11.0,-8.0,12.0,-8.0,13.0,-8.0,12.0,-7.0,11.0,-6.0,10.0,-6.0,9.0,-6.0,9.0,-6.0,9.0,-7.0,9.0,-7.0,9.0,-8.0,8.0,-7.0,8.0,-7.0,7.0,-7.0,5.0,-8.0,4.0,-8.0,3.0,-8.0,2.0,-8.0,2.0,-9.0,2.0,-10.0,2.0,-10.0,1.0,-10.0,0.0,-11.0,-1.0,-13.0,-1.0,-14.0,-4.0,-15.0,-4.0,-16.0,-5.0,-17.0,-5.0,-17.0,-5.0,-17.0,-5.0,-17.0,-6.0,-18.0,-7.0,-18.0,-8.0,-19.0,-8.0,-20.0,-8.0,-21.0,-6.0,-21.0,-6.0,-21.0,-8.0,-22.0,-10.0,-23.0,-11.0,-24.0,-11.0,-25.0,-10.0,-25.0,-10.0,-24.0,-10.0,-25.0,-9.0,-25.0,-8.0,-26.0,-7.0,-27.0,-6.0,-27.0,-4.0,-26.0,-3.0,-24.0
11.0,12.0,12.0,12.0,12.0,12.0,12.0,13.0,10.0,12.0,10.0,11.0,10.0,10.0,9.0,10.0,9.0,9.0,10.0,9.0,11.0,10.0,11.0,9.0,11.0,8.0,10.0,8.0,10.0,7.0,11.0,5.0,11.0,3.0,10.0,2.0,10.0,1.0,10.0,1.0,11.0,1.0,12.0,0.0,12.0,-1.0,13.0,-3.0,15.0,-4.0,16.0,-5.0,17.0,-9.0,18.0,-9.0,19.0,-10.0,18.0,-10.0,18.0,-10.0,18.0,-11.0,19.0,-12.0,20.0,-12.0,20.0,-14.0,21.0,-15.0,22.0,-15.0,22.0,-14.0,22.0,-15.0,23.0,-17.0,24.0,-18.0,25.0,-20.0,25.0,-20.0,25.0,-19.0,25.0,-19.0,26.0,-19.0,27.0,-19.0,28.0,-19.0,28.0,-18.0,29.0,-16.0,29.0,-13.0,28.0,-12.0
-15.0,0.0,-15.0,1.0,-16.0,2.0,-16.0,0.0,-15.0,0.0,-14.0,0.0,-14.0,0.0,-13.0,1.0,-13.0,1.0,-13.0,1.0,-14.0,1.0,-14.0,2.0,-13.0,2.0,-13.0,1.0,-12.0,2.0,-11.0,3.0,-10.0,4.0,-9.0,4.0,-8.0,5.0,-9.0,5.0,-9.0,6.0,-9.0,7.0,-8.0,7.0,-8.0,9.0,-8.0,10.0,-8.0,11.0,-7.0,14.0,-8.0,14.0,-7.0,16.0,-7.0,16.0,-7.0,15.0,-7.0,16.0,-6.0,17.0,-6.0,17.0,-6.0,18.0,-5.0,19.0,-6.0,20.0,-6.0,19.0,-6.0,20.0,-6.0,22.0,-5.0,23.0,-5.0,24.0,-5.0,26.0,-6.0,25.0,-6.0,25.0,-6.0,25.0,-7.0,25.0,-8.0,26.0,-9.0,26.0,-10.0,25.0,-11.0,24.0,-12.0,22.0
-5.0,-12.0,-5.0,-12.0,-6.0,-12.0,-5.0,-13.0,-4.0,-12.0,-4.0,-12.0,-4.0,-11.0,-5.0,-11.0,-4.0,-10.0,-4.0,-11.0,-4.0,-12.0,-5.0,-12.0,-5.0,-11.0,-4.0,-10.0,-4.0,-9.0,-5.0,-9.0,-6.0,-8.0,-6.0,-7.0,-6.0,-6.0,-6.0,-7.0,-7.0,-7.0,-7.0,-7.0,-8.0,-6.0,-9.0,-5.0,-10.0,-6.0,-10.0,-6.0,-12.0,-4.0,-13.0,-4.0,-13.0,-4.0,-13.0,-4.0,-13.0,-4.0,-14.0,-4.0,-14.0,-3.0,-15.0,-3.0,-15.0,-2.0,-16.0,-2.0,-16.0,-3.0,-16.0,-3.0,-16.0,-3.0,-17.0,-2.0,-18.0,-2.0,-19.0,-1.0,-20.0,-1.0,-20.0,-2.0,-20.0,-2.0,-20.0,-2.0,-21.0,-3.0,-21.0,-3.0,-21.0,-4.0,-20.0,-5.0,-20.0,-7.0,-19.0,-7.0
-11.0,10.0,-11.0,10.0,-11.0,10.0,-13.0,10.0,-12.0,8.0,-11.0,8.0,-11.0,8.0,-10.0,8.0,-10.0,8.0,-11.0,8.0,-11.0,8.0,-11.0,9.0,-11.0,8.0,-10.0,7.0,-10.0,7.0,-9.0,8.0,-8.0,8.0,-7.0,8.0,-6.0,7.0,-6.0,7.0,-7.0,8.0,-6.0,9.0,-5.0,9.0,-5.0,10.0,-5.0,11.0,-5.0,12.0,-2.0,13.0,-3.0,14.0,-3.0,15.0,-3.0,15.0,-3.0,14.0,-2.0,14.0,-1.0,15.0,-1.0,16.0,-1.0,17.0,0.0,17.0,-1.0,17.0,-1.0,17.0,-1.0,17.0,-1.0,18.0,0.0,20.0,0.0,21.0,0.0,21.0,0.0,21.0,0.0,21.0,-1.0,21.0,-1.0,22.0,-2.0,22.0,-3.0,22.0,-4.0,22.0,-5.0,21.0,-6.0,20.0
-14.0,-6.0,-14.0,-6.0,-15.0,-6.0,-15.0,-7.0,-14.0,-8.0,-13.0,-7.0,-13.0,-6.0,-13.0,-6.0,-13.0,-5.0,-13.0,-6.0,-14.0,-7.0,-14.0,-6.0,-14.0,-6.0,-13.0,-6.0,-12.0,-5.0,-13.0,-4.0,-12.0,-3.0,-11.0,-3.0,-11.0,-2.0,-11.0,-1.0,-12.0,-1.0,-12.0,-1.0,-11.0,0.0,-12.0,1.0,-13.0,2.0,-14.0,2.0,-14.0,5.0,-15.0,5.0,-15.0,6.0,-15.0,7.0,-15.0,6.0,-15.0,7.0,-15.0,8.0,-15.0,8.0,-15.0,9.0,-15.0,10.0,-16.0,9.0,-16.0,9.0,-16.0,10.0,-17.0,11.0,-17.0,12.0,-17.0,14.0,-18.0,14.0,-18.0,13.0,-17.0,13.0,-18.0,13.0,-19.0,13.0,-20.0,13.0,-21.0,12.0,-21.0,11.0,-21.0,9.0,-20.0,8.0
-5.0,-12.0,-6.0,-12.0,-6.0,-12.0,-5.0,-13.0,-5.0,-13.0,-4.0,-12.0,-5.0,-11.0,-5.0,-11.0,-5.0,-11.0,-5.0,-12.0,-5.0,-12.0,-6.0,-12.0,-6.0,-11.0,-5.0,-11.0,-5.0,-10.0,-6.0,-10.0,-7.0,-9.0,-6.0,-8.0,-6.0,-8.0,-7.0,-8.0,-7.0,-8.0,-8.0,-8.0,-8.0,-7.0,-9.0,-6.0,-10.0,-7.0,-11.0,-7.0,-13.0,-5.0,-13.0,-6.0,-14.0,-6.0,-14.0,-5.0,-14.0,-5.0,-14.0,-5.0,-15.0,-5.0,-15.0,-5.0,-16.0,-4.0,-17.0,-4.0,-17.0,-5.0,-17.0,-5.0,-17.0,-5.0,-18.0,-4.0,-19.0,-4.0,-20.0,-4.0,-21.0,-4.0,-21.0,-5.0,-20.0,-5.0,-20.0,-5.0,-21.0,-6.0,-21.0,-6.0,-22.0,-7.0,-21.0,-8.0,-19.0,-9.0,-18.0,-9.0
2.0,15.0,3.0,15.0,3.0,16.0,1.0,17.0,0.0,16.0,1.0,15.0,2.0,15.0,2.0,14.0,2.0,14.0,2.0,14.0,2.0,15.0,3.0,16.0,3.0,15.0,2.0,14.0,2.0,14.0,4.0,13.0,5.0,12.0,4.0,11.0,5.0,10.0,5.0,10.0,6.0,11.0,6.0,11.0,7.0,10.0,9.0,9.0,11.0,10.0,11.0,11.0,14.0,9.0,15.0,10.0,16.0,10.0,16.0,10.0,15.0,10.0,17.0,10.0,18.0,9.0,18.0,9.0,19.0,9.0,20.0,8.0,20.0,9.0,19.0,10.0,20.0,10.0,22.0,10.0,23.0,10.0,25.0,10.0,26.0,11.0,25.0,11.0,25.0,11.0,25.0,11.0,24.0,12.0,24.0,12.0,24.0,13.0,23.0,14.0,21.0,16.0,20.0,16.0
14.0,3.0,15.0,2.0,16.0,2.0,16.0,3.0,15.0,4.0,14.0,4.0,13.0,3.0,13.0,2.0,13.0,3.0,14.0,3.0,15.0,3.0,15.0,2.0,15.0,2.0,13.0,2.0,13.0,1.0,13.0,0.0,12.0,-1.0,11.0,-1.0,11.0,-3.0,12.0,-3.0,12.0,-3.0,12.0,-4.0,12.0,-4.0,12.0,-6.0,13.0,-7.0,14.0,-8.0,13.0,-11.0,15.0,-12.0,15.0,-13.0,14.0,-13.0,14.0,-12.0,14.0,-13.0,15.0,-14.0,15.0,-14.0,14.0,-15.0,15.0,-17.0,16.0,-17.0,17.0,-16.0,17.0,-17.0,17.0,-18.0,17.0,-19.0,17.0,-21.0,18.0,-21.0,19.0,-20.0,19.0,-20.0,19.0,-20.0,20.0,-20.0,21.0,-19.0,22.0,-18.0,23.0,-17.0,23.0,-14.0,22.0,-13.0
-10.0,-9.0,-10.0,-9.0,-11.0,-9.0,-11.0,-10.0,-10.0,-10.0,-9.0,-10.0,-9.0,-9.0,-9.0,-8.0,-9.0,-8.0,-9.0,-9.0,-10.0,-9.0,-11.0,-9.0,-11.0,-8.0,-10.0,-8.0,-10.0,-7.0,-11.0,-6.0,-10.0,-5.0,-10.0,-5.0,-10.0,-4.0,-10.0,-4.0,-11.0,-4.0,-11.0,-3.0,-11.0,-2.0,-12.0,-1.0,-14.0,-1.0,-14.0,-1.0,-15.0,2.0,-16.0,2.0,-17.0,3.0,-16.0,3.0,-16.0,3.0,-17.0,4.0,-17.0,4.0,-18.0,5.0,-18.0,5.0,-18.0,7.0,-19.0,6.0,-19.0,6.0,-20.0,6.0,-21.0,7.0,-21.0,8.0,-22.0,9.0,-23.0,9.0,-23.0,8.0,-22.0,8.0,-22.0,8.0,-23.0,7.0,-24.0,7.0,-25.0,6.0,-25.0,5.0,-23.0,3.0,-23.0,2.0
-3.0,14.0,-2.0,14.0,-2.0,15.0,-4.0,16.0,-4.0,14.0,-4.0,14.0,-3.0,13.0,-2.0,13.0,-2.0,13.0,-3.0,13.0,-2.0,14.0,-2.0,15.0,-1.0,14.0,-2.0,13.0,-2.0,12.0,0.0,13.0,1.0,12.0,2.0,11.0,2.0,11.0,3.0,11.0,3.0,11.0,4.0,11.0,4.0,11.0,6.0,11.0,8.0,12.0,9.0,13.0,12.0,12.0,13.0,13.0,14.0,13.0,14.0,13.0,13.0,13.0,14.0,12.0,16.0,12.0,16.0,12.0,18.0,13.0,19.0,13.0,19.0,14.0,18.0,14.0,19.0,13.0,21.0,14.0,22.0,14.0,24.0,15.0,24.0,16.0,24.0,16.0,23.0,16.0,23.0,17.0,23.0,17.0,23.0,18.0,22.0,19.0,21.0,20.0,19.0,21.0,17.0,21.0
-14.0,6.0,-14.0,6.0,-15.0,7.0,-16.0,6.0,-15.0,5.0,-14.0,4.0,-14.0,5.0,-13.0,5.0,-13.0,5.0,-13.0,6.0,-14.0,6.0,-14.0,7.0,-14.0,7.0,-13.0,6.0,-13.0,6.0,-12.0,7.0,-10.0,8.0,-9.0,8.0,-8.0,8.0,-9.0,8.0,-9.0,9.0,-8.0,10.0,-7.0,10.0,-7.0,12.0,-7.0,13.0,-7.0,14.0,-4.0,17.0,-4.0,18.0,-4.0,19.0,-4.0,19.0,-4.0,18.0,-3.0,20.0,-3.0,20.0,-2.0,21.0,-1.0,22.0,0.0,23.0,-1.0,23.0,-3.0,23.0,-2.0,24.0,-1.0,26.0,0.0,27.0,0.0,29.0,-1.0,30.0,-1.0,29.0,-1.0,28.0,-2.0,28.0,-2.0,29.0,-4.0,29.0,-5.0,30.0,-7.0,29.0,-8.0,27.0,-9.0,26.0
-10.0,11.0,-9.0,11.0,-10.0,12.0,-12.0,12.0,-11.0,11.0,-10.0,10.0,-10.0,10.0,-9.0,11.0,-9.0,11.0,-9.0,11.0,-9.0,12.0,-9.0,12.0,-8.0,12.0,-8.0,11.0,-7.0,11.0,-6.0,12.0,-4.0,11.0,-4.0,11.0,-3.0,11.0,-3.0,11.0,-3.0,12.0,-2.0,12.0,-1.0,12.0,0.0,12.0,1.0,14.0,2.0,15.0,6.0,15.0,6.0,17.0,7.0,17.0,7.0,17.0,7.0,17.0,8.0,17.0,9.0,18.0,10.0,18.0,11.0,19.0,13.0,19.0,13.0,20.0,12.0,20.0,12.0,20.0,14.0,21.0,16.0,22.0,17.0,23.0,18.0,24.0,17.0,24.0,17.0,24.0,16.0,25.0,16.0,25.0,15.0,26.0,14.0,27.0,13.0,28.0,11.0,28.0,10.0,27.0
-2.0,-16.0,-3.0,-16.0,-3.0,-17.0,-2.0,-17.0,-1.0,-16.0,-1.0,-16.0,-2.0,-15.0,-2.0,-15.0,-2.0,-14.0,-3.0,-14.0,-3.0,-15.0,-4.0,-16.0,-4.0,-15.0,-3.0,-14.0,-4.0,-13.0,-5.0,-13.0,-6.0,-12.0,-6.0,-11.0,-7.0,-10.0,-7.0,-10.0,-8.0,-10.0,-9.0,-10.0,-9.0,-9.0,-11.0,-8.0,-13.0,-9.0,-14.0,-9.0,-17.0,-7.0,-18.0,-7.0,-19.0,-7.0,-19.0,-7.0,-19.0,-7.0,-20.0,-6.0,-21.0,-5.0,-21.0,-5.0,-23.0,-4.0,-24.0,-4.0,-25.0,-4.0,-24.0,-5.0,-25.0,-5.0,-27.0,-4.0,-28.0,-4.0,-30.0,-3.0,-31.0,-4.0,-31.0,-4.0,-31.0,-4.0,-31.0,-5.0,-31.0,-6.0,-31.0,-6.0,-31.0,-7.0,-31.0,-9.0,-29.0,-11.0,-28.0,-12.0
18.0,5.0,18.0,4.0,19.0,5.0,20.0,7.0,18.0,7.0,16.0,6.0,15.0,5.0,15.0,4.0,15.0,4.0,16.0,3.0,17.0,3.0,18.0,2.0,17.0,2.0,16.0,3.0,15.0,2.0,15.0,-1.0,14.0,-2.0,14.0,-2.0,13.0,-3.0,13.0,-4.0,14.0,-4.0,14.0,-5.0,13.0,-7.0,13.0,-9.0,14.0,-11.0,15.0,-12.0,14.0,-16.0,15.0,-18.0,15.0,-19.0,15.0,-19.0,15.0,-18.0,15.0,-20.0,15.0,-22.0,14.0,-22.0,14.0,-24.0,13.0,-26.0,14.0,-27.0,14.0,-26.0,14.0,-26.0,14.0,-29.0,15.0,-31.0,15.0,-34.0,16.0,-34.0,16.0,-33.0,16.0,-34.0,17.0,-35.0,18.0,-34.0,20.0,-34.0,22.0,-33.0,23.0,-32.0,24.0,-30.0,24.0,-29.0
-3.0,-14.0,-3.0,-14.0,-4.0,-14.0,-3.0,-15.0,-2.0,-14.0,-2.0,-13.0,-3.0,-13.0,-3.0,-13.0,-3.0,-12.0,-3.0,-13.0,-4.0,-13.0,-4.0,-13.0,-4.0,-13.0,-4.0,-12.0,-4.0,-12.0,-6.0,-11.0,-6.0,-10.0,-6.0,-9.0,-7.0,-8.0,-7.0,-8.0,-8.0,-9.0,-8.0,-8.0,-8.0,-8.0,-10.0,-7.0,-12.0,-7.0,-13.0,-8.0,-15.0,-6.0,-16.0,-6.0,-17.0,-6.0,-17.0,-5.0,-17.0,-5.0,-18.0,-5.0,-19.0,-4.0,-19.0,-4.0,-20.0,-3.0,-21.0,-3.0,-22.0,-4.0,-22.0,-4.0,-22.0,-4.0,-24.0,-3.0,-25.0,-3.0,-27.0,-2.0,-28.0,-3.0,-27.0,-3.0,-27.0,-3.0,-27.0,-3.0,-28.0,-4.0,-28.0,-5.0,-28.0,-6.0,-28.0,-8.0,-26.0,-10.0,-25.0,-10.0
5.0,12.0,5.0,12.0,6.0,12.0,5.0,13.0,4.0,12.0,4.0,11.0,4.0,11.0,4.0,11.0,4.0,10.0,5.0,11.0,5.0,11.0,6.0,11.0,6.0,11.0,6.0,10.0,6.0,10.0,7.0,9.0,7.0,7.0,7.0,6.0,8.0,5.0,8.0,6.0,9.0,6.0,9.0,5.0,9.0,4.0,10.0,4.0,12.0,4.0,14.0,4.0,16.0,1.0,17.0,1.0,17.0,1.0,17.0,0.0,17.0,0.0,17.0,-1.0,18.0,-2.0,18.0,-2.0,19.0,-3.0,21.0,-3.0,22.0,-3.0,21.0,-2.0,22.0,-3.0,23.0,-4.0,24.0,-4.0,26.0,-5.0,27.0,-5.0,27.0,-4.0,27.0,-4.0,27.0,-4.0,27.0,-4.0,28.0,-3.0,28.0,-2.0,28.0,0.0,27.0,2.0,26.0,3.0
-13.0,-1.0,-13.0,0.0,-14.0,0.0,-14.0,-1.0,-13.0,-2.0,-12.0,-1.0,-12.0,-1.0,-12.0,0.0,-12.0,0.0,-12.0,0.0,-13.0,0.0,-13.0,0.0,-13.0,1.0,-12.0,0.0,-11.0,0.0,-11.0,2.0,-10.0,2.0,-9.0,3.0,-9.0,3.0,-9.0,4.0,-9.0,4.0,-9.0,5.0,-8.0,5.0,-8.0,7.0,-9.0,8.0,-9.0,9.0,-8.0,11.0,-9.0,12.0,-9.0,13.0,-8.0,13.0,-8.0,13.0,-8.0,14.0,-8.0,15.0,-8.0,16.0,-7.0,17.0,-7.0,18.0,-8.0,18.0,-9.0,17.0,-9.0,18.0,-8.0,19.0,-8.0,21.0,-8.0,22.0,-9.0,23.0,-9.0,22.0,-9.0,22.0,-9.0,22.0,-10.0,22.0,-11.0,23.0,-13.0,23.0,-14.0,22.0,-14.0,20.0,-14.0,19.0
-16.0,-9.0,-16.0,-7.0,-17.0,-7.0,-17.0,-9.0,-16.0,-9.0,-15.0,-8.0,-15.0,-7.0,-15.0,-7.0,-15.0,-6.0,-15.0,-7.0,-16.0,-7.0,-16.0,-6.0,-16.0,-5.0,-14.0,-5.0,-14.0,-4.0,-14.0,-2.0,-14.0,-1.0,-13.0,-1.0,-12.0,0.0,-13.0,1.0,-13.0,1.0,-14.0,2.0,-13.0,3.0,-14.0,5.0,-15.0,7.0,-16.0,7.0,-15.0,11.0,-16.0,12.0,-17.0,14.0,-16.0,14.0,-16.0,13.0,-16.0,15.0,-17.0,16.0,-17.0,17.0,-17.0,18.0,-17.0,20.0,-18.0,20.0,-19.0,19.0,-19.0,19.0,-19.0,22.0,-19.0,23.0,-19.0,26.0,-21.0,27.0,-21.0,25.0,-20.0,25.0,-21.0,24.0,-22.0,25.0,-24.0,25.0,-26.0,24.0,-27.0,22.0,-27.0,20.0,-26.0,18.0
-8.0,-11.0,-9.0,-10.0,-9.0,-10.0,-9.0,-11.0,-8.0,-11.0,-8.0,-10.0,-8.0,-10.0,-8.0,-9.0,-8.0,-9.0,-8.0,-9.0,-9.0,-10.0,-9.0,-10.0,-9.0,-9.0,-8.0,-8.0,-8.0,-7.0,-9.0,-6.0,-9.0,-5.0,-9.0,-5.0,-9.0,-4.0,-9.0,-4.0,-10.0,-3.0,-10.0,-3.0,-10.0,-2.0,-11.0,-1.0,-13.0,0.0,-13.0,0.0,-14.0,3.0,-15.0,3.0,-16.0,4.0,-16.0,4.0,-16.0,4.0,-17.0,5.0,-17.0,6.0,-17.0,6.0,-18.0,7.0,-19.0,8.0,-20.0,7.0,-20.0,7.0,-20.0,7.0,-21.0,8.0,-21.0,9.0,-22.0,10.0,-23.0,11.0,-23.0,10.0,-23.0,9.0,-24.0,9.0,-24.0,9.0,-25.0,8.0,-25.0,8.0,-26.0,6.0,-25.0,4.0,-24.0,3.0
16.0,-1.0,16.0,-1.0,17.0,-2.0,17.0,-1.0,16.0,0.0,14.0,0.0,14.0,-1.0,14.0,-1.0,13.0,-1.0,14.0,-2.0,15.0,-2.0,15.0,-3.0,14.0,-4.0,13.0,-3.0,12.0,-3.0,12.0,-5.0,11.0,-6.0,9.0,-6.0,9.0,-7.0,9.0,-8.0,10.0,-9.0,9.0,-9.0,8.0,-10.0,7.0,-12.0,8.0,-14.0,8.0,-15.0,5.0,-18.0,6.0,-20.0,6.0,-21.0,5.0,-21.0,6.0,-20.0,5.0,-22.0,5.0,-23.0,5.0,-24.0,4.0,-25.0,3.0,-27.0,4.0,-27.0,5.0,-27.0,5.0,-28.0,4.0,-30.0,4.0,-31.0,3.0,-33.0,4.0,-34.0,5.0,-33.0,5.0,-33.0,5.0,-33.0,6.0,-33.0,7.0,-33.0,9.0,-33.0,10.0,-33.0,11.0,-31.0,12.0,-30.0
-1.0,11.0,-1.0,10.0,-1.0,11.0,-2.0,12.0,-2.0,11.0,-2.0,10.0,-1.0,10.0,0.0,9.0,0.0,9.0,0.0,9.0,0.0,10.0,0.0,10.0,1.0,9.0,0.0,9.0,1.0,8.0,2.0,8.0,3.0,7.0,3.0,6.0,3.0,6.0,4.0,6.0,4.0,6.0,5.0,6.0,5.0,5.0,7.0,5.0,8.0,5.0,9.0,6.0,11.0,4.0,12.0,5.0,13.0,4.0,13.0,4.0,13.0,4.0,14.0,3.0,15.0,3.0,15.0,3.0,16.0,3.0,17.0,3.0,18.0,3.0,17.0,4.0,17.0,4.0,18.0,3.0,19.0,3.0,21.0,3.0,21.0,3.0,21.0,4.0,21.0,4.0,21.0,4.0,21.0,4.0,21.0,5.0,21.0,6.0,20.0,7.0,19.0,8.0,19.0,8.0
9.0,7.0,9.0,6.0,10.0,6.0,10.0,8.0,9.0,7.0,8.0,7.0,8.0,6.0,8.0,6.0,8.0,6.0,8.0,6.0,9.0,6.0,9.0,5.0,9.0,4.0,8.0,4.0,8.0,3.0,9.0,2.0,8.0,1.0,8.0,1.0,8.0,0.0,8.0,-1.0,9.0,-1.0,9.0,-2.0,9.0,-3.0,9.0,-4.0,10.0,-5.0,11.0,-5.0,11.0,-8.0,12.0,-9.0,12.0,-10.0,12.0,-10.0,12.0,-10.0,12.0,-11.0,12.0,-12.0,12.0,-13.0,13.0,-14.0,13.0,-15.0,14.0,-15.0,14.0,-14.0,15.0,-14.0,15.0,-15.0,15.0,-16.0,16.0,-18.0,17.0,-18.0,17.0,-17.0,16.0,-17.0,17.0,-17.0,18.0,-17.0,18.0,-17.0,19.0,-16.0,20.0,-14.0,19.0,-13.0,19.0,-11.0
7.0,-10.0,7.0,-10.0,8.0,-11.0,9.0,-11.0,8.0,-10.0,7.0,-9.0,7.0,-10.0,6.0,-10.0,6.0,-9.0,6.0,-10.0,6.0,-10.0,5.0,-11.0,5.0,-11.0,5.0,-10.0,4.0,-10.0,2.0,-10.0,1.0,-10.0,1.0,-9.0,0.0,-9.0,0.0,-10.0,-1.0,-10.0,-2.0,-11.0,-3.0,-11.0,-4.0,-11.0,-5.0,-13.0,-6.0,-14.0,-9.0,-14.0,-10.0,-15.0,-11.0,-15.0,-11.0,-15.0,-11.0,-15.0,-12.0,-15.0,-13.0,-15.0,-13.0,-16.0,-14.0,-16.0,-16.0,-17.0,-16.0,-18.0,-15.0,-18.0,-15.0,-18.0,-17.0,-19.0,-18.0,-19.0,-19.0,-20.0,-20.0,-20.0,-19.0,-21.0,-18.0,-21.0,-18.0,-21.0,-18.0,-22.0,-17.0,-22.0,-16.0,-23.0,-15.0,-23.0,-13.0,-24.0,-12.0,-24.0
-12.0,10.0,-11.0,10.0,-12.0,11.0,-13.0,11.0,-13.0,9.0,-12.0,9.0,-11.0,9.0,-10.0,9.0,-10.0,9.0,-10.0,10.0,-10.0,10.0,-9.0,11.0,-9.0,11.0,-8.0,10.0,-7.0,10.0,-5.0,11.0,-4.0,11.0,-3.0,10.0,-2.0,11.0,-2.0,11.0,-1.0,12.0,0.0,13.0,1.0,13.0,3.0,13.0,3.0,16.0,4.0,17.0,9.0,18.0,9.0,19.0,10.0,20.0,10.0,20.0,10.0,19.0,11.0,20.0,13.0,21.0,13.0,21.0,15.0,22.0,16.0,23.0,16.0,24.0,14.0,24.0,15.0,25.0,17.0,26.0,19.0,27.0,20.0,28.0,21.0,29.0,20.0,29.0,19.0,28.0,19.0,29.0,18.0,30.0,17.0,31.0,15.0,32.0,14.0,32.0,11.0,31.0,10.0,30.0
-9.0,-5.0,-9.0,-4.0,-10.0,-4.0,-10.0,-5.0,-9.0,-5.0,-9.0,-4.0,-9.0,-4.0,-9.0,-3.0,-8.0,-3.0,-9.0,-3.0,-9.0,-3.0,-9.0,-3.0,-9.0,-2.0,-9.0,-2.0,-8.0,-1.0,-8.0,0.0,-8.0,1.0,-7.0,1.0,-7.0,2.0,-7.0,2.0,-7.0,3.0,-7.0,4.0,-7.0,5.0,-7.0,6.0,-8.0,7.0,-8.0,8.0,-8.0,10.0,-9.0,11.0,-8.0,12.0,-8.0,12.0,-8.0,12.0,-8.0,13.0,-8.0,14.0,-8.0,15.0,-8.0,16.0,-7.0,16.0,-8.0,17.0,-9.0,16.0,-9.0,17.0,-9.0,18.0,-9.0,19.0,-9.0,20.0,-9.0,21.0,-10.0,20.0,-9.0,20.0,-10.0,20.0,-10.0,20.0,-11.0,20.0,-12.0,20.0,-13.0,19.0,-13.0,17.0,-13.0,16.0
-1.0,8.0,-1.0,8.0,-1.0,9.0,-1.0,9.0,-2.0,9.0,-1.0,8.0,-1.0,8.0,0.0,7.0,0.0,7.0,0.0,8.0,0.0,8.0,1.0,8.0,1.0,7.0,1.0,7.0,1.0,6.0,3.0,6.0,3.0,5.0,3.0,5.0,4.0,4.0,4.0,4.0,5.0,4.0,5.0,4.0,5.0,4.0,7.0,3.0,9.0,4.0,10.0,4.0,12.0,1.0,12.0,2.0,13.0,2.0,13.0,2.0,13.0,2.0,14.0,2.0,15.0,1.0,15.0,1.0,16.0,1.0,17.0,0.0,18.0,1.0,17.0,2.0,17.0,1.0,19.0,1.0,20.0,1.0,21.0,0.0,21.0,0.0,21.0,0.0,21.0,0.0,21.0,1.0,22.0,1.0,21.0,2.0,21.0,3.0,21.0,4.0,20.0,4.0,19.0,5.0
7.0,10.0,8.0,10.0,8.0,10.0,8.0,11.0,6.0,11.0,6.0,10.0,7.0,9.0,7.0,8.0,6.0,8.0,7.0,8.0,8.0,8.0,8.0,8.0,8.0,7.0,7.0,7.0,7.0,6.0,8.0,4.0,9.0,3.0,9.0,2.0,9.0,1.0,9.0,1.0,10.0,0.0,11.0,0.0,11.0,-1.0,12.0,-3.0,14.0,-4.0,15.0,-4.0,16.0,-7.0,17.0,-8.0,18.0,-9.0,18.0,-9.0,18.0,-9.0,18.0,-10.0,19.0,-11.0,19.0,-11.0,20.0,-12.0,20.0,-14.0,21.0,-14.0,22.0,-13.0,22.0,-13.0,23.0,-15.0,24.0,-16.0,25.0,-17.0,26.0,-17.0,26.0,-16.0,25.0,-16.0,26.0,-16.0,26.0,-16.0,27.0,-15.0,28.0,-14.0,28.0,-13.0,28.0,-10.0,27.0,-9.0
3.0,-14.0,2.0,-15.0,2.0,-15.0,4.0,-16.0,4.0,-15.0,3.0,-14.0,2.0,-13.0,2.0,-13.0,2.0,-13.0,1.0,-13.0,1.0,-13.0,0.0,-14.0,0.0,-13.0,0.0,-12.0,-1.0,-12.0,-3.0,-11.0,-4.0,-11.0,-5.0,-9.0,-5.0,-9.0,-6.0,-9.0,-7.0,-10.0,-8.0,-10.0,-8.0,-9.0,-10.0,-9.0,-13.0,-10.0,-14.0,-11.0,-17.0,-9.0,-18.0,-9.0,-20.0,-9.0,-20.0,-9.0,-19.0,-9.0,-21.0,-9.0,-22.0,-8.0,-22.0,-8.0,-24.0,-8.0,-25.0,-8.0,-26.0,-9.0,-25.0,-10.0,-25.0,-9.0,-27.0,-9.0,-29.0,-9.0,-32.0,-8.0,-33.0,-9.0,-32.0,-9.0,-31.0,-9.0,-31.0,-10.0,-32.0,-11.0,-32.0,-11.0,-31.0,-13.0,-31.0,-14.0,-29.0,-15.0,-28.0,-15.0
2.0,13.0,3.0,12.0,3.0,13.0,2.0,14.0,1.0,13.0,2.0,12.0,2.0,11.0,3.0,11.0,3.0,11.0,3.0,11.0,3.0,11.0,4.0,11.0,4.0,10.0,3.0,9.0,4.0,8.0,5.0,8.0,6.0,7.0,6.0,6.0,7.0,5.0,7.0,5.0,8.0,5.0,9.0,5.0,9.0,4.0,11.0,3.0,13.0,3.0,13.0,3.0,16.0,1.0,17.0,1.0,18.0,0.0,18.0,0.0,18.0,1.0,19.0,0.0,19.0,-1.0,20.0,-1.0,21.0,-1.0,23.0,-2.0,23.0,-1.0,23.0,0.0,23.0,-1.0,24.0,-2.0,26.0,-2.0,27.0,-3.0,28.0,-3.0,28.0,-2.0,27.0,-2.0,27.0,-1.0,28.0,-1.0,28.0,-1.0,29.0,1.0,28.0,2.0,26.0,4.0,26.0,5.0
-12.0,4.0,-11.0,5.0,-12.0,5.0,-13.0,4.0,-12.0,3.0,-11.0,3.0,-10.0,3.0,-9.0,4.0,-9.0,4.0,-9.0,4.0,-10.0,5.0,-10.0,5.0,-9.0,5.0,-8.0,5.0,-8.0,5.0,-6.0,6.0,-5.0,6.0,-5.0,6.0,-4.0,7.0,-4.0,7.0,-4.0,8.0,-4.0,8.0,-3.0,9.0,-2.0,10.0,-2.0,11.0,-2.0,13.0,1.0,14.0,0.0,15.0,1.0,16.0,1.0,16.0,0.0,16.0,1.0,16.0,2.0,17.0,2.0,18.0,3.0,18.0,4.0,19.0,4.0,20.0,2.0,20.0,2.0,20.0,3.0,21.0,4.0,22.0,5.0,23.0,5.0,24.0,4.0,24.0,4.0,23.0,4.0,24.0,3.0,24.0,3.0,24.0,2.0,24.0,1.0,24.0,0.0,24.0,-1.0,23.0
12.0,0.0,12.0,0.0,12.0,-1.0,12.0,0.0,11.0,1.0,10.0,1.0,10.0,0.0,9.0,0.0,9.0,-1.0,9.0,-1.0,10.0,-1.0,10.0,-2.0,9.0,-2.0,9.0,-2.0,8.0,-3.0,7.0,-4.0,7.0,-4.0,6.0,-5.0,6.0,-5.0,6.0,-6.0,6.0,-7.0,6.0,-8.0,5.0,-8.0,5.0,-10.0,6.0,-11.0,6.0,-12.0,5.0,-14.0,6.0,-15.0,6.0,-16.0,5.0,-16.0,5.0,-16.0,5.0,-17.0,5.0,-18.0,5.0,-18.0,5.0,-19.0,4.0,-20.0,5.0,-20.0,6.0,-20.0,6.0,-21.0,6.0,-22.0,6.0,-23.0,5.0,-24.0,5.0,-24.0,6.0,-23.0,6.0,-23.0,6.0,-23.0,6.0,-24.0,7.0,-24.0,8.0,-24.0,9.0,-23.0,10.0,-21.0,10.0,-20.0
5.0,-14.0,5.0,-15.0,5.0,-15.0,7.0,-15.0,6.0,-14.0,5.0,-13.0,4.0,-13.0,3.0,-12.0,3.0,-12.0,3.0,-12.0,3.0,-13.0,2.0,-13.0,1.0,-13.0,1.0,-12.0,0.0,-11.0,-2.0,-12.0,-3.0,-11.0,-3.0,-10.0,-4.0,-10.0,-5.0,-10.0,-5.0,-11.0,-6.0,-12.0,-7.0,-11.0,-9.0,-11.0,-10.0,-13.0,-12.0,-14.0,-15.0,-13.0,-16.0,-15.0,-17.0,-15.0,-16.0,-15.0,-16.0,-15.0,-17.0,-15.0,-18.0,-15.0,-19.0,-15.0,-20.0,-15.0,-21.0,-15.0,-21.0,-17.0,-20.0,-17.0,-20.0,-17.0,-22.0,-18.0,-23.0,-18.0,-25.0,-18.0,-26.0,-19.0,-25.0,-19.0,-25.0,-19.0,-24.0,-19.0,-24.0,-20.0,-24.0,-20.0,-23.0,-22.0,-22.0,-23.0,-20.0,-23.0,-19.0,-23.0
-7.0,12.0,-7.0,13.0,-7.0,13.0,-8.0,13.0,-8.0,12.0,-7.0,11.0,-6.0,11.0,-5.0,10.0,-5.0,10.0,-4.0,10.0,-4.0,11.0,-3.0,11.0,-3.0,11.0,-3.0,10.0,-2.0,10.0,0.0,10.0,1.0,10.0,1.0,9.0,2.0,9.0,2.0,10.0,3.0,11.0,4.0,11.0,5.0,10.0,7.0,11.0,8.0,13.0,8.0,14.0,12.0,14.0,12.0,15.0,13.0,15.0,13.0,15.0,13.0,15.0,13.0,15.0,14.0,15.0,15.0,16.0,16.0,16.0,17.0,16.0,17.0,17.0,16.0,18.0,16.0,18.0,17.0,18.0,19.0,19.0,21.0,19.0,21.0,20.0,20.0,20.0,19.0,19.0,19.0,20.0,19.0,21.0,18.0,21.0,17.0,22.0,16.0,22.0,14.0,22.0,13.0,22.0
-4.0,11.0,-4.0,11.0,-4.0,11.0,-5.0,11.0,-5.0,10.0,-4.0,9.0,-3.0,9.0,-2.0,9.0,-2.0,9.0,-2.0,9.0,-2.0,9.0,-1.0,10.0,-1.0,9.0,-1.0,9.0,0.0,8.0,2.0,8.0,2.0,7.0,2.0,7.0,3.0,7.0,4.0,7.0,4.0,8.0,5.0,8.0,5.0,7.0,7.0,7.0,8.0,9.0,9.0,9.0,11.0,8.0,12.0,9.0,13.0,10.0,13.0,9.0,12.0,9.0,13.0,9.0,14.0,9.0,14.0,9.0,15.0,9.0,17.0,9.0,16.0,10.0,15.0,11.0,15.0,10.0,16.0,11.0,18.0,11.0,19.0,11.0,20.0,11.0,19.0,11.0,19.0,11.0,19.0,12.0,19.0,12.0,18.0,12.0,17.0,13.0,17.0,14.0,15.0,14.0,15.0,14.0
-4.0,14.0,-3.0,14.0,-3.0,15.0,-4.0,15.0,-5.0,14.0,-4.0,13.0,-2.0,12.0,-1.0,12.0,-1.0,12.0,-1.0,12.0,-1.0,12.0,0.0,13.0,1.0,12.0,0.0,11.0,1.0,11.0,3.0,11.0,4.0,10.0,4.0,9.0,5.0,9.0,5.0,9.0,6.0,10.0,7.0,10.0,7.0,10.0,9.0,10.0,11.0,11.0,12.0,12.0,15.0,11.0,15.0,12.0,16.0,12.0,16.0,12.0,15.0,12.0,16.0,12.0,18.0,11.0,18.0,12.0,19.0,12.0,20.0,12.0,20.0,13.0,19.0,14.0,19.0,14.0,20.0,14.0,22.0,14.0,23.0,15.0,24.0,15.0,23.0,15.0,22.0,15.0,22.0,15.0,22.0,16.0,21.0,17.0,21.0,18.0,19.0,19.0,18.0,19.0,17.0,19.0
16.0,1.0,16.0,0.0,16.0,-1.0,16.0,0.0,15.0,1.0,14.0,1.0,13.0,0.0,13.0,-1.0,13.0,-1.0,13.0,-2.0,14.0,-2.0,14.0,-3.0,13.0,-4.0,13.0,-4.0,12.0,-4.0,11.0,-6.0,10.0,-7.0,10.0,-7.0,9.0,-8.0,10.0,-8.0,10.0,-9.0,10.0,-10.0,9.0,-10.0,9.0,-12.0,10.0,-14.0,11.0,-15.0,10.0,-18.0,11.0,-19.0,11.0,-21.0,10.0,-20.0,10.0,-19.0,10.0,-20.0,10.0,-21.0,10.0,-21.0,10.0,-22.0,10.0,-24.0,11.0,-24.0,12.0,-23.0,12.0,-23.0,12.0,-25.0,11.0,-26.0,11.0,-28.0,12.0,-29.0,12.0,-28.0,12.0,-27.0,13.0,-26.0,14.0,-27.0,15.0,-27.0,16.0,-26.0,17.0,-25.0,18.0,-22.0,18.0,-21.0
-14.0,-5.0,-14.0,-4.0,-15.0,-4.0,-15.0,-5.0,-14.0,-5.0,-13.0,-4.0,-13.0,-3.0,-12.0,-3.0,-12.0,-2.0,-13.0,-2.0,-13.0,-2.0,-14.0,-1.0,-14.0,-1.0,-13.0,-1.0,-12.0,0.0,-12.0,2.0,-12.0,3.0,-11.0,3.0,-11.0,4.0,-11.0,4.0,-12.0,5.0,-12.0,5.0,-12.0,6.0,-12.0,8.0,-13.0,9.0,-14.0,10.0,-13.0,13.0,-14.0,13.0,-15.0,14.0,-14.0,14.0,-14.0,13.0,-14.0,14.0,-14.0,15.0,-14.0,16.0,-14.0,17.0,-15.0,18.0,-15.0,17.0,-16.0,16.0,-16.0,17.0,-16.0,18.0,-16.0,19.0,-17.0,20.0,-17.0,21.0,-17.0,20.0,-17.0,19.0,-18.0,19.0,-18.0,19.0,-19.0,19.0,-20.0,18.0,-21.0,16.0,-21.0,14.0,-20.0,13.0
-5.0,-13.0,-6.0,-12.0,-7.0,-13.0,-6.0,-13.0,-5.0,-13.0,-6.0,-12.0,-7.0,-11.0,-7.0,-10.0,-7.0,-10.0,-7.0,-10.0,-8.0,-11.0,-9.0,-10.0,-8.0,-10.0,-8.0,-9.0,-8.0,-8.0,-10.0,-7.0,-10.0,-6.0,-10.0,-6.0,-10.0,-5.0,-11.0,-5.0,-11.0,-6.0,-12.0,-5.0,-12.0,-4.0,-13.0,-3.0,-15.0,-4.0,-16.0,-4.0,-17.0,-2.0,-18.0,-2.0,-19.0,-1.0,-19.0,-1.0,-19.0,-2.0,-19.0,-1.0,-20.0,0.0,-20.0,0.0,-21.0,0.0,-22.0,1.0,-22.0,0.0,-22.0,-1.0,-22.0,-1.0,-23.0,0.0,-24.0,0.0,-25.0,1.0,-26.0,1.0,-25.0,0.0,-25.0,0.0,-25.0,-1.0,-25.0,-1.0,-25.0,-2.0,-25.0,-3.0,-24.0,-5.0,-23.0,-6.0,-22.0,-6.0
-13.0,2.0,-13.0,3.0,-14.0,4.0,-15.0,3.0,-14.0,3.0,-13.0,3.0,-12.0,3.0,-12.0,4.0,-12.0,4.0,-12.0,5.0,-12.0,5.0,-12.0,6.0,-12.0,7.0,-11.0,6.0,-11.0,6.0,-10.0,8.0,-9.0,8.0,-8.0,8.0,-7.0,8.0,-8.0,9.0,-9.0,9.0,-8.0,10.0,-7.0,11.0,-7.0,12.0,-7.0,14.0,-7.0,15.0,-6.0,17.0,-7.0,17.0,-7.0,18.0,-7.0,18.0,-7.0,17.0,-6.0,18.0,-6.0,19.0,-6.0,19.0,-5.0,20.0,-5.0,21.0,-6.0,21.0,-7.0,20.0,-7.0,21.0,-7.0,22.0,-6.0,23.0,-6.0,24.0,-7.0,24.0,-7.0,24.0,-7.0,23.0,-8.0,23.0,-9.0,23.0,-10.0,23.0,-11.0,23.0,-12.0,22.0,-12.0,20.0,-12.0,19.0
-13.0,7.0,-12.0,8.0,-13.0,9.0,-14.0,8.0,-13.0,7.0,-12.0,7.0,-11.0,8.0,-10.0,8.0,-10.0,8.0,-10.0,9.0,-11.0,10.0,-10.0,10.0,-10.0,10.0,-9.0,10.0,-8.0,10.0,-7.0,11.0,-6.0,11.0,-5.0,11.0,-5.0,11.0,-5.0,11.0,-5.0,12.0,-5.0,13.0,-3.0,13.0,-3.0,14.0,-3.0,16.0,-2.0,17.0,0.0,18.0,-1.0,19.0,0.0,20.0,0.0,20.0,0.0,19.0,0.0,20.0,1.0,20.0,1.0,20.0,2.0,21.0,2.0,22.0,2.0,23.0,0.0,22.0,0.0,22.0,1.0,23.0,2.0,24.0,2.0,25.0,2.0,26.0,1.0,26.0,1.0,25.0,1.0,25.0,0.0,25.0,-1.0,25.0,-3.0,25.0,-4.0,25.0,-5.0,23.0,-6.0,22.0
5.0,-14.0,4.0,-15.0,4.0,-16.0,6.0,-16.0,5.0,-15.0,4.0,-14.0,3.0,-14.0,2.0,-14.0,2.0,-13.0,2.0,-14.0,2.0,-15.0,1.0,-16.0,1.0,-15.0,1.0,-14.0,0.0,-14.0,-2.0,-14.0,-3.0,-14.0,-3.0,-13.0,-4.0,-13.0,-4.0,-13.0,-4.0,-14.0,-5.0,-14.0,-6.0,-14.0,-7.0,-14.0,-8.0,-16.0,-9.0,-17.0,-12.0,-16.0,-12.0,-17.0,-13.0,-18.0,-13.0,-17.0,-12.0,-17.0,-13.0,-17.0,-14.0,-17.0,-14.0,-17.0,-15.0,-17.0,-16.0,-18.0,-16.0,-19.0,-14.0,-19.0,-14.0,-19.0,-16.0,-19.0,-17.0,-20.0,-19.0,-20.0,-19.0,-21.0,-18.0,-21.0,-17.0,-20.0,-17.0,-21.0,-16.0,-21.0,-16.0,-22.0,-14.0,-23.0,-13.0,-23.0,-11.0,-23.0,-10.0,-22.0
-3.0,-16.0,-4.0,-16.0,-4.0,-16.0,-3.0,-17.0,-3.0,-16.0,-3.0,-15.0,-4.0,-14.0,-5.0,-14.0,-5.0,-14.0,-5.0,-14.0,-6.0,-15.0,-7.0,-15.0,-7.0,-14.0,-6.0,-13.0,-7.0,-12.0,-9.0,-12.0,-10.0,-11.0,-9.0,-10.0,-10.0,-9.0,-10.0,-10.0,-10.0,-10.0,-11.0,-10.0,-11.0,-9.0,-13.0,-9.0,-15.0,-9.0,-17.0,-10.0,-19.0,-8.0,-19.0,-9.0,-20.0,-9.0,-20.0,-8.0,-19.0,-8.0,-20.0,-8.0,-21.0,-7.0,-21.0,-7.0,-22.0,-7.0,-23.0,-7.0,-23.0,-9.0,-22.0,-9.0,-22.0,-9.0,-24.0,-9.0,-25.0,-9.0,-26.0,-8.0,-27.0,-9.0,-26.0,-9.0,-25.0,-9.0,-25.0,-10.0,-25.0,-10.0,-25.0,-11.0,-24.0,-13.0,-22.0,-14.0,-21.0,-15.0,-19.0,-15.0
-10.0,-13.0,-10.0,-13.0,-11.0,-13.0,-11.0,-14.0,-10.0,-13.0,-10.0,-12.0,-10.0,-12.0,-10.0,-11.0,-10.0,-11.0,-11.0,-11.0,-12.0,-11.0,-13.0,-11.0,-12.0,-10.0,-12.0,-9.0,-12.0,-9.0,-13.0,-8.0,-13.0,-6.0,-13.0,-6.0,-13.0,-5.0,-13.0,-5.0,-14.0,-5.0,-15.0,-5.0,-15.0,-4.0,-16.0,-3.0,-18.0,-3.0,-19.0,-3.0,-21.0,0.0,-22.0,-1.0,-23.0,-1.0,-22.0,-1.0,-21.0,-1.0,-22.0,0.0,-22.0,0.0,-23.0,0.0,-24.0,1.0,-24.0,1.0,-25.0,1.0,-24.0,-1.0,-24.0,-1.0,-26.0,0.0,-27.0,0.0,-27.0,1.0,-28.0,0.0,-27.0,-1.0,-27.0,-1.0,-27.0,-2.0,-27.0,-2.0,-27.0,-3.0,-26.0,-4.0,-26.0,-5.0,-24.0,-7.0,-23.0,-7.0
-11.0,-10.0,-12.0,-10.0,-13.0,-10.0,-12.0,-11.0,-11.0,-10.0,-11.0,-10.0,-11.0,-9.0,-11.0,-8.0,-11.0,-7.0,-12.0,-8.0,-13.0,-8.0,-13.0,-8.0,-13.0,-7.0,-12.0,-7.0,-12.0,-6.0,-13.0,-4.0,-13.0,-4.0,-12.0,-3.0,-12.0,-2.0,-13.0,-2.0,-13.0,-2.0,-14.0,-2.0,-14.0,-1.0,-15.0,1.0,-17.0,1.0,-18.0,1.0,-18.0,3.0,-20.0,3.0,-20.0,3.0,-20.0,3.0,-19.0,3.0,-20.0,4.0,-20.0,5.0,-20.0,5.0,-21.0,5.0,-22.0,5.0,-22.0,4.0,-22.0,3.0,-22.0,3.0,-23.0,4.0,-23.0,4.0,-24.0,5.0,-25.0,5.0,-24.0,4.0,-24.0,4.0,-24.0,3.0,-24.0,3.0,-24.0,2.0,-24.0,1.0,-24.0,-1.0,-22.0,-2.0,-21.0,-3.0
15.0,3.0,15.0,2.0,16.0,1.0,17.0,2.0,15.0,3.0,14.0,2.0,14.0,1.0,14.0,0.0,14.0,0.0,14.0,0.0,15.0,0.0,16.0,-1.0,15.0,-2.0,14.0,-2.0,14.0,-2.0,14.0,-4.0,13.0,-5.0,12.0,-5.0,12.0,-6.0,12.0,-6.0,13.0,-6.0,13.0,-7.0,13.0,-8.0,13.0,-10.0,15.0,-11.0,15.0,-12.0,15.0,-15.0,16.0,-15.0,17.0,-15.0,16.0,-15.0,16.0,-14.0,16.0,-15.0,16.0,-16.0,17.0,-16.0,17.0,-17.0,17.0,-17.0,18.0,-17.0,18.0,-16.0,19.0,-16.0,19.0,-17.0,19.0,-17.0,20.0,-19.0,20.0,-19.0,20.0,-17.0,19.0,-17.0,20.0,-16.0,20.0,-16.0,21.0,-15.0,22.0,-14.0,22.0,-13.0,21.0,-11.0,20.0,-9.0
13.0,0.0,13.0,-1.0,13.0,-1.0,14.0,0.0,13.0,0.0,11.0,0.0,11.0,-1.0,11.0,-2.0,11.0,-2.0,11.0,-2.0,12.0,-3.0,12.0,-3.0,12.0,-4.0,11.0,-4.0,11.0,-4.0,10.0,-6.0,9.0,-6.0,9.0,-6.0,8.0,-7.0,9.0,-7.0,9.0,-7.0,9.0,-8.0,9.0,-8.0,9.0,-10.0,10.0,-12.0,10.0,-12.0,9.0,-14.0,10.0,-15.0,11.0,-16.0,10.0,-15.0,10.0,-14.0,10.0,-15.0,10.0,-16.0,11.0,-16.0,11.0,-17.0,11.0,-17.0,12.0,-17.0,12.0,-16.0,12.0,-16.0,12.0,-17.0,12.0,-18.0,12.0,-18.0,13.0,-18.0,13.0,-17.0,13.0,-17.0,13.0,-16.0,13.0,-16.0,14.0,-16.0,15.0,-15.0,15.0,-14.0,15.0,-12.0,14.0,-11.0
10.0,10.0,11.0,9.0,11.0,9.0,11.0,10.0,10.0,10.0,9.0,9.0,10.0,8.0,10.0,7.0,10.0,6.0,10.0,6.0,11.0,7.0,12.0,6.0,12.0,5.0,11.0,5.0,11.0,5.0,12.0,3.0,12.0,2.0,12.0,1.0,12.0,1.0,12.0,1.0,13.0,1.0,13.0,0.0,13.0,-1.0,14.0,-2.0,16.0,-3.0,17.0,-3.0,18.0,-5.0,19.0,-5.0,20.0,-5.0,19.0,-5.0,19.0,-4.0,19.0,-5.0,20.0,-6.0,20.0,-6.0,21.0,-6.0,21.0,-7.0,22.0,-6.0,21.0,-4.0,21.0,-4.0,22.0,-5.0,23.0,-5.0,23.0,-6.0,24.0,-6.0,23.0,-5.0,22.0,-5.0,22.0,-4.0,22.0,-3.0,22.0,-3.0,22.0,-2.0,22.0,-1.0,20.0,0.0,19.0,1.0
-14.0,-5.0,-14.0,-4.0,-15.0,-4.0,-15.0,-5.0,-14.0,-5.0,-13.0,-4.0,-13.0,-4.0,-13.0,-3.0,-13.0,-2.0,-13.0,-2.0,-14.0,-2.0,-15.0,-1.0,-14.0,0.0,-13.0,0.0,-13.0,0.0,-13.0,2.0,-12.0,3.0,-12.0,3.0,-11.0,4.0,-12.0,4.0,-13.0,5.0,-13.0,5.0,-12.0,6.0,-12.0,7.0,-14.0,9.0,-15.0,9.0,-15.0,12.0,-16.0,12.0,-16.0,13.0,-16.0,12.0,-16.0,12.0,-16.0,13.0,-16.0,14.0,-16.0,14.0,-16.0,14.0,-16.0,14.0,-18.0,14.0,-18.0,13.0,-18.0,13.0,-18.0,14.0,-18.0,14.0,-19.0,15.0,-19.0,15.0,-19.0,14.0,-19.0,13.0,-19.0,13.0,-19.0,13.0,-19.0,12.0,-19.0,11.0,-20.0,10.0,-19.0,8.0,-19.0,7.0
-14.0,0.0,-13.0,1.0,-14.0,2.0,-14.0,1.0,-13.0,0.0,-12.0,1.0,-12.0,2.0,-11.0,2.0,-11.0,3.0,-11.0,3.0,-12.0,3.0,-12.0,4.0,-11.0,4.0,-11.0,4.0,-10.0,5.0,-10.0,6.0,-9.0,6.0,-8.0,6.0,-8.0,7.0,-8.0,7.0,-9.0,8.0,-9.0,9.0,-8.0,9.0,-7.0,10.0,-8.0,12.0,-9.0,12.0,-7.0,14.0,-8.0,15.0,-9.0,16.0,-8.0,15.0,-9.0,15.0,-8.0,15.0,-8.0,16.0,-8.0,16.0,-8.0,17.0,-8.0,17.0,-9.0,17.0,-10.0,16.0,-10.0,16.0,-10.0,17.0,-10.0,18.0,-10.0,19.0,-10.0,19.0,-10.0,18.0,-10.0,17.0,-10.0,17.0,-11.0,17.0,-11.0,16.0,-12.0,16.0,-13.0,15.0,-13.0,13.0,-12.0,12.0
2.0,11.0,2.0,11.0,2.0,11.0,2.0,11.0,1.0,11.0,2.0,9.0,2.0,9.0,3.0,9.0,3.0,8.0,3.0,9.0,3.0,9.0,4.0,9.0,4.0,8.0,4.0,8.0,4.0,7.0,6.0,7.0,6.0,6.0,6.0,5.0,6.0,5.0,6.0,5.0,7.0,6.0,8.0,6.0,8.0,5.0,9.0,4.0,10.0,5.0,11.0,5.0,13.0,4.0,13.0,4.0,14.0,5.0,13.0,5.0,13.0,5.0,13.0,4.0,14.0,4.0,14.0,4.0,15.0,4.0,16.0,4.0,16.0,5.0,14.0,6.0,14.0,6.0,15.0,6.0,16.0,6.0,17.0,5.0,17.0,6.0,16.0,6.0,16.0,6.0,16.0,6.0,15.0,7.0,15.0,7.0,14.0,8.0,13.0,9.0,12.0,9.0,12.0,9.0
9.0,-13.0,8.0,-14.0,8.0,-15.0,9.0,-14.0,8.0,-13.0,7.0,-12.0,6.0,-12.0,5.0,-12.0,5.0,-12.0,5.0,-12.0,5.0,-13.0,4.0,-14.0,3.0,-13.0,3.0,-13.0,3.0,-12.0,1.0,-13.0,-1.0,-13.0,-1.0,-12.0,-2.0,-12.0,-1.0,-13.0,-1.0,-14.0,-2.0,-14.0,-3.0,-14.0,-4.0,-14.0,-5.0,-16.0,-5.0,-17.0,-8.0,-17.0,-7.0,-19.0,-8.0,-19.0,-8.0,-18.0,-7.0,-18.0,-7.0,-19.0,-8.0,-19.0,-8.0,-19.0,-9.0,-20.0,-10.0,-20.0,-9.0,-21.0,-8.0,-21.0,-7.0,-21.0,-8.0,-22.0,-9.0,-22.0,-10.0,-23.0,-9.0,-23.0,-8.0,-23.0,-8.0,-23.0,-7.0,-22.0,-7.0,-23.0,-6.0,-23.0,-4.0,-23.0,-3.0,-23.0,-2.0,-22.0,-2.0,-21.0
11.0,9.0,11.0,8.0,12.0,7.0,12.0,8.0,10.0,7.0,9.0,7.0,9.0,6.0,9.0,5.0,9.0,5.0,10.0,4.0,10.0,4.0,11.0,4.0,10.0,3.0,10.0,2.0,9.0,2.0,10.0,0.0,10.0,0.0,9.0,-1.0,9.0,-1.0,10.0,-2.0,10.0,-2.0,11.0,-2.0,10.0,-3.0,11.0,-4.0,13.0,-5.0,14.0,-5.0,14.0,-7.0,15.0,-7.0,15.0,-7.0,15.0,-7.0,14.0,-7.0,15.0,-7.0,15.0,-8.0,15.0,-8.0,16.0,-8.0,16.0,-8.0,17.0,-8.0,17.0,-7.0,17.0,-7.0,18.0,-8.0,18.0,-8.0,18.0,-8.0,19.0,-8.0,19.0,-7.0,19.0,-7.0,18.0,-7.0,19.0,-6.0,19.0,-6.0,19.0,-5.0,19.0,-3.0,18.0,-2.0,17.0,-1.0
-13.0,1.0,-13.0,2.0,-13.0,3.0,-13.0,2.0,-12.0,1.0,-11.0,2.0,-10.0,2.0,-10.0,2.0,-9.0,3.0,-9.0,3.0,-9.0,4.0,-9.0,4.0,-9.0,5.0,-8.0,4.0,-8.0,5.0,-7.0,6.0,-6.0,6.0,-6.0,6.0,-6.0,6.0,-6.0,7.0,-6.0,7.0,-6.0,8.0,-5.0,8.0,-5.0,9.0,-5.0,11.0,-5.0,11.0,-4.0,12.0,-5.0,13.0,-6.0,14.0,-5.0,13.0,-5.0,13.0,-6.0,13.0,-6.0,14.0,-5.0,14.0,-5.0,14.0,-4.0,15.0,-5.0,15.0,-6.0,14.0,-7.0,14.0,-7.0,15.0,-6.0,15.0,-6.0,16.0,-7.0,16.0,-7.0,16.0,-7.0,15.0,-7.0,15.0,-8.0,15.0,-9.0,14.0,-10.0,14.0,-10.0,13.0,-10.0,12.0,-10.0,11.0
-13.0,4.0,-13.0,5.0,-13.0,5.0,-13.0,5.0,-12.0,4.0,-11.0,4.0,-10.0,4.0,-9.0,4.0,-9.0,5.0,-9.0,5.0,-9.0,6.0,-9.0,6.0,-8.0,7.0,-8.0,6.0,-7.0,6.0,-6.0,7.0,-5.0,7.0,-4.0,7.0,-4.0,8.0,-5.0,8.0,-5.0,9.0,-4.0,9.0,-3.0,9.0,-3.0,10.0,-3.0,12.0,-3.0,13.0,-2.0,14.0,-3.0,15.0,-3.0,15.0,-2.0,15.0,-3.0,15.0,-3.0,15.0,-3.0,15.0,-3.0,15.0,-2.0,16.0,-2.0,16.0,-3.0,17.0,-4.0,16.0,-4.0,16.0,-4.0,17.0,-3.0,17.0,-3.0,18.0,-4.0,19.0,-4.0,18.0,-4.0,17.0,-5.0,17.0,-6.0,17.0,-7.0,16.0,-7.0,16.0,-8.0,16.0,-8.0,14.0,-8.0,13.0
1.0,11.0,2.0,11.0,2.0,11.0,1.0,11.0,1.0,10.0,1.0,9.0,2.0,8.0,3.0,8.0,3.0,7.0,3.0,7.0,4.0,7.0,4.0,7.0,4.0,6.0,4.0,6.0,5.0,6.0,6.0,5.0,6.0,5.0,6.0,4.0,6.0,4.0,7.0,4.0,7.0,4.0,8.0,4.0,8.0,3.0,9.0,3.0,10.0,3.0,11.0,3.0,12.0,2.0,12.0,3.0,13.0,3.0,13.0,3.0,12.0,3.0,13.0,2.0,13.0,2.0,13.0,2.0,14.0,2.0,14.0,2.0,14.0,3.0,13.0,3.0,13.0,3.0,14.0,3.0,15.0,3.0,15.0,3.0,16.0,4.0,15.0,4.0,14.0,4.0,14.0,4.0,14.0,5.0,13.0,5.0,13.0,5.0,12.0,6.0,11.0,6.0,11.0,7.0
-8.0,8.0,-7.0,8.0,-6.0,9.0,-7.0,8.0,-6.0,8.0,-5.0,7.0,-4.0,7.0,-4.0,7.0,-3.0,7.0,-3.0,7.0,-3.0,8.0,-2.0,8.0,-2.0,8.0,-2.0,7.0,-2.0,7.0,0.0,8.0,1.0,8.0,1.0,7.0,1.0,7.0,1.0,7.0,1.0,8.0,1.0,8.0,2.0,8.0,3.0,9.0,3.0,10.0,4.0,10.0,5.0,11.0,5.0,11.0,5.0,12.0,5.0,12.0,4.0,11.0,4.0,11.0,5.0,11.0,5.0,12.0,6.0,12.0,6.0,13.0,5.0,13.0,4.0,13.0,4.0,12.0,4.0,13.0,5.0,13.0,5.0,14.0,5.0,14.0,5.0,14.0,5.0,14.0,4.0,13.0,3.0,13.0,2.0,13.0,1.0,13.0,1.0,13.0,0.0,12.0,0.0,12.0
-11.0,2.0,-10.0,2.0,-10.0,3.0,-10.0,3.0,-10.0,2.0,-8.0,2.0,-8.0,3.0,-7.0,3.0,-7.0,4.0,-7.0,4.0,-7.0,5.0,-7.0,5.0,-6.0,6.0,-6.0,5.0,-6.0,6.0,-5.0,7.0,-4.0,7.0,-4.0,7.0,-4.0,7.0,-4.0,8.0,-4.0,8.0,-4.0,9.0,-4.0,9.0,-3.0,10.0,-4.0,11.0,-4.0,11.0,-2.0,12.0,-3.0,13.0,-4.0,13.0,-3.0,13.0,-4.0,12.0,-4.0,13.0,-3.0,13.0,-3.0,13.0,-3.0,13.0,-3.0,14.0,-4.0,14.0,-5.0,13.0,-5.0,13.0,-5.0,14.0,-4.0,14.0,-4.0,14.0,-5.0,14.0,-5.0,14.0,-5.0,13.0,-6.0,13.0,-6.0,12.0,-7.0,12.0,-7.0,12.0,-7.0,11.0,-7.0,10.0,-7.0,9.0
8.0,0.0,8.0,-1.0,8.0,-2.0,8.0,-1.0,7.0,-1.0,6.0,-2.0,5.0,-2.0,5.0,-3.0,5.0,-3.0,5.0,-3.0,5.0,-4.0,5.0,-4.0,5.0,-5.0,5.0,-5.0,4.0,-5.0,3.0,-6.0,3.0,-6.0,3.0,-6.0,3.0,-7.0,3.0,-7.0,3.0,-8.0,3.0,-8.0,3.0,-8.0,3.0,-9.0,3.0,-10.0,3.0,-10.0,3.0,-11.0,3.0,-12.0,4.0,-12.0,4.0,-11.0,3.0,-11.0,3.0,-11.0,3.0,-12.0,3.0,-12.0,3.0,-12.0,3.0,-12.0,4.0,-12.0,4.0,-12.0,4.0,-12.0,4.0,-12.0,4.0,-12.0,4.0,-12.0,4.0,-13.0,4.0,-12.0,5.0,-11.0,5.0,-11.0,5.0,-11.0,6.0,-11.0,6.0,-11.0,6.0,-10.0,6.0,-8.0,6.0,-8.0
9.0,-4.0,8.0,-5.0,8.0,-5.0,8.0,-5.0,7.0,-4.0,6.0,-4.0,5.0,-5.0,4.0,-5.0,4.0,-5.0,4.0,-6.0,4.0,-6.0,3.0,-7.0,3.0,-7.0,3.0,-7.0,2.0,-7.0,1.0,-8.0,0.0,-8.0,0.0,-7.0,0.0,-8.0,0.0,-8.0,0.0,-9.0,0.0,-10.0,0.0,-9.0,-1.0,-10.0,-1.0,-11.0,-1.0,-12.0,-3.0,-12.0,-2.0,-13.0,-2.0,-13.0,-2.0,-13.0,-2.0,-13.0,-2.0,-13.0,-2.0,-13.0,-2.0,-13.0,-3.0,-13.0,-3.0,-13.0,-2.0,-14.0,-1.0,-14.0,-1.0,-14.0,-2.0,-14.0,-2.0,-14.0,-3.0,-15.0,-2.0,-15.0,-2.0,-15.0,-2.0,-14.0,-1.0,-14.0,0.0,-14.0,0.0,-14.0,1.0,-14.0,1.0,-14.0,2.0,-12.0,2.0,-12.0
7.0,2.0,7.0,1.0,7.0,1.0,7.0,1.0,6.0,0.0,5.0,0.0,5.0,-1.0,5.0,-1.0,4.0,-2.0,5.0,-2.0,5.0,-2.0,5.0,-3.0,4.0,-3.0,4.0,-3.0,4.0,-4.0,3.0,-5.0,3.0,-5.0,3.0,-5.0,2.0,-6.0,3.0,-6.0,3.0,-7.0,3.0,-7.0,3.0,-7.0,3.0,-8.0,3.0,-9.0,3.0,-8.0,3.0,-9.0,3.0,-10.0,4.0,-10.0,3.0,-10.0,4.0,-10.0,3.0,-10.0,3.0,-10.0,3.0,-10.0,3.0,-10.0,3.0,-10.0,4.0,-10.0,4.0,-10.0,4.0,-10.0,4.0,-11.0,4.0,-11.0,4.0,-11.0,4.0,-12.0,4.0,-11.0,4.0,-10.0,5.0,-10.0,5.0,-10.0,5.0,-11.0,6.0,-10.0,6.0,-10.0,6.0,-8.0,6.0,-7.0
6.0,-4.0,6.0,-4.0,6.0,-5.0,6.0,-5.0,5.0,-4.0,4.0,-4.0,3.0,-4.0,2.0,-4.0,2.0,-4.0,2.0,-4.0,2.0,-5.0,1.0,-5.0,1.0,-5.0,1.0,-5.0,0.0,-5.0,-1.0,-5.0,-2.0,-5.0,-2.0,-5.0,-2.0,-5.0,-2.0,-6.0,-2.0,-6.0,-3.0,-6.0,-3.0,-6.0,-3.0,-7.0,-4.0,-8.0,-4.0,-8.0,-5.0,-8.0,-5.0,-9.0,-5.0,-9.0,-4.0,-9.0,-4.0,-9.0,-4.0,-9.0,-5.0,-8.0,-5.0,-8.0,-5.0,-8.0,-5.0,-8.0,-5.0,-9.0,-4.0,-9.0,-5.0,-10.0,-5.0,-10.0,-5.0,-9.0,-6.0,-10.0,-6.0,-10.0,-5.0,-10.0,-5.0,-9.0,-5.0,-9.0,-5.0,-9.0,-5.0,-10.0,-4.0,-11.0,-3.0,-11.0,-2.0,-10.0,-2.0,-9.0
-6.0,-8.0,-6.0,-7.0,-7.0,-6.0,-6.0,-6.0,-6.0,-6.0,-5.0,-5.0,-5.0,-4.0,-5.0,-3.0,-5.0,-3.0,-5.0,-2.0,-5.0,-2.0,-6.0,-1.0,-5.0,0.0,-5.0,0.0,-5.0,0.0,-5.0,1.0,-5.0,1.0,-5.0,2.0,-5.0,2.0,-5.0,3.0,-6.0,3.0,-6.0,3.0,-6.0,4.0,-6.0,5.0,-6.0,5.0,-7.0,5.0,-7.0,6.0,-8.0,7.0,-8.0,7.0,-8.0,7.0,-8.0,6.0,-8.0,7.0,-8.0,7.0,-8.0,7.0,-8.0,7.0,-9.0,7.0,-9.0,7.0,-9.0,7.0,-9.0,7.0,-9.0,7.0,-9.0,7.0,-10.0,8.0,-10.0,8.0,-10.0,8.0,-10.0,8.0,-10.0,7.0,-10.0,7.0,-10.0,7.0,-10.0,7.0,-11.0,7.0,-11.0,5.0,-11.0,4.0
6.0,-3.0,6.0,-3.0,6.0,-4.0,6.0,-3.0,5.0,-3.0,4.0,-3.0,3.0,-4.0,2.0,-4.0,2.0,-3.0,2.0,-3.0,2.0,-4.0,1.0,-4.0,1.0,-4.0,1.0,-4.0,0.0,-4.0,-1.0,-4.0,-1.0,-4.0,-2.0,-4.0,-2.0,-4.0,-1.0,-5.0,-2.0,-6.0,-2.0,-6.0,-2.0,-6.0,-3.0,-6.0,-3.0,-7.0,-3.0,-7.0,-4.0,-8.0,-4.0,-8.0,-4.0,-9.0,-4.0,-8.0,-3.0,-8.0,-4.0,-9.0,-4.0,-9.0,-4.0,-9.0,-5.0,-9.0,-5.0,-9.0,-4.0,-9.0,-4.0,-10.0,-4.0,-10.0,-4.0,-11.0,-5.0,-10.0,-5.0,-11.0,-5.0,-11.0,-5.0,-10.0,-5.0,-10.0,-4.0,-10.0,-4.0,-11.0,-4.0,-11.0,-3.0,-12.0,-3.0,-11.0,-2.0,-11.0,-2.0,-10.0
6.0,0.0,6.0,0.0,6.0,-1.0,6.0,-1.0,5.0,-1.0,4.0,-1.0,4.0,-1.0,3.0,-1.0,3.0,-2.0,3.0,-2.0,3.0,-2.0,3.0,-3.0,2.0,-3.0,2.0,-3.0,1.0,-3.0,1.0,-3.0,1.0,-4.0,0.0,-4.0,0.0,-4.0,0.0,-5.0,0.0,-5.0,0.0,-5.0,0.0,-5.0,-1.0,-6.0,-1.0,-6.0,-1.0,-7.0,-2.0,-8.0,-2.0,-9.0,-2.0,-9.0,-2.0,-9.0,-2.0,-9.0,-2.0,-9.0,-2.0,-9.0,-2.0,-9.0,-2.0,-10.0,-2.0,-10.0,-2.0,-11.0,-2.0,-10.0,-3.0,-10.0,-3.0,-11.0,-2.0,-11.0,-3.0,-12.0,-3.0,-12.0,-2.0,-12.0,-2.0,-12.0,-2.0,-12.0,-2.0,-12.0,-2.0,-12.0,-3.0,-12.0,-2.0,-12.0,-1.0,-12.0,0.0,-11.0
-7.0,1.0,-6.0,2.0,-6.0,2.0,-6.0,1.0,-5.0,1.0,-5.0,1.0,-4.0,1.0,-4.0,1.0,-3.0,1.0,-3.0,1.0,-3.0,2.0,-3.0,2.0,-2.0,2.0,-2.0,2.0,-2.0,2.0,-1.0,2.0,0.0,2.0,0.0,2.0,0.0,3.0,0.0,3.0,0.0,4.0,1.0,4.0,1.0,4.0,2.0,5.0,2.0,6.0,2.0,6.0,4.0,6.0,4.0,7.0,4.0,8.0,4.0,8.0,4.0,8.0,4.0,8.0,5.0,8.0,5.0,8.0,5.0,8.0,6.0,8.0,6.0,9.0,6.0,9.0,6.0,10.0,7.0,10.0,7.0,10.0,8.0,10.0,8.0,11.0,8.0,10.0,7.0,10.0,7.0,10.0,8.0,11.0,8.0,11.0,8.0,12.0,7.0,12.0,6.0,11.0,5.0,11.0
-7.0,3.0,-7.0,3.0,-7.0,3.0,-7.0,2.0,-7.0,1.0,-6.0,1.0,-5.0,2.0,-5.0,1.0,-5.0,1.0,-5.0,1.0,-5.0,2.0,-5.0,2.0,-5.0,2.0,-4.0,2.0,-3.0,2.0,-2.0,2.0,-2.0,3.0,-1.0,3.0,-1.0,3.0,-1.0,3.0,0.0,4.0,0.0,4.0,1.0,4.0,2.0,5.0,3.0,6.0,3.0,7.0,5.0,7.0,6.0,8.0,6.0,9.0,6.0,9.0,6.0,9.0,7.0,9.0,8.0,9.0,8.0,9.0,9.0,9.0,11.0,9.0,11.0,10.0,11.0,11.0,11.0,11.0,13.0,11.0,14.0,11.0,16.0,11.0,16.0,12.0,16.0,11.0,16.0,11.0,16.0,11.0,16.0,12.0,16.0,13.0,16.0,14.0,16.0,15.0,14.0,14.0,13.0,14.0
-7.0,-5.0,-8.0,-5.0,-8.0,-6.0,-8.0,-6.0,-7.0,-6.0,-6.0,-6.0,-6.0,-5.0,-6.0,-5.0,-6.0,-5.0,-6.0,-5.0,-6.0,-5.0,-6.0,-5.0,-6.0,-4.0,-5.0,-4.0,-5.0,-3.0,-5.0,-2.0,-5.0,-2.0,-5.0,-1.0,-4.0,0.0,-5.0,0.0,-5.0,1.0,-5.0,2.0,-5.0,3.0,-5.0,4.0,-6.0,5.0,-6.0,5.0,-6.0,7.0,-7.0,9.0,-7.0,10.0,-7.0,10.0,-7.0,10.0,-6.0,11.0,-6.0,12.0,-5.0,12.0,-5.0,13.0,-5.0,14.0,-6.0,14.0,-6.0,15.0,-6.0,15.0,-6.0,17.0,-5.0,18.0,-5.0,19.0,-5.0,21.0,-5.0,20.0,-4.0,20.0,-4.0,20.0,-4.0,21.0,-5.0,22.0,-6.0,23.0,-8.0,22.0,-9.0,20.0,-9.0,18.0
0.0,8.0,0.0,8.0,0.0,8.0,-1.0,8.0,-1.0,7.0,-1.0,7.0,-1.0,7.0,-1.0,7.0,-1.0,6.0,-1.0,6.0,-1.0,7.0,-1.0,7.0,-1.0,6.0,-1.0,5.0,-1.0,5.0,0.0,5.0,1.0,5.0,1.0,4.0,1.0,3.0,1.0,3.0,2.0,3.0,2.0,3.0,3.0,3.0,4.0,2.0,5.0,2.0,6.0,3.0,7.0,1.0,8.0,1.0,8.0,1.0,9.0,1.0,8.0,1.0,9.0,1.0,9.0,0.0,10.0,0.0,11.0,-1.0,12.0,-2.0,12.0,-2.0,12.0,-2.0,12.0,-2.0,13.0,-3.0,14.0,-3.0,15.0,-4.0,16.0,-4.0,16.0,-4.0,16.0,-3.0,17.0,-3.0,17.0,-3.0,17.0,-3.0,17.0,-3.0,18.0,-2.0,18.0,-1.0,17.0,0.0
-6.0,11.0,-6.0,11.0,-6.0,12.0,-8.0,12.0,-8.0,11.0,-8.0,10.0,-7.0,9.0,-7.0,9.0,-7.0,9.0,-7.0,9.0,-7.0,10.0,-7.0,10.0,-6.0,9.0,-6.0,8.0,-6.0,8.0,-4.0,8.0,-3.0,8.0,-3.0,7.0,-2.0,6.0,-1.0,6.0,-1.0,7.0,0.0,7.0,1.0,7.0,2.0,7.0,3.0,8.0,4.0,9.0,7.0,8.0,8.0,9.0,9.0,9.0,9.0,9.0,9.0,9.0,10.0,9.0,11.0,9.0,12.0,9.0,13.0,9.0,15.0,9.0,15.0,9.0,14.0,9.0,15.0,9.0,17.0,9.0,18.0,9.0,20.0,9.0,21.0,10.0,21.0,10.0,21.0,10.0,22.0,11.0,22.0,11.0,22.0,12.0,22.0,13.0,21.0,14.0,20.0,16.0,19.0,16.0
6.0,11.0,7.0,11.0,7.0,11.0,6.0,13.0,5.0,12.0,4.0,12.0,5.0,11.0,5.0,11.0,5.0,10.0,5.0,10.0,5.0,11.0,5.0,11.0,5.0,10.0,4.0,9.0,4.0,9.0,5.0,8.0,5.0,7.0,5.0,6.0,5.0,5.0,5.0,4.0,5.0,4.0,6.0,4.0,6.0,3.0,8.0,2.0,9.0,1.0,9.0,1.0,11.0,-1.0,12.0,-2.0,12.0,-3.0,12.0,-3.0,12.0,-3.0,13.0,-4.0,14.0,-4.0,14.0,-5.0,15.0,-6.0,15.0,-7.0,16.0,-7.0,16.0,-6.0,16.0,-7.0,17.0,-8.0,18.0,-9.0,19.0,-10.0,20.0,-10.0,20.0,-10.0,20.0,-9.0,20.0,-10.0,22.0,-10.0,22.0,-10.0,23.0,-9.0,24.0,-7.0,23.0,-5.0,23.0,-4.0
-11.0,3.0,-11.0,3.0,-12.0,3.0,-13.0,2.0,-12.0,2.0,-11.0,1.0,-10.0,2.0,-10.0,2.0,-10.0,2.0,-10.0,2.0,-11.0,2.0,-11.0,2.0,-10.0,2.0,-9.0,2.0,-9.0,2.0,-8.0,3.0,-7.0,3.0,-6.0,3.0,-5.0,3.0,-5.0,3.0,-5.0,4.0,-5.0,4.0,-4.0,5.0,-3.0,6.0,-3.0,7.0,-3.0,7.0,-1.0,9.0,-1.0,9.0,-1.0,10.0,-1.0,11.0,-1.0,11.0,0.0,11.0,1.0,11.0,1.0,12.0,2.0,13.0,3.0,13.0,3.0,14.0,2.0,14.0,2.0,14.0,3.0,15.0,4.0,16.0,5.0,17.0,6.0,18.0,5.0,18.0,5.0,18.0,5.0,18.0,5.0,19.0,4.0,19.0,3.0,20.0,2.0,20.0,1.0,19.0,1.0,19.0
-4.0,10.0,-4.0,11.0,-4.0,11.0,-5.0,11.0,-5.0,10.0,-5.0,9.0,-4.0,10.0,-4.0,9.0,-4.0,9.0,-4.0,9.0,-4.0,10.0,-4.0,10.0,-4.0,9.0,-4.0,8.0,-3.0,8.0,-2.0,8.0,-1.0,7.0,-1.0,6.0,0.0,6.0,0.0,6.0,1.0,6.0,1.0,6.0,2.0,6.0,3.0,6.0,5.0,6.0,5.0,7.0,8.0,6.0,8.0,7.0,9.0,7.0,10.0,7.0,9.0,6.0,10.0,6.0,11.0,6.0,12.0,6.0,12.0,6.0,13.0,6.0,14.0,6.0,14.0,6.0,14.0,6.0,16.0,6.0,17.0,7.0,18.0,7.0,19.0,7.0,19.0,7.0,18.0,7.0,19.0,8.0,19.0,8.0,19.0,9.0,19.0,9.0,18.0,10.0,17.0,12.0,16.0,12.0
-10.0,6.0,-9.0,7.0,-10.0,7.0,-11.0,7.0,-10.0,6.0,-9.0,5.0,-9.0,5.0,-8.0,5.0,-8.0,5.0,-9.0,6.0,-9.0,6.0,-8.0,7.0,-8.0,6.0,-8.0,6.0,-7.0,5.0,-6.0,6.0,-5.0,6.0,-4.0,6.0,-3.0,6.0,-3.0,6.0,-3.0,7.0,-2.0,7.0,-1.0,7.0,0.0,8.0,0.0,9.0,1.0,10.0,3.0,10.0,3.0,11.0,4.0,12.0,4.0,12.0,4.0,12.0,5.0,12.0,6.0,12.0,6.0,12.0,7.0,13.0,8.0,14.0,8.0,14.0,7.0,14.0,8.0,14.0,9.0,15.0,11.0,15.0,12.0,16.0,12.0,17.0,12.0,18.0,11.0,18.0,11.0,18.0,11.0,19.0,10.0,19.0,9.0,20.0,9.0,20.0,7.0,20.0,6.0,20.0
0.0,15.0,0.0,14.0,1.0,15.0,0.0,15.0,-1.0,14.0,-1.0,14.0,0.0,13.0,0.0,13.0,0.0,12.0,1.0,12.0,1.0,13.0,2.0,13.0,2.0,13.0,1.0,11.0,2.0,11.0,4.0,10.0,5.0,9.0,5.0,8.0,5.0,7.0,6.0,7.0,7.0,7.0,8.0,7.0,8.0,6.0,10.0,6.0,12.0,6.0,13.0,6.0,15.0,4.0,17.0,4.0,18.0,4.0,18.0,3.0,17.0,4.0,19.0,3.0,20.0,2.0,20.0,2.0,21.0,1.0,22.0,1.0,23.0,1.0,23.0,2.0,24.0,2.0,25.0,1.0,26.0,1.0,28.0,0.0,29.0,0.0,29.0,1.0,29.0,1.0,29.0,1.0,29.0,2.0,29.0,2.0,30.0,4.0,29.0,6.0,27.0,8.0,26.0,8.0
12.0,-7.0,12.0,-8.0,13.0,-9.0,14.0,-8.0,13.0,-7.0,12.0,-7.0,11.0,-7.0,11.0,-7.0,10.0,-7.0,10.0,-8.0,10.0,-9.0,10.0,-9.0,9.0,-9.0,9.0,-8.0,8.0,-9.0,7.0,-10.0,6.0,-10.0,5.0,-9.0,4.0,-9.0,4.0,-10.0,4.0,-11.0,3.0,-12.0,2.0,-12.0,1.0,-13.0,0.0,-15.0,-1.0,-16.0,-3.0,-18.0,-3.0,-19.0,-4.0,-20.0,-4.0,-20.0,-4.0,-19.0,-5.0,-20.0,-6.0,-21.0,-6.0,-21.0,-7.0,-22.0,-8.0,-23.0,-8.0,-24.0,-7.0,-24.0,-7.0,-24.0,-9.0,-25.0,-10.0,-27.0,-11.0,-28.0,-11.0,-29.0,-10.0,-29.0,-10.0,-29.0,-9.0,-29.0,-9.0,-30.0,-8.0,-30.0,-7.0,-30.0,-5.0,-31.0,-4.0,-30.0,-3.0,-29.0
-4.0,-10.0,-5.0,-10.0,-5.0,-10.0,-5.0,-11.0,-4.0,-10.0,-4.0,-10.0,-4.0,-9.0,-4.0,-9.0,-4.0,-8.0,-5.0,-8.0,-5.0,-9.0,-6.0,-9.0,-6.0,-8.0,-5.0,-8.0,-5.0,-7.0,-6.0,-7.0,-6.0,-6.0,-6.0,-5.0,-6.0,-4.0,-7.0,-4.0,-8.0,-4.0,-8.0,-4.0,-8.0,-4.0,-9.0,-3.0,-10.0,-2.0,-11.0,-2.0,-12.0,-1.0,-13.0,-1.0,-14.0,-1.0,-14.0,-1.0,-14.0,-1.0,-14.0,0.0,-15.0,0.0,-15.0,0.0,-16.0,1.0,-17.0,1.0,-17.0,1.0,-17.0,0.0,-17.0,1.0,-18.0,1.0,-19.0,1.0,-20.0,2.0,-21.0,2.0,-20.0,1.0,-20.0,1.0,-20.0,1.0,-20.0,0.0,-21.0,0.0,-21.0,-1.0,-21.0,-2.0,-20.0,-4.0,-19.0,-4.0
11.0,11.0,12.0,10.0,12.0,10.0,12.0,12.0,10.0,11.0,9.0,10.0,10.0,10.0,10.0,9.0,10.0,9.0,10.0,8.0,11.0,9.0,12.0,8.0,12.0,7.0,11.0,7.0,10.0,6.0,11.0,4.0,11.0,3.0,10.0,2.0,10.0,1.0,11.0,1.0,12.0,1.0,12.0,0.0,12.0,-1.0,13.0,-3.0,15.0,-4.0,16.0,-4.0,17.0,-8.0,18.0,-8.0,18.0,-9.0,18.0,-9.0,17.0,-8.0,18.0,-9.0,18.0,-10.0,19.0,-11.0,19.0,-12.0,20.0,-13.0,21.0,-12.0,21.0,-11.0,22.0,-12.0,22.0,-14.0,23.0,-15.0,23.0,-16.0,24.0,-16.0,24.0,-15.0,24.0,-14.0,24.0,-14.0,25.0,-14.0,26.0,-14.0,27.0,-13.0,27.0,-11.0,26.0,-9.0,26.0,-8.0
16.0,3.0,17.0,2.0,18.0,2.0,18.0,3.0,16.0,3.0,15.0,3.0,15.0,2.0,14.0,1.0,14.0,1.0,14.0,1.0,15.0,1.0,15.0,0.0,15.0,-1.0,13.0,-1.0,13.0,-1.0,13.0,-3.0,12.0,-4.0,10.0,-4.0,10.0,-5.0,10.0,-6.0,11.0,-6.0,11.0,-7.0,10.0,-8.0,10.0,-10.0,11.0,-11.0,12.0,-12.0,11.0,-16.0,12.0,-16.0,12.0,-17.0,12.0,-17.0,12.0,-16.0,12.0,-17.0,12.0,-18.0,12.0,-19.0,12.0,-20.0,12.0,-21.0,13.0,-21.0,14.0,-20.0,14.0,-21.0,14.0,-23.0,13.0,-24.0,14.0,-26.0,15.0,-26.0,15.0,-25.0,15.0,-24.0,15.0,-24.0,16.0,-24.0,17.0,-23.0,18.0,-22.0,19.0,-22.0,19.0,-20.0,19.0,-18.0
16.0,-8.0,15.0,-9.0,16.0,-10.0,18.0,-9.0,17.0,-8.0,15.0,-7.0,14.0,-8.0,13.0,-8.0,12.0,-8.0,13.0,-8.0,13.0,-9.0,13.0,-10.0,12.0,-10.0,11.0,-9.0,10.0,-9.0,9.0,-11.0,7.0,-11.0,7.0,-10.0,6.0,-11.0,6.0,-11.0,6.0,-12.0,5.0,-13.0,4.0,-13.0,3.0,-15.0,3.0,-17.0,3.0,-18.0,0.0,-20.0,1.0,-21.0,0.0,-22.0,0.0,-22.0,1.0,-21.0,0.0,-22.0,-1.0,-23.0,-1.0,-23.0,-2.0,-24.0,-3.0,-25.0,-2.0,-26.0,0.0,-25.0,0.0,-25.0,-2.0,-27.0,-3.0,-28.0,-3.0,-30.0,-3.0,-31.0,-2.0,-30.0,-2.0,-29.0,-1.0,-29.0,-1.0,-30.0,0.0,-30.0,2.0,-30.0,4.0,-29.0,5.0,-28.0,6.0,-27.0
1.0,-15.0,0.0,-15.0,0.0,-16.0,1.0,-16.0,1.0,-15.0,1.0,-14.0,0.0,-13.0,0.0,-13.0,0.0,-12.0,-1.0,-13.0,-1.0,-13.0,-1.0,-14.0,-2.0,-13.0,-1.0,-12.0,-2.0,-11.0,-4.0,-11.0,-4.0,-11.0,-5.0,-10.0,-5.0,-9.0,-5.0,-9.0,-6.0,-10.0,-6.0,-10.0,-7.0,-9.0,-9.0,-9.0,-10.0,-10.0,-11.0,-10.0,-13.0,-9.0,-13.0,-10.0,-14.0,-10.0,-14.0,-10.0,-14.0,-10.0,-15.0,-10.0,-15.0,-9.0,-16.0,-9.0,-16.0,-9.0,-17.0,-10.0,-17.0,-11.0,-17.0,-11.0,-17.0,-11.0,-18.0,-11.0,-19.0,-11.0,-20.0,-11.0,-20.0,-12.0,-20.0,-12.0,-19.0,-12.0,-19.0,-12.0,-19.0,-13.0,-19.0,-13.0,-18.0,-14.0,-17.0,-15.0,-16.0,-15.0,-15.0,-15.0
-4.0,-16.0,-4.0,-15.0,-5.0,-16.0,-4.0,-16.0,-3.0,-15.0,-3.0,-14.0,-3.0,-14.0,-4.0,-13.0,-4.0,-13.0,-4.0,-13.0,-4.0,-14.0,-5.0,-14.0,-5.0,-13.0,-5.0,-12.0,-5.0,-11.0,-6.0,-11.0,-7.0,-10.0,-7.0,-9.0,-7.0,-8.0,-8.0,-8.0,-8.0,-9.0,-9.0,-9.0,-9.0,-8.0,-10.0,-7.0,-12.0,-8.0,-13.0,-9.0,-15.0,-7.0,-15.0,-8.0,-17.0,-8.0,-16.0,-8.0,-16.0,-8.0,-16.0,-8.0,-17.0,-7.0,-17.0,-8.0,-18.0,-8.0,-19.0,-8.0,-19.0,-8.0,-18.0,-9.0,-19.0,-9.0,-20.0,-9.0,-20.0,-9.0,-21.0,-9.0,-22.0,-10.0,-21.0,-10.0,-21.0,-10.0,-20.0,-10.0,-20.0,-11.0,-20.0,-12.0,-20.0,-13.0,-19.0,-14.0,-17.0,-14.0,-16.0,-14.0
11.0,8.0,11.0,7.0,12.0,7.0,12.0,8.0,10.0,8.0,9.0,7.0,9.0,7.0,9.0,6.0,9.0,6.0,10.0,6.0,10.0,6.0,11.0,5.0,11.0,4.0,10.0,4.0,9.0,4.0,10.0,2.0,10.0,1.0,9.0,1.0,9.0,1.0,10.0,0.0,10.0,0.0,11.0,0.0,11.0,-1.0,11.0,-2.0,13.0,-3.0,13.0,-3.0,14.0,-5.0,15.0,-5.0,15.0,-6.0,15.0,-6.0,15.0,-5.0,15.0,-6.0,15.0,-6.0,16.0,-7.0,16.0,-7.0,16.0,-8.0,17.0,-7.0,17.0,-6.0,17.0,-7.0,18.0,-7.0,18.0,-8.0,19.0,-9.0,19.0,-9.0,19.0,-8.0,19.0,-8.0,19.0,-7.0,19.0,-7.0,20.0,-6.0,20.0,-6.0,20.0,-5.0,19.0,-3.0,18.0,-3.0
13.0,8.0,13.0,7.0,14.0,7.0,14.0,8.0,12.0,8.0,11.0,7.0,11.0,6.0,11.0,5.0,11.0,5.0,12.0,5.0,12.0,5.0,13.0,4.0,13.0,4.0,12.0,3.0,11.0,3.0,12.0,1.0,11.0,0.0,11.0,0.0,11.0,-1.0,11.0,-1.0,12.0,-1.0,12.0,-2.0,12.0,-2.0,12.0,-4.0,14.0,-4.0,15.0,-5.0,15.0,-7.0,16.0,-7.0,17.0,-8.0,16.0,-8.0,16.0,-8.0,17.0,-8.0,17.0,-9.0,17.0,-9.0,17.0,-10.0,18.0,-10.0,18.0,-10.0,19.0,-9.0,19.0,-9.0,19.0,-10.0,20.0,-11.0,21.0,-12.0,21.0,-12.0,21.0,-11.0,20.0,-10.0,21.0,-10.0,21.0,-10.0,22.0,-9.0,23.0,-8.0,23.0,-7.0,22.0,-5.0,21.0,-5.0
-3.0,-12.0,-4.0,-12.0,-4.0,-12.0,-3.0,-12.0,-3.0,-11.0,-3.0,-11.0,-4.0,-10.0,-4.0,-10.0,-4.0,-9.0,-4.0,-9.0,-4.0,-10.0,-5.0,-10.0,-5.0,-9.0,-5.0,-8.0,-5.0,-8.0,-6.0,-8.0,-7.0,-7.0,-6.0,-7.0,-7.0,-6.0,-7.0,-6.0,-7.0,-6.0,-8.0,-6.0,-8.0,-6.0,-9.0,-5.0,-10.0,-6.0,-11.0,-6.0,-13.0,-5.0,-13.0,-5.0,-14.0,-5.0,-13.0,-5.0,-13.0,-5.0,-13.0,-4.0,-14.0,-4.0,-14.0,-4.0,-15.0,-4.0,-16.0,-4.0,-16.0,-5.0,-15.0,-5.0,-15.0,-5.0,-16.0,-5.0,-17.0,-5.0,-18.0,-5.0,-18.0,-5.0,-18.0,-5.0,-17.0,-5.0,-17.0,-6.0,-17.0,-6.0,-17.0,-7.0,-17.0,-7.0,-16.0,-8.0,-15.0,-9.0,-14.0,-9.0
-11.0,-13.0,-12.0,-12.0,-12.0,-12.0,-12.0,-13.0,-11.0,-12.0,-10.0,-11.0,-10.0,-11.0,-10.0,-10.0,-10.0,-10.0,-11.0,-10.0,-11.0,-10.0,-12.0,-9.0,-12.0,-8.0,-11.0,-8.0,-10.0,-7.0,-12.0,-6.0,-12.0,-5.0,-11.0,-4.0,-11.0,-3.0,-12.0,-3.0,-12.0,-3.0,-13.0,-3.0,-13.0,-2.0,-13.0,-1.0,-15.0,-1.0,-16.0,0.0,-17.0,2.0,-18.0,2.0,-19.0,2.0,-19.0,2.0,-18.0,2.0,-18.0,2.0,-19.0,3.0,-19.0,3.0,-20.0,3.0,-21.0,4.0,-21.0,3.0,-21.0,3.0,-21.0,3.0,-22.0,4.0,-23.0,4.0,-24.0,5.0,-25.0,5.0,-24.0,4.0,-24.0,3.0,-24.0,3.0,-25.0,2.0,-25.0,2.0,-25.0,1.0,-25.0,-1.0,-24.0,-3.0,-23.0,-4.0
14.0,-1.0,14.0,-2.0,14.0,-2.0,15.0,-1.0,13.0,0.0,12.0,-1.0,12.0,-1.0,11.0,-2.0,11.0,-2.0,11.0,-2.0,12.0,-3.0,12.0,-3.0,11.0,-4.0,10.0,-3.0,10.0,-4.0,9.0,-5.0,8.0,-6.0,8.0,-6.0,7.0,-6.0,7.0,-7.0,8.0,-7.0,8.0,-8.0,7.0,-8.0,7.0,-9.0,7.0,-11.0,8.0,-11.0,6.0,-13.0,7.0,-14.0,7.0,-15.0,7.0,-14.0,7.0,-14.0,7.0,-15.0,7.0,-15.0,7.0,-16.0,6.0,-16.0,6.0,-17.0,7.0,-17.0,8.0,-16.0,8.0,-17.0,8.0,-18.0,7.0,-19.0,7.0,-20.0,8.0,-21.0,8.0,-20.0,8.0,-19.0,9.0,-19.0,10.0,-19.0,11.0,-19.0,12.0,-19.0,12.0,-18.0,12.0,-16.0,12.0,-15.0
-1.0,15.0,0.0,15.0,0.0,16.0,-2.0,16.0,-2.0,14.0,-2.0,13.0,-1.0,13.0,0.0,12.0,0.0,12.0,0.0,12.0,0.0,13.0,1.0,13.0,2.0,12.0,1.0,11.0,2.0,10.0,4.0,10.0,4.0,9.0,4.0,8.0,5.0,8.0,5.0,8.0,5.0,9.0,6.0,8.0,6.0,8.0,8.0,7.0,9.0,8.0,10.0,9.0,12.0,7.0,13.0,8.0,14.0,8.0,14.0,7.0,13.0,7.0,14.0,7.0,14.0,7.0,15.0,7.0,16.0,7.0,17.0,7.0,17.0,8.0,16.0,8.0,17.0,8.0,18.0,8.0,19.0,8.0,20.0,8.0,21.0,9.0,20.0,9.0,20.0,10.0,19.0,10.0,20.0,11.0,19.0,11.0,19.0,12.0,18.0,13.0,16.0,14.0,15.0,14.0
10.0,9.0,10.0,8.0,11.0,8.0,11.0,8.0,9.0,8.0,8.0,8.0,8.0,7.0,8.0,6.0,8.0,6.0,8.0,6.0,9.0,6.0,10.0,5.0,9.0,4.0,8.0,4.0,8.0,4.0,8.0,3.0,8.0,2.0,8.0,1.0,8.0,1.0,8.0,0.0,9.0,0.0,9.0,0.0,9.0,-1.0,9.0,-2.0,10.0,-3.0,11.0,-3.0,11.0,-4.0,12.0,-4.0,13.0,-5.0,12.0,-5.0,12.0,-5.0,12.0,-5.0,12.0,-6.0,13.0,-6.0,13.0,-7.0,13.0,-8.0,14.0,-7.0,14.0,-7.0,14.0,-7.0,15.0,-8.0,15.0,-8.0,16.0,-9.0,17.0,-9.0,17.0,-8.0,17.0,-8.0,17.0,-8.0,17.0,-7.0,18.0,-7.0,18.0,-6.0,18.0,-5.0,18.0,-4.0,17.0,-3.0
13.0,7.0,13.0,6.0,14.0,6.0,14.0,7.0,12.0,7.0,11.0,6.0,11.0,5.0,10.0,5.0,10.0,4.0,10.0,4.0,11.0,5.0,11.0,4.0,11.0,3.0,10.0,3.0,9.0,2.0,10.0,1.0,9.0,0.0,8.0,0.0,8.0,-1.0,9.0,-1.0,9.0,-1.0,9.0,-2.0,9.0,-2.0,9.0,-4.0,10.0,-4.0,10.0,-5.0,10.0,-7.0,11.0,-7.0,11.0,-8.0,11.0,-8.0,11.0,-7.0,11.0,-8.0,11.0,-9.0,11.0,-9.0,11.0,-10.0,11.0,-10.0,12.0,-10.0,12.0,-10.0,13.0,-10.0,13.0,-11.0,13.0,-12.0,14.0,-13.0,15.0,-13.0,15.0,-12.0,15.0,-12.0,15.0,-12.0,16.0,-12.0,16.0,-11.0,17.0,-10.0,18.0,-9.0,17.0,-8.0,17.0,-7.0
2.0,-18.0,1.0,-18.0,1.0,-18.0,2.0,-18.0,3.0,-16.0,2.0,-15.0,1.0,-15.0,0.0,-14.0,0.0,-14.0,0.0,-14.0,0.0,-14.0,0.0,-14.0,-1.0,-13.0,0.0,-12.0,-1.0,-12.0,-2.0,-12.0,-3.0,-11.0,-3.0,-10.0,-4.0,-9.0,-4.0,-9.0,-5.0,-10.0,-6.0,-10.0,-6.0,-9.0,-7.0,-9.0,-8.0,-10.0,-9.0,-11.0,-11.0,-10.0,-11.0,-11.0,-12.0,-11.0,-11.0,-10.0,-11.0,-10.0,-12.0,-10.0,-13.0,-9.0,-13.0,-9.0,-14.0,-9.0,-15.0,-10.0,-15.0,-10.0,-14.0,-11.0,-14.0,-10.0,-16.0,-11.0,-17.0,-11.0,-18.0,-11.0,-18.0,-12.0,-18.0,-12.0,-18.0,-12.0,-18.0,-12.0,-18.0,-13.0,-17.0,-13.0,-17.0,-14.0,-16.0,-15.0,-14.0,-16.0,-13.0,-16.0
-12.0,9.0,-11.0,10.0,-11.0,10.0,-12.0,10.0,-12.0,8.0,-11.0,8.0,-10.0,8.0,-9.0,8.0,-8.0,8.0,-9.0,8.0,-9.0,8.0,-8.0,8.0,-8.0,8.0,-8.0,7.0,-7.0,7.0,-5.0,8.0,-4.0,8.0,-4.0,8.0,-3.0,8.0,-3.0,8.0,-3.0,8.0,-3.0,8.0,-2.0,8.0,-2.0,9.0,-1.0,10.0,0.0,11.0,1.0,12.0,1.0,12.0,1.0,13.0,1.0,13.0,1.0,12.0,1.0,13.0,2.0,13.0,2.0,13.0,3.0,14.0,4.0,14.0,3.0,15.0,2.0,14.0,2.0,14.0,3.0,15.0,4.0,16.0,4.0,17.0,4.0,18.0,3.0,18.0,3.0,18.0,3.0,18.0,2.0,18.0,1.0,18.0,0.0,18.0,-1.0,18.0,-2.0,17.0,-2.0,17.0
-12.0,-11.0,-12.0,-10.0,-12.0,-10.0,-12.0,-11.0,-11.0,-10.0,-10.0,-9.0,-10.0,-8.0,-10.0,-7.0,-9.0,-7.0,-9.0,-7.0,-10.0,-7.0,-10.0,-7.0,-10.0,-6.0,-9.0,-5.0,-9.0,-5.0,-9.0,-4.0,-9.0,-3.0,-9.0,-2.0,-9.0,-2.0,-9.0,-1.0,-9.0,-1.0,-10.0,0.0,-9.0,0.0,-10.0,1.0,-11.0,2.0,-12.0,2.0,-12.0,4.0,-13.0,4.0,-14.0,5.0,-14.0,4.0,-13.0,4.0,-13.0,5.0,-14.0,6.0,-14.0,6.0,-14.0,6.0,-14.0,6.0,-15.0,6.0,-15.0,6.0,-15.0,6.0,-16.0,7.0,-16.0,7.0,-17.0,8.0,-18.0,8.0,-18.0,7.0,-17.0,7.0,-17.0,7.0,-18.0,6.0,-18.0,6.0,-19.0,5.0,-19.0,4.0,-18.0,3.0,-17.0,2.0
16.0,0.0,16.0,-1.0,16.0,-2.0,17.0,-1.0,15.0,0.0,13.0,0.0,13.0,-1.0,12.0,-1.0,11.0,-2.0,12.0,-2.0,12.0,-2.0,12.0,-3.0,12.0,-3.0,11.0,-3.0,10.0,-3.0,9.0,-5.0,8.0,-5.0,7.0,-5.0,6.0,-6.0,7.0,-6.0,7.0,-7.0,7.0,-7.0,6.0,-8.0,5.0,-9.0,6.0,-11.0,5.0,-11.0,4.0,-14.0,5.0,-15.0,5.0,-16.0,4.0,-15.0,5.0,-15.0,5.0,-16.0,4.0,-16.0,4.0,-17.0,4.0,-17.0,3.0,-18.0,4.0,-19.0,5.0,-18.0,5.0,-19.0,4.0,-20.0,4.0,-21.0,4.0,-22.0,5.0,-22.0,5.0,-22.0,5.0,-21.0,6.0,-21.0,7.0,-22.0,8.0,-21.0,9.0,-21.0,9.0,-21.0,10.0,-19.0,10.0,-18.0
-1.0,16.0,0.0,16.0,0.0,16.0,-1.0,16.0,-2.0,15.0,-1.0,14.0,0.0,13.0,0.0,13.0,0.0,12.0,0.0,12.0,1.0,12.0,2.0,12.0,2.0,11.0,1.0,10.0,2.0,9.0,4.0,9.0,4.0,8.0,4.0,7.0,5.0,6.0,5.0,6.0,6.0,6.0,6.0,6.0,7.0,5.0,8.0,4.0,10.0,4.0,11.0,5.0,13.0,3.0,14.0,3.0,15.0,3.0,15.0,3.0,14.0,3.0,15.0,3.0,16.0,3.0,16.0,3.0,17.0,2.0,18.0,2.0,18.0,2.0,18.0,3.0,18.0,3.0,20.0,2.0,21.0,3.0,22.0,2.0,23.0,3.0,22.0,3.0,22.0,4.0,22.0,4.0,22.0,5.0,21.0,5.0,21.0,6.0,21.0,7.0,20.0,8.0,19.0,8.0
16.0,-4.0,15.0,-5.0,16.0,-6.0,17.0,-5.0,15.0,-4.0,13.0,-3.0,12.0,-4.0,11.0,-5.0,11.0,-5.0,11.0,-5.0,12.0,-5.0,11.0,-6.0,11.0,-6.0,10.0,-5.0,9.0,-5.0,8.0,-6.0,6.0,-7.0,6.0,-7.0,5.0,-7.0,5.0,-8.0,5.0,-8.0,4.0,-9.0,3.0,-9.0,2.0,-10.0,2.0,-11.0,2.0,-12.0,-1.0,-14.0,0.0,-15.0,-1.0,-16.0,-1.0,-16.0,-1.0,-16.0,-1.0,-16.0,-2.0,-17.0,-2.0,-18.0,-3.0,-18.0,-3.0,-19.0,-3.0,-20.0,-1.0,-20.0,-1.0,-20.0,-2.0,-21.0,-4.0,-22.0,-4.0,-23.0,-4.0,-24.0,-3.0,-24.0,-3.0,-23.0,-3.0,-23.0,-2.0,-24.0,-1.0,-24.0,1.0,-24.0,2.0,-24.0,3.0,-23.0,4.0,-22.0
-12.0,12.0,-11.0,13.0,-11.0,13.0,-12.0,13.0,-12.0,11.0,-10.0,10.0,-9.0,10.0,-9.0,10.0,-8.0,10.0,-8.0,10.0,-8.0,11.0,-8.0,11.0,-7.0,10.0,-7.0,9.0,-6.0,9.0,-4.0,10.0,-3.0,9.0,-3.0,8.0,-2.0,8.0,-1.0,8.0,-1.0,9.0,-1.0,8.0,1.0,8.0,3.0,9.0,4.0,10.0,4.0,11.0,7.0,11.0,7.0,12.0,8.0,12.0,8.0,12.0,8.0,12.0,9.0,12.0,10.0,12.0,10.0,12.0,11.0,13.0,13.0,14.0,12.0,14.0,11.0,14.0,11.0,14.0,12.0,15.0,14.0,16.0,16.0,17.0,16.0,17.0,15.0,17.0,15.0,17.0,14.0,18.0,14.0,19.0,14.0,19.0,13.0,19.0,11.0,20.0,10.0,20.0,9.0,20.0
-13.0,5.0,-12.0,6.0,-12.0,6.0,-13.0,5.0,-12.0,4.0,-11.0,4.0,-10.0,5.0,-9.0,5.0,-9.0,5.0,-10.0,5.0,-10.0,5.0,-9.0,6.0,-9.0,5.0,-9.0,5.0,-8.0,5.0,-7.0,5.0,-6.0,6.0,-5.0,5.0,-4.0,6.0,-4.0,6.0,-4.0,6.0,-4.0,7.0,-3.0,7.0,-2.0,7.0,-2.0,9.0,-1.0,10.0,1.0,11.0,0.0,11.0,1.0,12.0,1.0,12.0,1.0,12.0,1.0,12.0,2.0,13.0,2.0,13.0,3.0,14.0,3.0,15.0,3.0,15.0,2.0,15.0,2.0,15.0,2.0,16.0,3.0,17.0,3.0,18.0,3.0,19.0,3.0,19.0,3.0,19.0,3.0,19.0,2.0,19.0,1.0,19.0,0.0,19.0,-1.0,19.0,-2.0,19.0,-2.0,18.0
12.0,-5.0,11.0,-6.0,12.0,-7.0,12.0,-6.0,12.0,-5.0,10.0,-5.0,10.0,-5.0,9.0,-5.0,9.0,-5.0,9.0,-5.0,9.0,-6.0,9.0,-6.0,8.0,-6.0,8.0,-6.0,7.0,-6.0,6.0,-7.0,5.0,-7.0,4.0,-6.0,4.0,-7.0,4.0,-7.0,4.0,-8.0,3.0,-8.0,2.0,-8.0,2.0,-9.0,2.0,-10.0,1.0,-11.0,0.0,-12.0,0.0,-13.0,0.0,-14.0,-1.0,-14.0,0.0,-13.0,-1.0,-14.0,-1.0,-14.0,-2.0,-15.0,-2.0,-15.0,-3.0,-16.0,-2.0,-17.0,-1.0,-16.0,-1.0,-17.0,-2.0,-18.0,-2.0,-19.0,-3.0,-20.0,-3.0,-20.0,-2.0,-20.0,-2.0,-20.0,-2.0,-20.0,-1.0,-20.0,0.0,-21.0,1.0,-21.0,2.0,-20.0,3.0,-19.0,3.0,-19.0
-14.0,-5.0,-15.0,-4.0,-15.0,-4.0,-15.0,-5.0,-14.0,-5.0,-13.0,-5.0,-12.0,-4.0,-12.0,-3.0,-12.0,-3.0,-12.0,-3.0,-12.0,-3.0,-13.0,-2.0,-12.0,-2.0,-11.0,-2.0,-11.0,-1.0,-11.0,0.0,-10.0,0.0,-9.0,1.0,-9.0,2.0,-9.0,2.0,-10.0,3.0,-10.0,3.0,-9.0,4.0,-9.0,5.0,-10.0,6.0,-11.0,6.0,-10.0,9.0,-11.0,9.0,-11.0,10.0,-11.0,10.0,-11.0,10.0,-11.0,11.0,-11.0,12.0,-11.0,12.0,-11.0,12.0,-11.0,13.0,-12.0,13.0,-13.0,13.0,-13.0,13.0,-13.0,14.0,-13.0,15.0,-14.0,16.0,-15.0,17.0,-15.0,16.0,-14.0,16.0,-14.0,16.0,-15.0,15.0,-16.0,15.0,-17.0,14.0,-18.0,13.0,-18.0,12.0,-18.0,11.0
9.0,6.0,10.0,5.0,10.0,5.0,10.0,6.0,9.0,6.0,8.0,5.0,8.0,4.0,8.0,4.0,8.0,4.0,8.0,4.0,8.0,4.0,9.0,4.0,8.0,3.0,8.0,3.0,7.0,3.0,8.0,1.0,7.0,1.0,7.0,0.0,7.0,0.0,7.0,-1.0,8.0,-1.0,8.0,-1.0,8.0,-1.0,8.0,-2.0,9.0,-3.0,9.0,-3.0,10.0,-5.0,10.0,-5.0,11.0,-6.0,11.0,-6.0,11.0,-6.0,11.0,-6.0,11.0,-7.0,11.0,-7.0,12.0,-7.0,12.0,-8.0,13.0,-8.0,13.0,-7.0,13.0,-7.0,13.0,-8.0,14.0,-9.0,14.0,-9.0,15.0,-9.0,15.0,-8.0,14.0,-8.0,14.0,-8.0,15.0,-8.0,16.0,-7.0,16.0,-6.0,16.0,-5.0,16.0,-4.0,15.0,-4.0
-12.0,-9.0,-12.0,-8.0,-13.0,-8.0,-13.0,-9.0,-11.0,-9.0,-10.0,-9.0,-10.0,-8.0,-10.0,-7.0,-10.0,-7.0,-10.0,-7.0,-11.0,-7.0,-12.0,-7.0,-12.0,-6.0,-11.0,-6.0,-10.0,-5.0,-11.0,-4.0,-10.0,-3.0,-10.0,-3.0,-10.0,-2.0,-10.0,-2.0,-11.0,-2.0,-11.0,-1.0,-11.0,0.0,-12.0,1.0,-13.0,1.0,-14.0,2.0,-14.0,4.0,-16.0,4.0,-16.0,4.0,-16.0,4.0,-15.0,4.0,-16.0,4.0,-16.0,5.0,-16.0,5.0,-16.0,6.0,-17.0,6.0,-18.0,6.0,-18.0,5.0,-18.0,5.0,-19.0,6.0,-19.0,6.0,-20.0,7.0,-21.0,7.0,-20.0,7.0,-20.0,7.0,-20.0,6.0,-21.0,6.0,-21.0,5.0,-22.0,4.0,-22.0,3.0,-21.0,2.0,-20.0,1.0
-15.0,6.0,-14.0,7.0,-15.0,8.0,-16.0,7.0,-15.0,6.0,-14.0,5.0,-13.0,6.0,-12.0,6.0,-12.0,6.0,-12.0,6.0,-12.0,7.0,-12.0,8.0,-12.0,8.0,-11.0,7.0,-11.0,7.0,-9.0,8.0,-8.0,9.0,-7.0,8.0,-7.0,9.0,-7.0,9.0,-8.0,10.0,-7.0,10.0,-6.0,11.0,-5.0,12.0,-6.0,13.0,-6.0,14.0,-4.0,16.0,-5.0,17.0,-4.0,18.0,-4.0,17.0,-5.0,17.0,-5.0,17.0,-4.0,18.0,-4.0,19.0,-4.0,19.0,-3.0,20.0,-4.0,20.0,-5.0,19.0,-5.0,20.0,-4.0,21.0,-4.0,22.0,-3.0,23.0,-4.0,24.0,-4.0,23.0,-4.0,23.0,-4.0,23.0,-5.0,23.0,-6.0,23.0,-8.0,23.0,-9.0,22.0,-9.0,21.0,-9.0,20.0
-10.0,13.0,-9.0,13.0,-9.0,14.0,-10.0,14.0,-10.0,12.0,-9.0,12.0,-8.0,12.0,-7.0,11.0,-7.0,11.0,-7.0,12.0,-7.0,13.0,-6.0,13.0,-5.0,13.0,-6.0,12.0,-5.0,12.0,-3.0,12.0,-2.0,12.0,-1.0,11.0,-1.0,11.0,-1.0,11.0,-1.0,12.0,0.0,12.0,1.0,12.0,2.0,13.0,3.0,14.0,4.0,15.0,7.0,15.0,6.0,17.0,7.0,17.0,7.0,17.0,6.0,17.0,7.0,17.0,8.0,17.0,8.0,17.0,9.0,18.0,10.0,18.0,9.0,19.0,8.0,19.0,8.0,18.0,9.0,19.0,10.0,20.0,11.0,21.0,11.0,22.0,11.0,22.0,11.0,21.0,11.0,22.0,10.0,22.0,9.0,22.0,8.0,23.0,7.0,23.0,6.0,22.0,5.0,22.0
-1.0,13.0,0.0,13.0,0.0,13.0,-1.0,13.0,-1.0,12.0,-1.0,12.0,0.0,11.0,1.0,11.0,1.0,10.0,1.0,10.0,1.0,11.0,2.0,11.0,2.0,11.0,2.0,10.0,2.0,10.0,4.0,9.0,4.0,9.0,4.0,8.0,5.0,7.0,5.0,7.0,5.0,8.0,6.0,8.0,6.0,7.0,8.0,7.0,9.0,8.0,10.0,8.0,12.0,7.0,12.0,8.0,13.0,9.0,13.0,8.0,12.0,8.0,13.0,8.0,13.0,8.0,14.0,8.0,14.0,8.0,15.0,8.0,15.0,9.0,14.0,9.0,14.0,9.0,15.0,9.0,16.0,9.0,17.0,9.0,17.0,10.0,17.0,10.0,16.0,10.0,16.0,10.0,16.0,10.0,16.0,10.0,16.0,11.0,15.0,12.0,13.0,13.0,13.0,13.0
4.0,-16.0,3.0,-15.0,3.0,-16.0,5.0,-16.0,5.0,-15.0,4.0,-13.0,3.0,-13.0,2.0,-13.0,2.0,-13.0,2.0,-13.0,1.0,-14.0,1.0,-14.0,0.0,-13.0,1.0,-13.0,0.0,-12.0,-2.0,-13.0,-3.0,-12.0,-3.0,-11.0,-3.0,-11.0,-3.0,-11.0,-4.0,-12.0,-5.0,-12.0,-5.0,-11.0,-6.0,-12.0,-8.0,-13.0,-9.0,-14.0,-11.0,-13.0,-11.0,-14.0,-12.0,-15.0,-12.0,-14.0,-11.0,-14.0,-12.0,-14.0,-12.0,-14.0,-13.0,-14.0,-14.0,-15.0,-15.0,-15.0,-14.0,-16.0,-13.0,-16.0,-13.0,-16.0,-14.0,-16.0,-15.0,-17.0,-16.0,-17.0,-16.0,-17.0,-16.0,-17.0,-15.0,-17.0,-15.0,-17.0,-15.0,-18.0,-14.0,-18.0,-14.0,-19.0,-13.0,-19.0,-11.0,-19.0,-10.0,-19.0
-9.0,12.0,-8.0,12.0,-8.0,13.0,-9.0,13.0,-9.0,12.0,-8.0,11.0,-7.0,10.0,-6.0,10.0,-6.0,10.0,-5.0,11.0,-5.0,11.0,-5.0,12.0,-4.0,11.0,-5.0,10.0,-4.0,10.0,-2.0,10.0,-1.0,10.0,-1.0,10.0,0.0,9.0,0.0,9.0,0.0,10.0,1.0,10.0,1.0,10.0,3.0,10.0,4.0,12.0,4.0,13.0,7.0,13.0,7.0,14.0,7.0,14.0,7.0,14.0,6.0,14.0,7.0,14.0,8.0,14.0,8.0,15.0,9.0,15.0,10.0,16.0,9.0,16.0,8.0,16.0,8.0,16.0,9.0,17.0,10.0,18.0,11.0,18.0,10.0,19.0,10.0,19.0,10.0,19.0,9.0,19.0,9.0,19.0,8.0,19.0,7.0,19.0,6.0,20.0,5.0,19.0,4.0,19.0
14.0,-7.0,13.0,-7.0,14.0,-8.0,15.0,-7.0,13.0,-6.0,12.0,-6.0,11.0,-6.0,10.0,-7.0,10.0,-7.0,10.0,-7.0,11.0,-7.0,10.0,-8.0,10.0,-8.0,9.0,-7.0,9.0,-7.0,7.0,-9.0,6.0,-9.0,5.0,-9.0,5.0,-9.0,5.0,-9.0,5.0,-10.0,4.0,-10.0,3.0,-10.0,3.0,-11.0,3.0,-13.0,2.0,-14.0,1.0,-15.0,1.0,-16.0,1.0,-17.0,0.0,-17.0,1.0,-17.0,1.0,-17.0,0.0,-18.0,0.0,-18.0,0.0,-19.0,-1.0,-20.0,0.0,-20.0,1.0,-20.0,2.0,-20.0,1.0,-21.0,0.0,-22.0,0.0,-23.0,1.0,-23.0,1.0,-23.0,1.0,-22.0,1.0,-22.0,2.0,-22.0,3.0,-22.0,5.0,-22.0,6.0,-22.0,6.0,-20.0,7.0,-19.0
10.0,6.0,11.0,6.0,11.0,6.0,11.0,7.0,10.0,6.0,9.0,5.0,9.0,4.0,9.0,4.0,8.0,3.0,9.0,3.0,9.0,3.0,10.0,3.0,9.0,2.0,9.0,2.0,8.0,2.0,9.0,0.0,8.0,-1.0,7.0,-1.0,7.0,-1.0,8.0,-1.0,8.0,-1.0,8.0,-2.0,7.0,-3.0,8.0,-4.0,8.0,-5.0,9.0,-6.0,9.0,-7.0,10.0,-8.0,10.0,-8.0,10.0,-9.0,10.0,-8.0,10.0,-9.0,10.0,-9.0,10.0,-10.0,10.0,-10.0,11.0,-11.0,12.0,-11.0,12.0,-10.0,12.0,-10.0,13.0,-11.0,13.0,-12.0,13.0,-13.0,14.0,-13.0,14.0,-12.0,14.0,-12.0,14.0,-11.0,14.0,-11.0,15.0,-10.0,15.0,-9.0,15.0,-9.0,15.0,-8.0,15.0,-7.0
15.0,-5.0,15.0,-5.0,15.0,-6.0,16.0,-5.0,14.0,-4.0,13.0,-4.0,12.0,-5.0,11.0,-5.0,11.0,-6.0,11.0,-6.0,11.0,-6.0,11.0,-7.0,11.0,-7.0,10.0,-6.0,9.0,-7.0,8.0,-8.0,6.0,-8.0,6.0,-8.0,5.0,-8.0,5.0,-9.0,5.0,-9.0,5.0,-10.0,4.0,-10.0,3.0,-11.0,3.0,-13.0,3.0,-13.0,1.0,-15.0,1.0,-16.0,0.0,-17.0,0.0,-17.0,1.0,-16.0,0.0,-17.0,0.0,-18.0,-1.0,-18.0,-1.0,-19.0,-1.0,-20.0,0.0,-20.0,1.0,-20.0,1.0,-20.0,1.0,-22.0,0.0,-23.0,-1.0,-24.0,0.0,-24.0,1.0,-23.0,0.0,-23.0,1.0,-23.0,2.0,-23.0,3.0,-23.0,5.0,-23.0,6.0,-22.0,6.0,-21.0,7.0,-19.0
-8.0,10.0,-7.0,10.0,-7.0,11.0,-8.0,11.0,-7.0,10.0,-6.0,9.0,-5.0,9.0,-5.0,9.0,-5.0,9.0,-4.0,9.0,-4.0,9.0,-4.0,9.0,-3.0,9.0,-3.0,8.0,-3.0,8.0,-1.0,8.0,0.0,8.0,0.0,7.0,0.0,7.0,1.0,7.0,1.0,7.0,2.0,8.0,2.0,7.0,3.0,7.0,4.0,8.0,5.0,8.0,7.0,8.0,8.0,9.0,8.0,9.0,8.0,9.0,8.0,9.0,9.0,9.0,9.0,9.0,10.0,9.0,11.0,9.0,12.0,10.0,12.0,10.0,11.0,10.0,11.0,11.0,12.0,11.0,13.0,11.0,14.0,12.0,14.0,12.0,13.0,13.0,13.0,12.0,13.0,13.0,12.0,13.0,11.0,14.0,10.0,14.0,10.0,14.0,9.0,14.0,8.0,14.0
-13.0,6.0,-12.0,7.0,-12.0,8.0,-13.0,7.0,-12.0,6.0,-11.0,6.0,-10.0,6.0,-9.0,6.0,-9.0,6.0,-9.0,6.0,-9.0,7.0,-9.0,8.0,-8.0,7.0,-8.0,7.0,-7.0,7.0,-5.0,7.0,-4.0,8.0,-4.0,7.0,-3.0,7.0,-4.0,8.0,-4.0,8.0,-3.0,8.0,-2.0,8.0,-1.0,9.0,0.0,11.0,0.0,11.0,3.0,12.0,2.0,13.0,3.0,14.0,3.0,13.0,2.0,13.0,3.0,14.0,4.0,14.0,4.0,15.0,5.0,15.0,5.0,16.0,5.0,17.0,3.0,17.0,3.0,17.0,4.0,18.0,5.0,19.0,5.0,19.0,5.0,20.0,4.0,20.0,4.0,20.0,3.0,20.0,2.0,20.0,1.0,20.0,0.0,20.0,-1.0,20.0,-2.0,19.0,-2.0,18.0
-8.0,10.0,-7.0,10.0,-7.0,10.0,-8.0,10.0,-7.0,9.0,-6.0,8.0,-5.0,8.0,-5.0,8.0,-4.0,8.0,-4.0,8.0,-4.0,9.0,-4.0,9.0,-3.0,8.0,-3.0,7.0,-3.0,7.0,-1.0,7.0,0.0,7.0,0.0,7.0,1.0,6.0,1.0,7.0,1.0,7.0,2.0,7.0,2.0,7.0,3.0,7.0,4.0,8.0,5.0,8.0,7.0,8.0,7.0,8.0,7.0,9.0,8.0,9.0,7.0,9.0,8.0,8.0,9.0,9.0,9.0,9.0,10.0,9.0,11.0,10.0,11.0,10.0,10.0,11.0,10.0,11.0,11.0,11.0,12.0,12.0,13.0,12.0,13.0,13.0,12.0,13.0,12.0,13.0,11.0,13.0,11.0,13.0,10.0,14.0,9.0,14.0,8.0,15.0,7.0,14.0,7.0,14.0
0.0,-13.0,-1.0,-12.0,-1.0,-12.0,0.0,-12.0,0.0,-11.0,0.0,-11.0,-1.0,-10.0,-2.0,-10.0,-2.0,-9.0,-2.0,-9.0,-2.0,-10.0,-3.0,-10.0,-3.0,-9.0,-3.0,-8.0,-3.0,-8.0,-5.0,-7.0,-5.0,-7.0,-5.0,-6.0,-5.0,-5.0,-6.0,-5.0,-6.0,-6.0,-7.0,-5.0,-7.0,-5.0,-8.0,-4.0,-9.0,-5.0,-10.0,-5.0,-11.0,-4.0,-12.0,-4.0,-12.0,-3.0,-12.0,-3.0,-12.0,-3.0,-12.0,-3.0,-13.0,-3.0,-14.0,-3.0,-14.0,-3.0,-15.0,-3.0,-15.0,-4.0,-14.0,-4.0,-15.0,-4.0,-16.0,-4.0,-17.0,-4.0,-18.0,-4.0,-18.0,-4.0,-18.0,-5.0,-17.0,-5.0,-17.0,-5.0,-17.0,-6.0,-17.0,-6.0,-16.0,-7.0,-15.0,-8.0,-15.0,-8.0,-14.0,-9.0
10.0,7.0,11.0,6.0,11.0,5.0,11.0,6.0,9.0,6.0,9.0,5.0,8.0,4.0,8.0,4.0,8.0,3.0,8.0,3.0,9.0,3.0,9.0,2.0,8.0,1.0,8.0,1.0,7.0,1.0,8.0,0.0,7.0,-1.0,7.0,-1.0,7.0,-2.0,7.0,-3.0,8.0,-3.0,8.0,-3.0,8.0,-4.0,8.0,-5.0,9.0,-6.0,9.0,-6.0,9.0,-8.0,10.0,-8.0,10.0,-9.0,10.0,-9.0,10.0,-8.0,10.0,-9.0,10.0,-10.0,10.0,-10.0,11.0,-10.0,11.0,-11.0,12.0,-11.0,12.0,-10.0,12.0,-11.0,13.0,-11.0,13.0,-11.0,13.0,-12.0,14.0,-12.0,14.0,-11.0,14.0,-11.0,15.0,-10.0,15.0,-10.0,15.0,-9.0,16.0,-9.0,16.0,-8.0,15.0,-6.0,15.0,-5.0
-2.0,-12.0,-2.0,-11.0,-2.0,-11.0,-2.0,-11.0,-2.0,-10.0,-2.0,-10.0,-2.0,-9.0,-3.0,-9.0,-3.0,-8.0,-3.0,-8.0,-3.0,-8.0,-4.0,-8.0,-4.0,-7.0,-4.0,-7.0,-4.0,-6.0,-5.0,-6.0,-5.0,-5.0,-5.0,-5.0,-6.0,-4.0,-6.0,-4.0,-6.0,-5.0,-7.0,-4.0,-7.0,-4.0,-8.0,-3.0,-9.0,-4.0,-9.0,-4.0,-10.0,-3.0,-11.0,-3.0,-12.0,-3.0,-12.0,-3.0,-11.0,-3.0,-11.0,-3.0,-12.0,-3.0,-12.0,-3.0,-13.0,-3.0,-13.0,-3.0,-13.0,-4.0,-13.0,-4.0,-13.0,-4.0,-14.0,-4.0,-14.0,-4.0,-15.0,-4.0,-16.0,-4.0,-15.0,-5.0,-15.0,-5.0,-14.0,-5.0,-14.0,-6.0,-14.0,-6.0,-14.0,-6.0,-13.0,-7.0,-12.0,-8.0,-12.0,-8.0
-6.0,12.0,-5.0,11.0,-5.0,12.0,-6.0,12.0,-6.0,10.0,-5.0,9.0,-4.0,9.0,-3.0,9.0,-3.0,8.0,-3.0,8.0,-3.0,9.0,-2.0,9.0,-2.0,8.0,-2.0,7.0,-1.0,7.0,1.0,7.0,1.0,7.0,1.0,6.0,2.0,6.0,2.0,6.0,2.0,7.0,3.0,7.0,3.0,7.0,4.0,7.0,5.0,8.0,6.0,9.0,8.0,8.0,7.0,9.0,8.0,9.0,8.0,9.0,7.0,9.0,8.0,9.0,8.0,9.0,8.0,9.0,9.0,9.0,10.0,10.0,9.0,10.0,8.0,10.0,8.0,10.0,9.0,10.0,10.0,11.0,11.0,11.0,11.0,11.0,10.0,12.0,10.0,12.0,10.0,12.0,9.0,12.0,8.0,12.0,7.0,12.0,7.0,13.0,6.0,13.0,6.0,13.0
7.0,9.0,7.0,8.0,7.0,8.0,7.0,9.0,6.0,8.0,5.0,7.0,5.0,7.0,5.0,6.0,5.0,5.0,5.0,5.0,6.0,6.0,6.0,5.0,6.0,4.0,5.0,4.0,5.0,4.0,5.0,3.0,5.0,2.0,5.0,2.0,5.0,1.0,5.0,1.0,5.0,1.0,6.0,0.0,6.0,0.0,6.0,-1.0,7.0,-1.0,7.0,-1.0,8.0,-2.0,9.0,-2.0,9.0,-3.0,9.0,-2.0,9.0,-2.0,9.0,-3.0,9.0,-3.0,9.0,-3.0,10.0,-3.0,10.0,-3.0,11.0,-3.0,10.0,-3.0,11.0,-3.0,11.0,-3.0,11.0,-3.0,12.0,-3.0,12.0,-3.0,12.0,-3.0,12.0,-2.0,12.0,-2.0,12.0,-2.0,12.0,-2.0,12.0,-2.0,12.0,-1.0,11.0,0.0,11.0,1.0
-12.0,3.0,-12.0,4.0,-12.0,4.0,-13.0,4.0,-12.0,3.0,-10.0,3.0,-9.0,3.0,-9.0,3.0,-9.0,3.0,-9.0,3.0,-9.0,3.0,-9.0,4.0,-8.0,4.0,-7.0,4.0,-6.0,4.0,-6.0,4.0,-5.0,4.0,-4.0,4.0,-4.0,4.0,-4.0,5.0,-4.0,6.0,-3.0,6.0,-3.0,6.0,-2.0,6.0,-3.0,7.0,-3.0,8.0,-1.0,9.0,-2.0,10.0,-1.0,10.0,-1.0,10.0,-1.0,10.0,-1.0,10.0,-1.0,11.0,-1.0,11.0,-1.0,11.0,0.0,11.0,-1.0,11.0,-2.0,11.0,-2.0,11.0,-1.0,12.0,-1.0,12.0,-1.0,13.0,-1.0,14.0,-1.0,13.0,-1.0,12.0,-1.0,12.0,-2.0,13.0,-2.0,13.0,-4.0,13.0,-4.0,13.0,-4.0,11.0,-4.0,11.0
3.0,8.0,3.0,8.0,3.0,8.0,3.0,8.0,2.0,7.0,2.0,7.0,2.0,6.0,2.0,6.0,2.0,5.0,3.0,6.0,3.0,6.0,3.0,5.0,3.0,5.0,2.0,4.0,2.0,4.0,3.0,3.0,4.0,3.0,3.0,2.0,3.0,2.0,3.0,2.0,4.0,2.0,4.0,2.0,4.0,1.0,5.0,0.0,5.0,0.0,5.0,0.0,7.0,-1.0,7.0,-1.0,8.0,-1.0,7.0,-1.0,7.0,0.0,7.0,-1.0,8.0,-1.0,8.0,-1.0,9.0,-1.0,9.0,-1.0,9.0,-1.0,9.0,-1.0,9.0,-1.0,10.0,-1.0,10.0,-1.0,11.0,-1.0,11.0,-1.0,10.0,-1.0,10.0,0.0,10.0,0.0,10.0,0.0,10.0,0.0,11.0,1.0,10.0,1.0,9.0,2.0,8.0,2.0
4.0,-10.0,3.0,-10.0,3.0,-10.0,4.0,-10.0,4.0,-9.0,3.0,-8.0,2.0,-8.0,2.0,-7.0,2.0,-7.0,2.0,-7.0,2.0,-8.0,1.0,-8.0,1.0,-7.0,1.0,-7.0,1.0,-7.0,0.0,-7.0,-1.0,-6.0,-1.0,-6.0,-1.0,-5.0,-1.0,-6.0,-2.0,-6.0,-2.0,-6.0,-3.0,-6.0,-3.0,-6.0,-4.0,-6.0,-5.0,-6.0,-6.0,-6.0,-6.0,-7.0,-7.0,-7.0,-7.0,-7.0,-6.0,-7.0,-7.0,-7.0,-7.0,-7.0,-8.0,-7.0,-8.0,-7.0,-9.0,-7.0,-9.0,-8.0,-8.0,-8.0,-8.0,-8.0,-9.0,-8.0,-10.0,-9.0,-10.0,-9.0,-10.0,-9.0,-10.0,-10.0,-10.0,-10.0,-9.0,-10.0,-9.0,-10.0,-8.0,-10.0,-8.0,-11.0,-7.0,-11.0,-7.0,-11.0,-6.0,-11.0
0.0,-13.0,0.0,-13.0,-1.0,-13.0,0.0,-13.0,1.0,-12.0,0.0,-11.0,-1.0,-10.0,-1.0,-10.0,-1.0,-9.0,-2.0,-9.0,-2.0,-9.0,-3.0,-9.0,-2.0,-8.0,-2.0,-8.0,-2.0,-7.0,-4.0,-7.0,-4.0,-7.0,-4.0,-6.0,-4.0,-6.0,-4.0,-6.0,-5.0,-6.0,-5.0,-5.0,-6.0,-5.0,-7.0,-4.0,-8.0,-4.0,-8.0,-4.0,-10.0,-3.0,-10.0,-3.0,-11.0,-3.0,-11.0,-3.0,-11.0,-3.0,-11.0,-3.0,-12.0,-2.0,-12.0,-3.0,-13.0,-2.0,-14.0,-2.0,-14.0,-3.0,-14.0,-4.0,-14.0,-3.0,-14.0,-3.0,-15.0,-3.0,-16.0,-3.0,-17.0,-3.0,-17.0,-4.0,-16.0,-4.0,-16.0,-4.0,-16.0,-5.0,-16.0,-5.0,-15.0,-6.0,-15.0,-7.0,-14.0,-8.0,-14.0,-8.0
-3.0,-12.0,-3.0,-11.0,-4.0,-11.0,-3.0,-12.0,-2.0,-11.0,-2.0,-10.0,-3.0,-9.0,-3.0,-9.0,-3.0,-8.0,-3.0,-8.0,-4.0,-8.0,-4.0,-8.0,-4.0,-7.0,-4.0,-7.0,-4.0,-6.0,-5.0,-6.0,-5.0,-5.0,-5.0,-4.0,-5.0,-3.0,-5.0,-3.0,-6.0,-3.0,-6.0,-3.0,-6.0,-3.0,-7.0,-2.0,-8.0,-2.0,-8.0,-2.0,-10.0,0.0,-10.0,0.0,-11.0,0.0,-11.0,0.0,-10.0,0.0,-11.0,1.0,-11.0,1.0,-12.0,1.0,-12.0,2.0,-13.0,2.0,-13.0,2.0,-13.0,2.0,-13.0,2.0,-14.0,2.0,-14.0,2.0,-15.0,3.0,-16.0,3.0,-16.0,2.0,-16.0,2.0,-16.0,2.0,-16.0,1.0,-15.0,1.0,-15.0,1.0,-16.0,0.0,-15.0,-1.0,-15.0,-2.0
-4.0,10.0,-3.0,10.0,-3.0,11.0,-4.0,10.0,-4.0,9.0,-3.0,9.0,-2.0,8.0,-2.0,8.0,-1.0,7.0,-1.0,7.0,-1.0,8.0,0.0,8.0,0.0,7.0,-1.0,6.0,0.0,6.0,1.0,6.0,2.0,5.0,2.0,4.0,2.0,4.0,3.0,4.0,3.0,4.0,3.0,4.0,4.0,4.0,5.0,3.0,6.0,4.0,6.0,4.0,8.0,3.0,9.0,3.0,9.0,3.0,9.0,3.0,9.0,3.0,9.0,3.0,10.0,3.0,10.0,3.0,11.0,3.0,12.0,3.0,13.0,3.0,12.0,3.0,12.0,3.0,13.0,3.0,14.0,3.0,15.0,3.0,15.0,3.0,15.0,3.0,15.0,4.0,15.0,4.0,15.0,4.0,15.0,4.0,14.0,5.0,14.0,6.0,13.0,7.0,12.0,7.0
6.0,11.0,6.0,10.0,6.0,10.0,6.0,11.0,5.0,10.0,4.0,9.0,5.0,9.0,5.0,8.0,5.0,8.0,4.0,8.0,5.0,8.0,5.0,8.0,5.0,7.0,4.0,6.0,4.0,6.0,5.0,5.0,5.0,4.0,4.0,3.0,4.0,2.0,4.0,2.0,5.0,2.0,5.0,2.0,5.0,1.0,6.0,0.0,7.0,0.0,7.0,0.0,8.0,-2.0,9.0,-2.0,9.0,-2.0,9.0,-2.0,9.0,-2.0,9.0,-3.0,9.0,-3.0,10.0,-3.0,10.0,-4.0,11.0,-4.0,11.0,-4.0,11.0,-3.0,11.0,-4.0,12.0,-4.0,13.0,-4.0,13.0,-5.0,14.0,-5.0,14.0,-4.0,14.0,-4.0,14.0,-4.0,14.0,-4.0,14.0,-3.0,14.0,-3.0,14.0,-2.0,14.0,0.0,13.0,0.0
-2.0,-11.0,-2.0,-11.0,-3.0,-10.0,-2.0,-11.0,-1.0,-10.0,-1.0,-9.0,-2.0,-9.0,-2.0,-8.0,-2.0,-8.0,-2.0,-8.0,-2.0,-8.0,-2.0,-8.0,-2.0,-7.0,-2.0,-7.0,-2.0,-6.0,-3.0,-6.0,-3.0,-5.0,-3.0,-5.0,-3.0,-4.0,-3.0,-4.0,-4.0,-4.0,-4.0,-4.0,-4.0,-3.0,-5.0,-3.0,-5.0,-3.0,-6.0,-4.0,-7.0,-2.0,-7.0,-3.0,-8.0,-3.0,-8.0,-3.0,-8.0,-3.0,-8.0,-2.0,-8.0,-2.0,-9.0,-2.0,-9.0,-2.0,-10.0,-2.0,-10.0,-2.0,-9.0,-3.0,-9.0,-2.0,-10.0,-2.0,-11.0,-3.0,-11.0,-3.0,-12.0,-3.0,-12.0,-3.0,-11.0,-3.0,-11.0,-3.0,-11.0,-4.0,-11.0,-4.0,-10.0,-4.0,-10.0,-5.0,-10.0,-5.0,-9.0,-5.0
-11.0,9.0,-10.0,9.0,-10.0,9.0,-11.0,8.0,-11.0,7.0,-9.0,7.0,-8.0,7.0,-8.0,7.0,-7.0,6.0,-8.0,6.0,-8.0,7.0,-7.0,7.0,-7.0,6.0,-7.0,5.0,-6.0,5.0,-5.0,6.0,-4.0,6.0,-3.0,5.0,-3.0,5.0,-3.0,5.0,-2.0,5.0,-2.0,6.0,-1.0,6.0,0.0,6.0,0.0,7.0,1.0,8.0,3.0,8.0,3.0,9.0,3.0,10.0,3.0,9.0,3.0,9.0,3.0,9.0,4.0,10.0,4.0,10.0,5.0,10.0,6.0,11.0,5.0,11.0,4.0,11.0,4.0,11.0,4.0,12.0,5.0,13.0,6.0,13.0,6.0,14.0,6.0,14.0,6.0,14.0,5.0,14.0,5.0,14.0,4.0,14.0,2.0,14.0,2.0,14.0,1.0,14.0,1.0,14.0
9.0,-6.0,8.0,-6.0,8.0,-6.0,9.0,-6.0,8.0,-5.0,7.0,-5.0,6.0,-5.0,5.0,-5.0,5.0,-5.0,5.0,-5.0,5.0,-5.0,5.0,-5.0,5.0,-5.0,5.0,-4.0,4.0,-4.0,3.0,-5.0,2.0,-5.0,1.0,-5.0,1.0,-5.0,1.0,-5.0,1.0,-5.0,1.0,-5.0,0.0,-5.0,-1.0,-6.0,-1.0,-6.0,-1.0,-7.0,-3.0,-7.0,-3.0,-8.0,-3.0,-8.0,-3.0,-8.0,-3.0,-8.0,-3.0,-9.0,-4.0,-9.0,-4.0,-9.0,-5.0,-9.0,-5.0,-9.0,-5.0,-10.0,-4.0,-10.0,-4.0,-10.0,-5.0,-11.0,-6.0,-11.0,-6.0,-11.0,-6.0,-12.0,-6.0,-12.0,-6.0,-12.0,-6.0,-12.0,-5.0,-12.0,-4.0,-13.0,-4.0,-13.0,-3.0,-13.0,-3.0,-12.0,-3.0,-12.0
10.0,1.0,10.0,0.0,10.0,0.0,10.0,0.0,9.0,0.0,8.0,0.0,8.0,0.0,7.0,0.0,7.0,-1.0,7.0,-1.0,7.0,-1.0,7.0,-1.0,6.0,-1.0,6.0,-1.0,5.0,-1.0,5.0,-2.0,4.0,-2.0,4.0,-2.0,3.0,-3.0,3.0,-3.0,3.0,-4.0,2.0,-4.0,2.0,-4.0,1.0,-5.0,1.0,-6.0,1.0,-6.0,0.0,-7.0,0.0,-8.0,0.0,-9.0,0.0,-9.0,0.0,-9.0,0.0,-9.0,-1.0,-10.0,-1.0,-10.0,-1.0,-10.0,-1.0,-10.0,-1.0,-11.0,-1.0,-11.0,-1.0,-12.0,-1.0,-12.0,-1.0,-13.0,-1.0,-13.0,-1.0,-14.0,-1.0,-14.0,0.0,-13.0,0.0,-13.0,0.0,-14.0,0.0,-14.0,1.0,-15.0,2.0,-14.0,3.0,-13.0,3.0,-12.0
-6.0,-8.0,-6.0,-8.0,-6.0,-8.0,-6.0,-8.0,-5.0,-8.0,-5.0,-7.0,-5.0,-7.0,-5.0,-6.0,-5.0,-6.0,-5.0,-6.0,-5.0,-6.0,-5.0,-5.0,-5.0,-4.0,-4.0,-4.0,-4.0,-4.0,-4.0,-3.0,-4.0,-3.0,-4.0,-2.0,-4.0,-2.0,-4.0,-2.0,-4.0,-1.0,-4.0,-1.0,-4.0,0.0,-4.0,1.0,-5.0,1.0,-5.0,1.0,-5.0,2.0,-6.0,3.0,-6.0,3.0,-6.0,3.0,-6.0,3.0,-6.0,4.0,-6.0,4.0,-6.0,4.0,-7.0,4.0,-7.0,5.0,-7.0,5.0,-7.0,5.0,-7.0,6.0,-8.0,6.0,-8.0,6.0,-8.0,7.0,-9.0,7.0,-9.0,7.0,-9.0,6.0,-9.0,6.0,-9.0,6.0,-10.0,7.0,-10.0,7.0,-10.0,6.0,-10.0,4.0,-10.0,4.0
-5.0,9.0,-5.0,9.0,-5.0,9.0,-6.0,9.0,-6.0,8.0,-5.0,7.0,-4.0,7.0,-4.0,6.0,-4.0,6.0,-4.0,6.0,-4.0,7.0,-4.0,7.0,-4.0,6.0,-4.0,5.0,-3.0,5.0,-2.0,5.0,-1.0,5.0,-1.0,4.0,-1.0,4.0,-1.0,4.0,0.0,4.0,0.0,4.0,1.0,4.0,1.0,4.0,2.0,4.0,3.0,5.0,4.0,4.0,4.0,4.0,5.0,5.0,5.0,4.0,5.0,5.0,5.0,5.0,6.0,4.0,6.0,5.0,7.0,4.0,7.0,4.0,7.0,5.0,7.0,5.0,7.0,5.0,8.0,5.0,9.0,5.0,9.0,6.0,9.0,6.0,9.0,6.0,9.0,6.0,9.0,6.0,9.0,6.0,8.0,7.0,7.0,7.0,7.0,8.0,7.0,8.0,7.0,8.0
-10.0,2.0,-9.0,3.0,-10.0,3.0,-10.0,2.0,-9.0,2.0,-8.0,1.0,-8.0,2.0,-7.0,2.0,-7.0,2.0,-7.0,2.0,-7.0,2.0,-7.0,3.0,-7.0,3.0,-6.0,2.0,-6.0,2.0,-5.0,2.0,-4.0,3.0,-4.0,2.0,-4.0,3.0,-3.0,3.0,-3.0,4.0,-3.0,4.0,-2.0,3.0,-2.0,4.0,-2.0,5.0,-2.0,5.0,0.0,6.0,-1.0,7.0,0.0,7.0,0.0,7.0,0.0,7.0,0.0,7.0,1.0,8.0,1.0,8.0,1.0,8.0,2.0,8.0,1.0,9.0,1.0,9.0,1.0,9.0,1.0,10.0,2.0,10.0,2.0,11.0,1.0,11.0,1.0,11.0,1.0,10.0,1.0,10.0,1.0,11.0,0.0,11.0,-1.0,12.0,-1.0,11.0,-2.0,10.0,-2.0,9.0
8.0,-6.0,7.0,-6.0,8.0,-7.0,8.0,-6.0,8.0,-5.0,6.0,-5.0,6.0,-5.0,5.0,-5.0,5.0,-5.0,5.0,-5.0,5.0,-5.0,5.0,-6.0,5.0,-5.0,5.0,-5.0,4.0,-5.0,3.0,-5.0,2.0,-5.0,1.0,-5.0,1.0,-5.0,1.0,-5.0,1.0,-5.0,1.0,-6.0,0.0,-5.0,-1.0,-6.0,-1.0,-7.0,-2.0,-7.0,-3.0,-7.0,-3.0,-8.0,-4.0,-8.0,-4.0,-8.0,-4.0,-8.0,-4.0,-8.0,-5.0,-9.0,-5.0,-9.0,-6.0,-9.0,-7.0,-9.0,-7.0,-10.0,-6.0,-10.0,-6.0,-11.0,-7.0,-11.0,-8.0,-11.0,-8.0,-12.0,-8.0,-12.0,-8.0,-12.0,-8.0,-12.0,-8.0,-12.0,-7.0,-13.0,-6.0,-14.0,-6.0,-14.0,-5.0,-14.0,-4.0,-13.0,-4.0,-12.0
-6.0,-11.0,-6.0,-10.0,-6.0,-10.0,-5.0,-10.0,-5.0,-10.0,-4.0,-9.0,-5.0,-8.0,-5.0,-8.0,-5.0,-7.0,-5.0,-7.0,-6.0,-7.0,-6.0,-7.0,-5.0,-7.0,-5.0,-6.0,-5.0,-6.0,-5.0,-5.0,-6.0,-4.0,-5.0,-4.0,-5.0,-3.0,-5.0,-3.0,-6.0,-3.0,-6.0,-2.0,-6.0,-2.0,-6.0,-1.0,-7.0,0.0,-8.0,0.0,-9.0,2.0,-9.0,2.0,-9.0,3.0,-9.0,3.0,-9.0,3.0,-9.0,3.0,-9.0,4.0,-10.0,4.0,-11.0,5.0,-11.0,6.0,-12.0,6.0,-11.0,5.0,-12.0,6.0,-12.0,7.0,-13.0,7.0,-14.0,8.0,-14.0,8.0,-14.0,8.0,-14.0,8.0,-15.0,7.0,-15.0,7.0,-15.0,7.0,-15.0,6.0,-16.0,5.0,-16.0,4.0,-15.0,3.0
1.0,-13.0,0.0,-12.0,0.0,-12.0,1.0,-13.0,1.0,-11.0,1.0,-10.0,0.0,-10.0,0.0,-10.0,-1.0,-10.0,-1.0,-9.0,-1.0,-10.0,-1.0,-10.0,-1.0,-9.0,-1.0,-8.0,-2.0,-8.0,-3.0,-8.0,-3.0,-7.0,-3.0,-6.0,-4.0,-5.0,-4.0,-5.0,-4.0,-6.0,-5.0,-5.0,-5.0,-5.0,-6.0,-4.0,-7.0,-5.0,-8.0,-5.0,-10.0,-3.0,-11.0,-3.0,-11.0,-3.0,-11.0,-3.0,-11.0,-3.0,-11.0,-2.0,-12.0,-2.0,-13.0,-1.0,-14.0,-1.0,-15.0,-1.0,-15.0,-1.0,-15.0,-2.0,-15.0,-1.0,-17.0,-1.0,-18.0,-1.0,-19.0,-1.0,-20.0,-1.0,-19.0,-1.0,-19.0,-1.0,-19.0,-2.0,-20.0,-2.0,-20.0,-3.0,-19.0,-3.0,-19.0,-5.0,-18.0,-6.0,-18.0,-6.0
-7.0,6.0,-7.0,7.0,-7.0,7.0,-7.0,6.0,-7.0,6.0,-6.0,5.0,-5.0,5.0,-5.0,5.0,-5.0,5.0,-5.0,5.0,-4.0,5.0,-4.0,6.0,-4.0,5.0,-4.0,5.0,-3.0,5.0,-2.0,5.0,-1.0,5.0,-1.0,4.0,-1.0,4.0,-1.0,4.0,0.0,5.0,0.0,5.0,1.0,4.0,2.0,4.0,2.0,5.0,3.0,5.0,5.0,5.0,5.0,6.0,6.0,6.0,6.0,6.0,6.0,6.0,6.0,6.0,7.0,6.0,8.0,6.0,9.0,6.0,9.0,6.0,10.0,7.0,9.0,7.0,9.0,7.0,10.0,8.0,12.0,8.0,13.0,8.0,13.0,9.0,12.0,9.0,12.0,9.0,12.0,9.0,12.0,9.0,11.0,10.0,11.0,11.0,10.0,11.0,9.0,11.0,9.0,11.0
-7.0,-8.0,-7.0,-7.0,-8.0,-7.0,-7.0,-8.0,-6.0,-7.0,-6.0,-7.0,-6.0,-6.0,-6.0,-6.0,-6.0,-5.0,-6.0,-5.0,-6.0,-5.0,-7.0,-5.0,-6.0,-4.0,-6.0,-4.0,-6.0,-3.0,-6.0,-3.0,-5.0,-2.0,-5.0,-2.0,-5.0,-1.0,-5.0,0.0,-5.0,0.0,-5.0,1.0,-5.0,1.0,-5.0,2.0,-6.0,3.0,-6.0,3.0,-6.0,5.0,-6.0,6.0,-7.0,7.0,-7.0,7.0,-6.0,7.0,-6.0,8.0,-6.0,8.0,-6.0,9.0,-6.0,9.0,-6.0,10.0,-7.0,10.0,-7.0,10.0,-8.0,11.0,-8.0,12.0,-8.0,12.0,-8.0,13.0,-9.0,14.0,-9.0,13.0,-9.0,13.0,-9.0,13.0,-9.0,13.0,-10.0,13.0,-10.0,13.0,-11.0,12.0,-11.0,11.0,-11.0,10.0
-2.0,10.0,-1.0,10.0,-1.0,10.0,-2.0,10.0,-2.0,9.0,-2.0,8.0,-1.0,8.0,-1.0,7.0,0.0,7.0,0.0,7.0,0.0,7.0,0.0,7.0,0.0,7.0,0.0,6.0,0.0,5.0,1.0,5.0,2.0,4.0,2.0,4.0,2.0,3.0,2.0,3.0,3.0,3.0,3.0,3.0,4.0,2.0,4.0,1.0,5.0,1.0,6.0,1.0,8.0,-1.0,8.0,-1.0,9.0,-1.0,9.0,-1.0,9.0,-1.0,9.0,-1.0,10.0,-2.0,10.0,-2.0,11.0,-3.0,12.0,-3.0,13.0,-3.0,12.0,-2.0,13.0,-3.0,14.0,-3.0,15.0,-4.0,16.0,-4.0,16.0,-4.0,16.0,-4.0,16.0,-4.0,16.0,-3.0,16.0,-3.0,16.0,-2.0,16.0,-1.0,16.0,-1.0,16.0,0.0,15.0,0.0
-12.0,-3.0,-13.0,-2.0,-13.0,-2.0,-13.0,-2.0,-12.0,-3.0,-11.0,-3.0,-11.0,-2.0,-10.0,-1.0,-10.0,-1.0,-10.0,-1.0,-10.0,-1.0,-10.0,-1.0,-10.0,0.0,-9.0,-1.0,-8.0,0.0,-8.0,1.0,-7.0,1.0,-6.0,1.0,-6.0,2.0,-6.0,3.0,-6.0,3.0,-5.0,4.0,-5.0,4.0,-5.0,5.0,-5.0,6.0,-5.0,6.0,-3.0,8.0,-4.0,9.0,-4.0,10.0,-3.0,10.0,-3.0,10.0,-3.0,11.0,-2.0,12.0,-2.0,12.0,-2.0,13.0,-1.0,13.0,-2.0,14.0,-3.0,14.0,-2.0,15.0,-2.0,16.0,-1.0,16.0,-1.0,18.0,-2.0,18.0,-2.0,18.0,-2.0,17.0,-2.0,17.0,-3.0,18.0,-3.0,18.0,-4.0,18.0,-5.0,18.0,-6.0,16.0,-6.0,15.0
3.0,-11.0,3.0,-11.0,3.0,-11.0,4.0,-11.0,4.0,-10.0,3.0,-9.0,2.0,-9.0,2.0,-9.0,2.0,-8.0,2.0,-8.0,2.0,-9.0,2.0,-9.0,2.0,-8.0,2.0,-8.0,2.0,-7.0,0.0,-7.0,-1.0,-7.0,-1.0,-6.0,-1.0,-6.0,-1.0,-6.0,-1.0,-6.0,-2.0,-6.0,-3.0,-6.0,-3.0,-6.0,-4.0,-6.0,-5.0,-6.0,-7.0,-6.0,-7.0,-6.0,-8.0,-7.0,-8.0,-6.0,-8.0,-6.0,-9.0,-6.0,-9.0,-6.0,-10.0,-6.0,-11.0,-6.0,-12.0,-6.0,-12.0,-7.0,-11.0,-7.0,-11.0,-7.0,-13.0,-7.0,-14.0,-8.0,-15.0,-8.0,-15.0,-8.0,-15.0,-8.0,-15.0,-8.0,-15.0,-9.0,-15.0,-9.0,-14.0,-10.0,-13.0,-11.0,-13.0,-11.0,-12.0,-12.0,-12.0,-11.0
-5.0,-14.0,-5.0,-13.0,-6.0,-13.0,-4.0,-14.0,-4.0,-13.0,-4.0,-12.0,-4.0,-11.0,-4.0,-11.0,-4.0,-10.0,-4.0,-10.0,-4.0,-11.0,-5.0,-10.0,-5.0,-9.0,-4.0,-9.0,-4.0,-8.0,-5.0,-8.0,-5.0,-7.0,-5.0,-6.0,-5.0,-5.0,-5.0,-5.0,-6.0,-5.0,-6.0,-4.0,-6.0,-3.0,-7.0,-2.0,-8.0,-2.0,-8.0,-2.0,-10.0,0.0,-10.0,0.0,-11.0,1.0,-11.0,1.0,-11.0,1.0,-11.0,2.0,-11.0,3.0,-12.0,3.0,-12.0,3.0,-13.0,4.0,-14.0,4.0,-14.0,4.0,-14.0,4.0,-15.0,5.0,-16.0,5.0,-17.0,5.0,-18.0,6.0,-18.0,5.0,-18.0,5.0,-18.0,5.0,-18.0,5.0,-19.0,4.0,-19.0,4.0,-19.0,2.0,-19.0,1.0,-18.0,0.0
-6.0,10.0,-6.0,10.0,-6.0,10.0,-7.0,10.0,-7.0,9.0,-6.0,8.0,-5.0,8.0,-5.0,8.0,-5.0,8.0,-5.0,8.0,-5.0,8.0,-5.0,8.0,-4.0,8.0,-4.0,7.0,-4.0,7.0,-3.0,7.0,-2.0,7.0,-2.0,6.0,-1.0,5.0,-1.0,5.0,-1.0,6.0,0.0,6.0,0.0,5.0,1.0,5.0,2.0,6.0,3.0,6.0,5.0,6.0,5.0,6.0,5.0,7.0,5.0,6.0,5.0,6.0,6.0,6.0,7.0,6.0,7.0,6.0,8.0,6.0,9.0,6.0,9.0,7.0,9.0,7.0,9.0,7.0,10.0,8.0,11.0,8.0,12.0,9.0,12.0,9.0,12.0,9.0,12.0,9.0,12.0,9.0,12.0,10.0,11.0,11.0,10.0,11.0,10.0,11.0,9.0,12.0,8.0,11.0
-3.0,-14.0,-3.0,-13.0,-3.0,-14.0,-2.0,-14.0,-2.0,-13.0,-2.0,-12.0,-2.0,-11.0,-3.0,-11.0,-3.0,-11.0,-2.0,-11.0,-3.0,-11.0,-3.0,-11.0,-3.0,-10.0,-3.0,-9.0,-3.0,-9.0,-4.0,-9.0,-4.0,-8.0,-4.0,-7.0,-4.0,-7.0,-4.0,-7.0,-5.0,-7.0,-5.0,-6.0,-5.0,-5.0,-6.0,-5.0,-7.0,-5.0,-8.0,-6.0,-10.0,-5.0,-10.0,-5.0,-11.0,-4.0,-11.0,-4.0,-10.0,-4.0,-11.0,-3.0,-12.0,-3.0,-12.0,-3.0,-13.0,-3.0,-14.0,-3.0,-14.0,-3.0,-14.0,-4.0,-14.0,-4.0,-16.0,-4.0,-17.0,-4.0,-18.0,-4.0,-18.0,-4.0,-18.0,-4.0,-18.0,-5.0,-18.0,-5.0,-18.0,-6.0,-18.0,-6.0,-17.0,-6.0,-17.0,-7.0,-16.0,-9.0,-15.0,-9.0
-9.0,-8.0,-9.0,-7.0,-9.0,-7.0,-9.0,-8.0,-8.0,-8.0,-7.0,-7.0,-7.0,-7.0,-7.0,-6.0,-7.0,-6.0,-8.0,-6.0,-8.0,-6.0,-8.0,-5.0,-8.0,-5.0,-7.0,-4.0,-7.0,-4.0,-7.0,-3.0,-7.0,-3.0,-7.0,-2.0,-7.0,-2.0,-7.0,-1.0,-7.0,-1.0,-8.0,-1.0,-7.0,0.0,-8.0,1.0,-8.0,1.0,-9.0,1.0,-9.0,3.0,-10.0,3.0,-10.0,4.0,-10.0,4.0,-10.0,4.0,-10.0,5.0,-10.0,5.0,-11.0,5.0,-11.0,6.0,-11.0,6.0,-11.0,6.0,-12.0,6.0,-12.0,7.0,-13.0,8.0,-13.0,8.0,-14.0,8.0,-15.0,9.0,-15.0,8.0,-15.0,7.0,-15.0,7.0,-15.0,7.0,-15.0,7.0,-16.0,7.0,-16.0,6.0,-16.0,4.0,-15.0,3.0
1.0,-12.0,0.0,-11.0,0.0,-12.0,1.0,-12.0,1.0,-11.0,1.0,-10.0,0.0,-9.0,-1.0,-9.0,-1.0,-9.0,-1.0,-9.0,-1.0,-9.0,-1.0,-10.0,-1.0,-9.0,-1.0,-8.0,-2.0,-8.0,-3.0,-8.0,-4.0,-7.0,-3.0,-6.0,-3.0,-6.0,-4.0,-6.0,-4.0,-6.0,-5.0,-6.0,-5.0,-5.0,-6.0,-5.0,-7.0,-6.0,-8.0,-6.0,-10.0,-5.0,-10.0,-5.0,-11.0,-5.0,-11.0,-5.0,-10.0,-5.0,-11.0,-4.0,-12.0,-4.0,-12.0,-4.0,-14.0,-4.0,-14.0,-4.0,-14.0,-4.0,-14.0,-5.0,-14.0,-5.0,-15.0,-4.0,-16.0,-4.0,-18.0,-4.0,-18.0,-4.0,-18.0,-5.0,-17.0,-5.0,-17.0,-5.0,-17.0,-6.0,-17.0,-6.0,-16.0,-7.0,-16.0,-8.0,-15.0,-9.0,-15.0,-9.0
0.0,-11.0,0.0,-11.0,0.0,-11.0,0.0,-12.0,1.0,-11.0,0.0,-10.0,-1.0,-10.0,-1.0,-9.0,-1.0,-9.0,-1.0,-9.0,-2.0,-9.0,-2.0,-9.0,-2.0,-9.0,-1.0,-8.0,-2.0,-8.0,-3.0,-8.0,-4.0,-7.0,-4.0,-6.0,-4.0,-6.0,-4.0,-6.0,-4.0,-6.0,-5.0,-5.0,-5.0,-5.0,-6.0,-4.0,-7.0,-5.0,-8.0,-5.0,-10.0,-3.0,-10.0,-4.0,-11.0,-4.0,-11.0,-3.0,-11.0,-3.0,-12.0,-3.0,-12.0,-3.0,-13.0,-3.0,-13.0,-2.0,-14.0,-2.0,-14.0,-3.0,-14.0,-3.0,-14.0,-3.0,-15.0,-3.0,-16.0,-3.0,-17.0,-2.0,-18.0,-2.0,-18.0,-3.0,-18.0,-3.0,-18.0,-3.0,-18.0,-3.0,-17.0,-4.0,-16.0,-5.0,-17.0,-6.0,-16.0,-7.0,-15.0,-7.0
4.0,-10.0,3.0,-10.0,3.0,-11.0,4.0,-11.0,4.0,-10.0,3.0,-9.0,2.0,-9.0,2.0,-8.0,1.0,-8.0,2.0,-8.0,1.0,-9.0,1.0,-9.0,1.0,-9.0,1.0,-8.0,1.0,-8.0,-1.0,-8.0,-2.0,-8.0,-2.0,-7.0,-2.0,-7.0,-2.0,-7.0,-2.0,-7.0,-3.0,-7.0,-4.0,-6.0,-5.0,-6.0,-5.0,-7.0,-6.0,-7.0,-8.0,-7.0,-8.0,-7.0,-9.0,-8.0,-9.0,-7.0,-9.0,-7.0,-9.0,-7.0,-10.0,-7.0,-11.0,-7.0,-12.0,-7.0,-12.0,-8.0,-12.0,-8.0,-12.0,-9.0,-12.0,-9.0,-13.0,-9.0,-14.0,-9.0,-15.0,-10.0,-15.0,-10.0,-15.0,-10.0,-14.0,-10.0,-14.0,-11.0,-14.0,-11.0,-13.0,-11.0,-12.0,-12.0,-12.0,-13.0,-11.0,-13.0,-11.0,-13.0
7.0,8.0,7.0,8.0,8.0,7.0,7.0,8.0,6.0,7.0,6.0,6.0,6.0,6.0,6.0,5.0,6.0,5.0,7.0,5.0,7.0,5.0,7.0,5.0,7.0,4.0,6.0,4.0,6.0,3.0,7.0,2.0,7.0,1.0,6.0,0.0,6.0,0.0,6.0,-1.0,7.0,-1.0,7.0,-1.0,7.0,-2.0,7.0,-3.0,8.0,-4.0,8.0,-4.0,8.0,-6.0,9.0,-7.0,9.0,-8.0,9.0,-8.0,9.0,-8.0,9.0,-9.0,9.0,-9.0,9.0,-10.0,10.0,-11.0,10.0,-11.0,11.0,-11.0,11.0,-10.0,12.0,-11.0,12.0,-12.0,12.0,-12.0,13.0,-13.0,13.0,-14.0,13.0,-13.0,13.0,-13.0,13.0,-12.0,14.0,-12.0,14.0,-12.0,15.0,-12.0,15.0,-10.0,15.0,-8.0,15.0,-7.0
1.0,12.0,2.0,11.0,2.0,12.0,1.0,12.0,1.0,11.0,1.0,10.0,2.0,10.0,3.0,9.0,3.0,9.0,3.0,9.0,3.0,9.0,4.0,9.0,4.0,8.0,3.0,7.0,4.0,6.0,5.0,6.0,6.0,5.0,5.0,4.0,5.0,3.0,6.0,3.0,7.0,3.0,7.0,2.0,7.0,2.0,8.0,1.0,10.0,0.0,11.0,0.0,12.0,-2.0,12.0,-2.0,13.0,-3.0,13.0,-3.0,13.0,-3.0,13.0,-4.0,14.0,-5.0,15.0,-6.0,15.0,-6.0,16.0,-7.0,17.0,-6.0,16.0,-5.0,16.0,-6.0,18.0,-7.0,19.0,-7.0,20.0,-8.0,21.0,-9.0,21.0,-8.0,20.0,-8.0,20.0,-7.0,20.0,-7.0,20.0,-6.0,20.0,-5.0,21.0,-4.0,20.0,-2.0,20.0,-2.0
12.0,-3.0,11.0,-4.0,11.0,-5.0,12.0,-4.0,11.0,-4.0,10.0,-3.0,9.0,-4.0,8.0,-5.0,8.0,-5.0,8.0,-5.0,8.0,-5.0,8.0,-6.0,8.0,-6.0,7.0,-6.0,6.0,-6.0,5.0,-7.0,4.0,-7.0,4.0,-7.0,3.0,-7.0,3.0,-8.0,3.0,-8.0,2.0,-9.0,1.0,-9.0,0.0,-10.0,0.0,-11.0,0.0,-12.0,-3.0,-13.0,-2.0,-14.0,-3.0,-15.0,-4.0,-15.0,-3.0,-14.0,-4.0,-15.0,-5.0,-16.0,-5.0,-16.0,-6.0,-17.0,-7.0,-17.0,-6.0,-18.0,-5.0,-19.0,-5.0,-19.0,-6.0,-20.0,-7.0,-20.0,-7.0,-22.0,-7.0,-23.0,-7.0,-22.0,-6.0,-22.0,-6.0,-22.0,-5.0,-23.0,-4.0,-23.0,-3.0,-24.0,-2.0,-23.0,-1.0,-22.0,0.0,-21.0
3.0,12.0,4.0,11.0,4.0,11.0,4.0,11.0,3.0,10.0,3.0,10.0,4.0,9.0,4.0,8.0,4.0,8.0,5.0,8.0,5.0,8.0,6.0,8.0,6.0,7.0,5.0,7.0,6.0,6.0,7.0,5.0,7.0,4.0,7.0,3.0,7.0,2.0,7.0,2.0,8.0,2.0,8.0,1.0,8.0,1.0,9.0,-1.0,11.0,-1.0,12.0,-1.0,12.0,-4.0,13.0,-4.0,14.0,-5.0,14.0,-5.0,14.0,-5.0,14.0,-6.0,15.0,-7.0,15.0,-7.0,16.0,-8.0,17.0,-8.0,17.0,-8.0,17.0,-8.0,18.0,-8.0,19.0,-9.0,19.0,-10.0,20.0,-11.0,21.0,-11.0,21.0,-10.0,21.0,-10.0,21.0,-9.0,22.0,-9.0,22.0,-8.0,22.0,-8.0,22.0,-6.0,22.0,-4.0,21.0,-3.0
3.0,10.0,4.0,10.0,4.0,10.0,4.0,10.0,3.0,9.0,3.0,9.0,4.0,8.0,4.0,7.0,4.0,7.0,5.0,7.0,5.0,8.0,6.0,7.0,6.0,6.0,5.0,6.0,5.0,5.0,7.0,4.0,7.0,3.0,7.0,3.0,7.0,2.0,7.0,2.0,8.0,2.0,8.0,2.0,8.0,1.0,9.0,0.0,10.0,-1.0,11.0,-1.0,12.0,-3.0,13.0,-3.0,14.0,-4.0,14.0,-4.0,13.0,-4.0,14.0,-5.0,14.0,-6.0,15.0,-6.0,16.0,-7.0,17.0,-7.0,17.0,-7.0,17.0,-6.0,17.0,-7.0,18.0,-8.0,19.0,-8.0,20.0,-9.0,21.0,-9.0,21.0,-8.0,21.0,-8.0,21.0,-8.0,21.0,-7.0,21.0,-7.0,22.0,-6.0,22.0,-4.0,21.0,-2.0,20.0,-2.0
7.0,9.0,8.0,8.0,8.0,8.0,8.0,8.0,7.0,7.0,7.0,7.0,8.0,6.0,8.0,5.0,8.0,5.0,8.0,4.0,9.0,4.0,9.0,4.0,9.0,3.0,8.0,3.0,9.0,2.0,9.0,1.0,9.0,0.0,8.0,-1.0,8.0,-2.0,8.0,-2.0,9.0,-2.0,10.0,-3.0,9.0,-3.0,10.0,-5.0,11.0,-6.0,12.0,-6.0,12.0,-9.0,12.0,-10.0,13.0,-11.0,13.0,-11.0,13.0,-11.0,13.0,-12.0,13.0,-13.0,13.0,-13.0,14.0,-14.0,14.0,-15.0,15.0,-15.0,15.0,-14.0,15.0,-15.0,16.0,-16.0,17.0,-17.0,17.0,-18.0,18.0,-19.0,18.0,-18.0,18.0,-17.0,19.0,-17.0,19.0,-17.0,20.0,-16.0,20.0,-16.0,21.0,-15.0,21.0,-12.0,21.0,-11.0
-2.0,-11.0,-2.0,-11.0,-3.0,-11.0,-2.0,-11.0,-2.0,-11.0,-2.0,-10.0,-3.0,-9.0,-4.0,-9.0,-4.0,-8.0,-4.0,-8.0,-5.0,-9.0,-6.0,-8.0,-6.0,-8.0,-5.0,-7.0,-6.0,-7.0,-7.0,-6.0,-8.0,-6.0,-7.0,-5.0,-7.0,-4.0,-8.0,-4.0,-9.0,-4.0,-9.0,-4.0,-9.0,-3.0,-10.0,-2.0,-12.0,-2.0,-13.0,-2.0,-14.0,0.0,-15.0,0.0,-16.0,0.0,-15.0,1.0,-15.0,0.0,-16.0,1.0,-17.0,2.0,-17.0,2.0,-18.0,3.0,-19.0,3.0,-19.0,2.0,-19.0,2.0,-19.0,2.0,-20.0,2.0,-21.0,3.0,-22.0,4.0,-23.0,4.0,-23.0,3.0,-23.0,2.0,-23.0,2.0,-23.0,1.0,-23.0,1.0,-23.0,0.0,-23.0,-1.0,-22.0,-3.0,-22.0,-3.0
6.0,7.0,6.0,6.0,7.0,6.0,6.0,6.0,6.0,6.0,6.0,5.0,6.0,5.0,6.0,4.0,6.0,4.0,6.0,4.0,7.0,4.0,7.0,3.0,7.0,2.0,6.0,2.0,6.0,1.0,7.0,0.0,7.0,0.0,7.0,-1.0,7.0,-2.0,7.0,-2.0,7.0,-2.0,7.0,-2.0,7.0,-3.0,8.0,-4.0,9.0,-5.0,9.0,-5.0,9.0,-7.0,10.0,-8.0,10.0,-8.0,10.0,-8.0,10.0,-8.0,10.0,-9.0,10.0,-10.0,10.0,-10.0,11.0,-11.0,11.0,-12.0,12.0,-12.0,12.0,-11.0,12.0,-11.0,12.0,-12.0,13.0,-13.0,13.0,-14.0,14.0,-14.0,14.0,-13.0,14.0,-13.0,14.0,-12.0,15.0,-12.0,15.0,-12.0,15.0,-12.0,16.0,-11.0,15.0,-9.0,15.0,-8.0
-10.0,2.0,-10.0,3.0,-10.0,3.0,-10.0,3.0,-9.0,3.0,-8.0,3.0,-8.0,3.0,-7.0,4.0,-7.0,4.0,-7.0,4.0,-7.0,4.0,-7.0,5.0,-7.0,5.0,-7.0,5.0,-6.0,5.0,-5.0,6.0,-4.0,6.0,-4.0,6.0,-3.0,6.0,-3.0,7.0,-3.0,7.0,-3.0,8.0,-2.0,7.0,-2.0,8.0,-1.0,10.0,-1.0,10.0,1.0,11.0,0.0,12.0,1.0,12.0,1.0,12.0,1.0,12.0,2.0,13.0,2.0,13.0,2.0,13.0,3.0,14.0,4.0,14.0,3.0,15.0,2.0,15.0,2.0,16.0,2.0,16.0,3.0,17.0,4.0,17.0,4.0,18.0,3.0,18.0,3.0,17.0,3.0,17.0,2.0,18.0,1.0,18.0,0.0,18.0,-1.0,18.0,-2.0,17.0,-2.0,16.0
9.0,4.0,9.0,3.0,10.0,2.0,10.0,2.0,9.0,2.0,8.0,2.0,8.0,1.0,8.0,0.0,8.0,0.0,8.0,0.0,9.0,0.0,9.0,-1.0,8.0,-1.0,8.0,-1.0,7.0,-2.0,7.0,-3.0,7.0,-4.0,7.0,-4.0,6.0,-4.0,6.0,-5.0,7.0,-5.0,7.0,-5.0,6.0,-6.0,6.0,-7.0,7.0,-8.0,7.0,-8.0,6.0,-10.0,7.0,-11.0,7.0,-11.0,6.0,-11.0,6.0,-11.0,6.0,-12.0,6.0,-13.0,6.0,-13.0,6.0,-14.0,7.0,-14.0,7.0,-14.0,8.0,-14.0,8.0,-15.0,8.0,-15.0,7.0,-16.0,8.0,-17.0,8.0,-17.0,9.0,-16.0,9.0,-16.0,9.0,-16.0,9.0,-16.0,10.0,-16.0,11.0,-15.0,11.0,-14.0,11.0,-12.0,11.0,-11.0
12.0,0.0,12.0,-1.0,12.0,-2.0,12.0,-2.0,11.0,-1.0,10.0,-1.0,10.0,-2.0,9.0,-3.0,9.0,-3.0,10.0,-3.0,10.0,-3.0,10.0,-4.0,10.0,-5.0,9.0,-4.0,9.0,-4.0,8.0,-6.0,7.0,-6.0,7.0,-6.0,7.0,-7.0,7.0,-7.0,7.0,-7.0,7.0,-8.0,6.0,-8.0,6.0,-9.0,7.0,-10.0,7.0,-11.0,6.0,-13.0,7.0,-13.0,7.0,-14.0,6.0,-14.0,6.0,-13.0,6.0,-14.0,5.0,-15.0,5.0,-16.0,5.0,-16.0,5.0,-17.0,6.0,-17.0,7.0,-16.0,7.0,-17.0,7.0,-18.0,7.0,-18.0,7.0,-19.0,8.0,-20.0,8.0,-19.0,8.0,-19.0,9.0,-18.0,9.0,-18.0,10.0,-18.0,11.0,-18.0,12.0,-17.0,12.0,-15.0,12.0,-14.0
11.0,-6.0,11.0,-7.0,11.0,-8.0,11.0,-7.0,10.0,-6.0,9.0,-6.0,9.0,-7.0,8.0,-7.0,8.0,-7.0,8.0,-7.0,8.0,-8.0,8.0,-9.0,8.0,-9.0,8.0,-8.0,7.0,-8.0,6.0,-9.0,5.0,-10.0,4.0,-9.0,4.0,-9.0,4.0,-9.0,4.0,-10.0,4.0,-10.0,3.0,-10.0,2.0,-11.0,2.0,-13.0,2.0,-13.0,0.0,-14.0,1.0,-15.0,1.0,-16.0,0.0,-15.0,0.0,-15.0,0.0,-15.0,-1.0,-16.0,-1.0,-17.0,-1.0,-17.0,-2.0,-18.0,-1.0,-18.0,0.0,-18.0,0.0,-18.0,-1.0,-19.0,-1.0,-20.0,-2.0,-21.0,-1.0,-22.0,0.0,-21.0,0.0,-20.0,0.0,-20.0,1.0,-20.0,2.0,-21.0,3.0,-20.0,4.0,-20.0,5.0,-19.0,5.0,-18.0
-4.0,-12.0,-5.0,-12.0,-5.0,-12.0,-5.0,-12.0,-4.0,-11.0,-4.0,-11.0,-5.0,-10.0,-5.0,-9.0,-5.0,-9.0,-6.0,-9.0,-6.0,-10.0,-7.0,-10.0,-7.0,-9.0,-6.0,-8.0,-6.0,-8.0,-8.0,-8.0,-8.0,-7.0,-7.0,-6.0,-7.0,-6.0,-8.0,-6.0,-8.0,-6.0,-9.0,-6.0,-9.0,-5.0,-10.0,-5.0,-11.0,-5.0,-12.0,-5.0,-13.0,-4.0,-13.0,-4.0,-14.0,-4.0,-13.0,-4.0,-13.0,-4.0,-13.0,-3.0,-14.0,-3.0,-14.0,-3.0,-15.0,-3.0,-16.0,-3.0,-16.0,-3.0,-15.0,-4.0,-16.0,-3.0,-17.0,-3.0,-17.0,-4.0,-18.0,-3.0,-19.0,-3.0,-18.0,-4.0,-18.0,-5.0,-18.0,-5.0,-18.0,-6.0,-17.0,-6.0,-17.0,-6.0,-16.0,-7.0,-15.0,-8.0,-15.0,-8.0
10.0,-8.0,9.0,-8.0,9.0,-9.0,10.0,-8.0,9.0,-7.0,8.0,-7.0,7.0,-7.0,7.0,-7.0,7.0,-7.0,7.0,-7.0,7.0,-8.0,7.0,-9.0,6.0,-9.0,6.0,-8.0,6.0,-8.0,5.0,-9.0,4.0,-9.0,3.0,-9.0,3.0,-9.0,3.0,-9.0,4.0,-9.0,3.0,-10.0,2.0,-10.0,2.0,-10.0,2.0,-12.0,2.0,-12.0,0.0,-13.0,1.0,-14.0,0.0,-14.0,0.0,-14.0,0.0,-14.0,0.0,-14.0,0.0,-14.0,0.0,-15.0,-1.0,-15.0,-1.0,-16.0,-1.0,-16.0,0.0,-16.0,1.0,-16.0,0.0,-17.0,-1.0,-18.0,-1.0,-18.0,0.0,-19.0,1.0,-18.0,1.0,-18.0,1.0,-18.0,2.0,-18.0,3.0,-18.0,4.0,-17.0,4.0,-17.0,5.0,-16.0,5.0,-15.0
4.0,11.0,5.0,10.0,5.0,11.0,4.0,11.0,4.0,10.0,4.0,9.0,4.0,9.0,5.0,8.0,5.0,8.0,5.0,8.0,5.0,9.0,6.0,8.0,6.0,8.0,5.0,7.0,6.0,7.0,7.0,6.0,7.0,5.0,7.0,5.0,7.0,4.0,7.0,5.0,7.0,5.0,8.0,5.0,8.0,4.0,9.0,4.0,10.0,4.0,11.0,4.0,12.0,3.0,12.0,3.0,13.0,3.0,13.0,3.0,12.0,3.0,13.0,3.0,13.0,2.0,13.0,2.0,14.0,2.0,15.0,2.0,15.0,3.0,14.0,3.0,14.0,3.0,15.0,3.0,16.0,3.0,17.0,3.0,17.0,3.0,17.0,4.0,17.0,4.0,17.0,5.0,16.0,5.0,16.0,6.0,16.0,6.0,15.0,7.0,14.0,8.0,13.0,8.0
10.0,-9.0,9.0,-10.0,9.0,-10.0,10.0,-10.0,9.0,-9.0,8.0,-9.0,8.0,-9.0,7.0,-9.0,7.0,-9.0,7.0,-9.0,7.0,-10.0,6.0,-11.0,6.0,-10.0,6.0,-10.0,5.0,-10.0,4.0,-11.0,3.0,-11.0,2.0,-10.0,2.0,-10.0,2.0,-10.0,3.0,-11.0,2.0,-12.0,1.0,-11.0,0.0,-12.0,0.0,-14.0,0.0,-14.0,-2.0,-15.0,-2.0,-16.0,-2.0,-16.0,-2.0,-16.0,-2.0,-16.0,-2.0,-16.0,-3.0,-16.0,-3.0,-17.0,-4.0,-17.0,-4.0,-18.0,-4.0,-18.0,-2.0,-18.0,-2.0,-18.0,-3.0,-19.0,-4.0,-20.0,-4.0,-21.0,-4.0,-21.0,-3.0,-21.0,-3.0,-20.0,-2.0,-20.0,-1.0,-20.0,0.0,-21.0,1.0,-21.0,1.0,-20.0,2.0,-19.0,2.0,-18.0
2.0,7.0,2.0,6.0,2.0,6.0,2.0,6.0,1.0,6.0,1.0,5.0,2.0,5.0,2.0,5.0,2.0,5.0,2.0,5.0,3.0,5.0,3.0,5.0,3.0,4.0,3.0,4.0,3.0,4.0,4.0,4.0,4.0,3.0,4.0,3.0,4.0,2.0,4.0,2.0,4.0,2.0,4.0,2.0,4.0,2.0,5.0,2.0,6.0,2.0,7.0,2.0,7.0,1.0,7.0,1.0,8.0,1.0,8.0,1.0,7.0,1.0,8.0,1.0,8.0,1.0,8.0,1.0,9.0,1.0,9.0,1.0,9.0,1.0,9.0,1.0,9.0,1.0,9.0,1.0,10.0,1.0,10.0,1.0,11.0,1.0,10.0,2.0,10.0,2.0,10.0,2.0,10.0,2.0,10.0,2.0,10.0,2.0,9.0,3.0,9.0,4.0,8.0,4.0
12.0,3.0,12.0,2.0,13.0,1.0,13.0,2.0,12.0,2.0,11.0,2.0,10.0,1.0,10.0,0.0,10.0,0.0,10.0,-1.0,11.0,-1.0,11.0,-2.0,11.0,-2.0,10.0,-2.0,10.0,-3.0,9.0,-4.0,9.0,-5.0,8.0,-4.0,8.0,-5.0,8.0,-6.0,9.0,-6.0,9.0,-6.0,8.0,-7.0,8.0,-8.0,9.0,-10.0,10.0,-10.0,9.0,-12.0,10.0,-12.0,10.0,-13.0,9.0,-13.0,9.0,-12.0,9.0,-13.0,9.0,-14.0,9.0,-14.0,10.0,-15.0,10.0,-15.0,11.0,-15.0,11.0,-15.0,11.0,-15.0,12.0,-16.0,12.0,-16.0,12.0,-17.0,12.0,-17.0,12.0,-16.0,13.0,-16.0,13.0,-15.0,14.0,-15.0,14.0,-15.0,15.0,-15.0,15.0,-13.0,15.0,-11.0,15.0,-10.0
2.0,-14.0,1.0,-13.0,0.0,-13.0,1.0,-14.0,2.0,-13.0,1.0,-12.0,0.0,-11.0,-1.0,-11.0,-1.0,-11.0,-1.0,-11.0,-2.0,-12.0,-3.0,-12.0,-3.0,-11.0,-2.0,-11.0,-3.0,-10.0,-5.0,-10.0,-6.0,-10.0,-5.0,-9.0,-5.0,-9.0,-6.0,-9.0,-6.0,-9.0,-7.0,-9.0,-7.0,-9.0,-8.0,-9.0,-10.0,-10.0,-11.0,-10.0,-13.0,-9.0,-13.0,-10.0,-14.0,-10.0,-13.0,-10.0,-12.0,-10.0,-13.0,-9.0,-14.0,-9.0,-15.0,-10.0,-16.0,-10.0,-16.0,-10.0,-16.0,-11.0,-15.0,-12.0,-15.0,-12.0,-16.0,-12.0,-17.0,-12.0,-18.0,-12.0,-18.0,-13.0,-18.0,-13.0,-17.0,-13.0,-17.0,-13.0,-16.0,-14.0,-16.0,-14.0,-15.0,-15.0,-14.0,-15.0,-13.0,-16.0,-12.0,-15.0
-12.0,-3.0,-11.0,-2.0,-12.0,-2.0,-12.0,-2.0,-11.0,-3.0,-10.0,-2.0,-10.0,-1.0,-9.0,-1.0,-9.0,0.0,-10.0,0.0,-10.0,0.0,-10.0,1.0,-10.0,1.0,-9.0,1.0,-9.0,1.0,-9.0,3.0,-9.0,3.0,-8.0,3.0,-8.0,4.0,-8.0,4.0,-9.0,5.0,-8.0,5.0,-8.0,5.0,-8.0,7.0,-9.0,8.0,-9.0,8.0,-8.0,10.0,-9.0,10.0,-9.0,11.0,-9.0,11.0,-9.0,10.0,-9.0,11.0,-9.0,12.0,-9.0,12.0,-9.0,13.0,-9.0,13.0,-10.0,13.0,-10.0,12.0,-11.0,13.0,-11.0,13.0,-11.0,14.0,-11.0,15.0,-12.0,15.0,-12.0,14.0,-12.0,13.0,-12.0,13.0,-12.0,13.0,-13.0,13.0,-14.0,12.0,-14.0,11.0,-14.0,9.0,-14.0,8.0
-10.0,-6.0,-10.0,-5.0,-10.0,-5.0,-10.0,-5.0,-9.0,-5.0,-9.0,-5.0,-8.0,-4.0,-8.0,-3.0,-8.0,-3.0,-9.0,-3.0,-9.0,-3.0,-10.0,-2.0,-9.0,-1.0,-9.0,-2.0,-8.0,-1.0,-9.0,0.0,-9.0,0.0,-8.0,0.0,-8.0,1.0,-8.0,2.0,-9.0,2.0,-9.0,2.0,-9.0,2.0,-9.0,4.0,-10.0,4.0,-10.0,4.0,-10.0,6.0,-11.0,6.0,-11.0,7.0,-11.0,7.0,-11.0,7.0,-11.0,7.0,-11.0,8.0,-11.0,8.0,-12.0,9.0,-12.0,9.0,-13.0,8.0,-13.0,8.0,-13.0,8.0,-13.0,9.0,-13.0,9.0,-14.0,10.0,-15.0,10.0,-14.0,9.0,-14.0,9.0,-15.0,8.0,-15.0,8.0,-15.0,7.0,-16.0,7.0,-16.0,6.0,-15.0,4.0,-15.0,4.0
-10.0,-5.0,-10.0,-4.0,-11.0,-3.0,-11.0,-3.0,-10.0,-3.0,-9.0,-3.0,-9.0,-2.0,-9.0,-2.0,-8.0,-2.0,-9.0,-1.0,-9.0,-1.0,-9.0,-1.0,-9.0,0.0,-9.0,0.0,-8.0,0.0,-8.0,1.0,-8.0,2.0,-8.0,2.0,-7.0,3.0,-8.0,3.0,-8.0,3.0,-8.0,4.0,-8.0,4.0,-8.0,5.0,-8.0,6.0,-9.0,6.0,-8.0,8.0,-9.0,8.0,-10.0,9.0,-9.0,9.0,-9.0,8.0,-9.0,9.0,-9.0,10.0,-9.0,10.0,-9.0,10.0,-10.0,11.0,-10.0,10.0,-11.0,10.0,-11.0,10.0,-11.0,11.0,-11.0,11.0,-12.0,12.0,-12.0,12.0,-12.0,11.0,-12.0,11.0,-12.0,11.0,-13.0,10.0,-13.0,10.0,-14.0,10.0,-14.0,8.0,-14.0,7.0,-13.0,6.0
6.0,-8.0,6.0,-8.0,6.0,-8.0,6.0,-8.0,6.0,-8.0,5.0,-7.0,4.0,-7.0,3.0,-7.0,3.0,-7.0,3.0,-8.0,3.0,-8.0,2.0,-9.0,2.0,-9.0,2.0,-8.0,2.0,-8.0,0.0,-8.0,-1.0,-8.0,-1.0,-8.0,-1.0,-8.0,-1.0,-8.0,-1.0,-9.0,-2.0,-9.0,-2.0,-8.0,-3.0,-9.0,-4.0,-10.0,-5.0,-10.0,-7.0,-10.0,-6.0,-11.0,-7.0,-12.0,-7.0,-11.0,-6.0,-11.0,-7.0,-11.0,-8.0,-11.0,-8.0,-12.0,-9.0,-12.0,-9.0,-12.0,-9.0,-13.0,-8.0,-13.0,-8.0,-13.0,-9.0,-14.0,-9.0,-14.0,-10.0,-15.0,-10.0,-15.0,-10.0,-15.0,-10.0,-15.0,-9.0,-15.0,-8.0,-15.0,-7.0,-16.0,-7.0,-16.0,-6.0,-16.0,-5.0,-15.0,-5.0,-15.0
10.0,-6.0,10.0,-7.0,10.0,-8.0,10.0,-7.0,9.0,-7.0,8.0,-6.0,7.0,-6.0,6.0,-7.0,6.0,-7.0,6.0,-8.0,6.0,-8.0,6.0,-9.0,5.0,-9.0,5.0,-8.0,4.0,-8.0,3.0,-9.0,2.0,-9.0,2.0,-9.0,1.0,-9.0,1.0,-10.0,1.0,-10.0,1.0,-10.0,0.0,-10.0,-1.0,-11.0,-1.0,-12.0,-2.0,-13.0,-4.0,-13.0,-4.0,-15.0,-4.0,-15.0,-4.0,-15.0,-4.0,-15.0,-5.0,-15.0,-5.0,-16.0,-5.0,-16.0,-6.0,-16.0,-7.0,-17.0,-6.0,-18.0,-4.0,-18.0,-4.0,-18.0,-5.0,-19.0,-6.0,-19.0,-7.0,-20.0,-7.0,-21.0,-6.0,-20.0,-6.0,-20.0,-5.0,-20.0,-5.0,-20.0,-4.0,-20.0,-2.0,-21.0,-1.0,-20.0,0.0,-19.0,1.0,-18.0
7.0,7.0,8.0,6.0,8.0,6.0,8.0,6.0,7.0,6.0,7.0,5.0,7.0,4.0,7.0,3.0,7.0,3.0,7.0,3.0,8.0,3.0,8.0,2.0,8.0,2.0,7.0,1.0,7.0,1.0,7.0,0.0,7.0,-1.0,7.0,-1.0,7.0,-2.0,7.0,-2.0,8.0,-2.0,8.0,-3.0,8.0,-3.0,8.0,-4.0,9.0,-5.0,9.0,-5.0,9.0,-7.0,10.0,-8.0,10.0,-8.0,10.0,-8.0,10.0,-8.0,10.0,-9.0,9.0,-10.0,10.0,-10.0,10.0,-11.0,11.0,-11.0,11.0,-11.0,12.0,-10.0,12.0,-11.0,12.0,-11.0,12.0,-12.0,13.0,-13.0,13.0,-13.0,13.0,-12.0,13.0,-11.0,13.0,-11.0,13.0,-11.0,14.0,-11.0,15.0,-10.0,15.0,-9.0,14.0,-7.0,14.0,-6.0
3.0,-11.0,3.0,-11.0,2.0,-11.0,3.0,-11.0,3.0,-10.0,2.0,-9.0,1.0,-9.0,1.0,-9.0,0.0,-9.0,0.0,-9.0,0.0,-10.0,-1.0,-10.0,-1.0,-9.0,-1.0,-9.0,-1.0,-8.0,-3.0,-8.0,-4.0,-8.0,-3.0,-8.0,-4.0,-7.0,-4.0,-7.0,-4.0,-8.0,-5.0,-8.0,-5.0,-7.0,-6.0,-7.0,-7.0,-8.0,-8.0,-8.0,-10.0,-8.0,-10.0,-8.0,-11.0,-8.0,-11.0,-8.0,-10.0,-8.0,-11.0,-8.0,-11.0,-8.0,-12.0,-8.0,-13.0,-8.0,-14.0,-8.0,-14.0,-9.0,-13.0,-10.0,-13.0,-10.0,-14.0,-10.0,-15.0,-10.0,-16.0,-10.0,-16.0,-11.0,-15.0,-11.0,-15.0,-11.0,-14.0,-12.0,-14.0,-12.0,-13.0,-12.0,-12.0,-13.0,-11.0,-13.0,-10.0,-14.0,-10.0,-13.0
2.0,10.0,2.0,10.0,3.0,10.0,2.0,10.0,1.0,9.0,2.0,9.0,2.0,8.0,3.0,7.0,3.0,7.0,3.0,7.0,4.0,8.0,5.0,7.0,5.0,7.0,4.0,6.0,4.0,6.0,6.0,5.0,6.0,5.0,6.0,4.0,6.0,3.0,6.0,3.0,6.0,4.0,7.0,3.0,7.0,3.0,8.0,2.0,9.0,2.0,10.0,3.0,11.0,1.0,11.0,1.0,12.0,1.0,12.0,1.0,11.0,1.0,12.0,0.0,13.0,0.0,13.0,0.0,14.0,0.0,15.0,0.0,15.0,0.0,14.0,0.0,15.0,0.0,15.0,0.0,16.0,1.0,17.0,1.0,18.0,1.0,17.0,1.0,17.0,1.0,17.0,2.0,17.0,3.0,16.0,3.0,16.0,4.0,15.0,4.0,15.0,5.0,14.0,6.0
5.0,11.0,5.0,11.0,6.0,10.0,5.0,11.0,5.0,10.0,4.0,9.0,5.0,8.0,5.0,8.0,5.0,7.0,6.0,7.0,7.0,8.0,7.0,7.0,7.0,6.0,6.0,6.0,6.0,6.0,7.0,5.0,8.0,4.0,7.0,3.0,7.0,2.0,8.0,2.0,8.0,3.0,9.0,2.0,9.0,1.0,9.0,0.0,11.0,0.0,12.0,0.0,12.0,-1.0,13.0,-1.0,14.0,-2.0,14.0,-2.0,13.0,-2.0,14.0,-3.0,14.0,-3.0,15.0,-4.0,15.0,-4.0,16.0,-4.0,17.0,-4.0,16.0,-3.0,17.0,-3.0,18.0,-4.0,18.0,-4.0,19.0,-4.0,20.0,-4.0,20.0,-3.0,19.0,-2.0,19.0,-2.0,19.0,-1.0,19.0,-1.0,19.0,0.0,18.0,1.0,17.0,2.0,16.0,3.0
11.0,1.0,11.0,0.0,11.0,-1.0,11.0,0.0,10.0,0.0,9.0,0.0,9.0,-1.0,8.0,-1.0,8.0,-2.0,8.0,-2.0,9.0,-2.0,9.0,-3.0,9.0,-3.0,8.0,-3.0,8.0,-4.0,7.0,-5.0,7.0,-5.0,6.0,-5.0,6.0,-5.0,6.0,-6.0,6.0,-6.0,6.0,-6.0,5.0,-7.0,5.0,-8.0,6.0,-9.0,6.0,-9.0,4.0,-11.0,5.0,-11.0,5.0,-12.0,5.0,-12.0,5.0,-12.0,5.0,-13.0,4.0,-13.0,4.0,-13.0,4.0,-14.0,4.0,-14.0,5.0,-15.0,6.0,-15.0,6.0,-15.0,6.0,-16.0,5.0,-16.0,6.0,-17.0,6.0,-17.0,6.0,-17.0,6.0,-16.0,7.0,-16.0,7.0,-16.0,8.0,-16.0,9.0,-15.0,10.0,-14.0,10.0,-13.0,10.0,-11.0
10.0,3.0,11.0,2.0,11.0,2.0,11.0,3.0,10.0,3.0,9.0,2.0,9.0,2.0,9.0,1.0,9.0,1.0,9.0,1.0,10.0,0.0,10.0,0.0,9.0,-1.0,9.0,-1.0,8.0,-1.0,8.0,-2.0,8.0,-3.0,7.0,-3.0,7.0,-3.0,7.0,-4.0,7.0,-4.0,7.0,-4.0,7.0,-5.0,7.0,-6.0,8.0,-7.0,8.0,-7.0,7.0,-9.0,8.0,-9.0,8.0,-10.0,8.0,-10.0,8.0,-10.0,7.0,-11.0,7.0,-11.0,8.0,-12.0,8.0,-12.0,8.0,-13.0,8.0,-13.0,9.0,-12.0,9.0,-13.0,10.0,-13.0,10.0,-14.0,10.0,-15.0,11.0,-15.0,11.0,-14.0,11.0,-13.0,11.0,-13.0,11.0,-13.0,12.0,-13.0,12.0,-12.0,13.0,-11.0,13.0,-9.0,12.0,-8.0
13.0,1.0,13.0,0.0,14.0,-1.0,14.0,0.0,13.0,0.0,12.0,0.0,11.0,0.0,11.0,-1.0,11.0,-1.0,11.0,-1.0,12.0,-2.0,12.0,-2.0,11.0,-3.0,11.0,-2.0,10.0,-3.0,10.0,-4.0,9.0,-4.0,8.0,-4.0,8.0,-5.0,8.0,-5.0,9.0,-5.0,8.0,-6.0,8.0,-6.0,8.0,-8.0,9.0,-9.0,9.0,-9.0,8.0,-11.0,9.0,-11.0,9.0,-12.0,8.0,-12.0,8.0,-11.0,8.0,-12.0,8.0,-13.0,8.0,-13.0,8.0,-14.0,8.0,-14.0,9.0,-15.0,10.0,-14.0,10.0,-15.0,10.0,-15.0,10.0,-16.0,10.0,-16.0,11.0,-17.0,11.0,-16.0,11.0,-15.0,12.0,-15.0,12.0,-15.0,13.0,-14.0,14.0,-14.0,14.0,-13.0,14.0,-11.0,13.0,-10.0
4.0,-12.0,3.0,-12.0,3.0,-13.0,4.0,-13.0,4.0,-12.0,4.0,-11.0,3.0,-11.0,2.0,-11.0,2.0,-10.0,2.0,-10.0,2.0,-11.0,2.0,-12.0,1.0,-11.0,1.0,-10.0,1.0,-10.0,0.0,-11.0,-1.0,-10.0,-1.0,-9.0,-1.0,-9.0,-1.0,-9.0,-2.0,-10.0,-2.0,-10.0,-2.0,-9.0,-4.0,-10.0,-4.0,-11.0,-5.0,-12.0,-7.0,-11.0,-6.0,-12.0,-7.0,-12.0,-7.0,-12.0,-7.0,-11.0,-7.0,-11.0,-8.0,-11.0,-8.0,-12.0,-9.0,-12.0,-10.0,-12.0,-9.0,-13.0,-8.0,-13.0,-8.0,-13.0,-9.0,-14.0,-10.0,-14.0,-11.0,-15.0,-11.0,-16.0,-10.0,-15.0,-9.0,-15.0,-9.0,-15.0,-8.0,-16.0,-7.0,-16.0,-6.0,-16.0,-6.0,-16.0,-5.0,-16.0,-4.0,-15.0
-14.0,2.0,-14.0,3.0,-14.0,4.0,-15.0,3.0,-14.0,2.0,-13.0,2.0,-12.0,3.0,-11.0,4.0,-11.0,4.0,-12.0,4.0,-12.0,4.0,-12.0,5.0,-12.0,5.0,-11.0,4.0,-10.0,5.0,-10.0,6.0,-9.0,6.0,-8.0,6.0,-8.0,6.0,-8.0,7.0,-8.0,7.0,-8.0,8.0,-7.0,8.0,-7.0,9.0,-7.0,10.0,-7.0,10.0,-6.0,12.0,-7.0,13.0,-6.0,13.0,-6.0,13.0,-6.0,13.0,-5.0,14.0,-5.0,14.0,-5.0,14.0,-5.0,15.0,-4.0,15.0,-5.0,16.0,-6.0,15.0,-6.0,16.0,-6.0,17.0,-5.0,17.0,-5.0,18.0,-6.0,19.0,-6.0,18.0,-6.0,17.0,-7.0,17.0,-8.0,17.0,-8.0,17.0,-10.0,16.0,-10.0,16.0,-10.0,14.0,-10.0,13.0
-16.0,-3.0,-16.0,-2.0,-17.0,-1.0,-17.0,-2.0,-16.0,-3.0,-14.0,-3.0,-14.0,-2.0,-13.0,-1.0,-13.0,-1.0,-14.0,-1.0,-14.0,-1.0,-15.0,0.0,-14.0,1.0,-13.0,0.0,-13.0,1.0,-13.0,2.0,-12.0,3.0,-11.0,2.0,-11.0,3.0,-11.0,3.0,-11.0,4.0,-11.0,4.0,-11.0,5.0,-11.0,6.0,-12.0,7.0,-13.0,7.0,-12.0,10.0,-13.0,10.0,-13.0,11.0,-12.0,11.0,-12.0,10.0,-12.0,11.0,-12.0,12.0,-12.0,12.0,-12.0,12.0,-12.0,13.0,-13.0,13.0,-14.0,12.0,-14.0,13.0,-14.0,14.0,-14.0,14.0,-15.0,15.0,-16.0,16.0,-16.0,14.0,-15.0,13.0,-16.0,13.0,-16.0,12.0,-17.0,12.0,-18.0,11.0,-18.0,10.0,-17.0,8.0,-17.0,7.0
-12.0,8.0,-11.0,9.0,-11.0,9.0,-12.0,9.0,-12.0,8.0,-10.0,7.0,-9.0,8.0,-9.0,8.0,-8.0,8.0,-9.0,8.0,-9.0,9.0,-9.0,9.0,-9.0,9.0,-8.0,8.0,-8.0,8.0,-6.0,9.0,-5.0,9.0,-5.0,9.0,-4.0,9.0,-5.0,9.0,-5.0,9.0,-4.0,10.0,-4.0,10.0,-3.0,10.0,-3.0,12.0,-3.0,12.0,-1.0,13.0,-1.0,14.0,-1.0,14.0,-1.0,14.0,-1.0,14.0,0.0,14.0,0.0,14.0,0.0,15.0,1.0,15.0,1.0,16.0,0.0,16.0,-1.0,16.0,-1.0,16.0,0.0,17.0,1.0,18.0,1.0,19.0,0.0,19.0,0.0,19.0,0.0,19.0,0.0,18.0,-1.0,18.0,-2.0,18.0,-4.0,18.0,-5.0,17.0,-6.0,16.0,-6.0,15.0
